50
237 398 877 731 909 508 502 779 492 193 613 296 946 7 455 489 188 150 353 49 570 425 268 842 46 526 371 102 747 978 584 257 628 703 972 659 35 170 592 145 796 480 58 777 8 509 400 337 569 963 
10
473 349 492 691 979 256 213 726 97 281 
500
44 47
35 49
46 25
3 36
29 22
4 22
1 8
8 44
30 13
4 38
35 46
4 37
27 19
48 35
4 1
10 43
10 30
20 47
10 42
36 29
49 31
7 6
7 11
4 20
26 18
25 4
28 42
31 44
7 21
49 44
12 46
37 36
6 48
36 33
43 39
24 4
46 43
45 25
4 33
9 47
14 40
2 6
14 30
27 26
41 2
46 34
39 22
24 5
48 36
36 12
16 8
32 29
49 6
1 45
14 24
39 26
8 35
27 12
7 10
46 44
22 42
43 7
45 38
3 35
21 39
9 25
42 46
2 9
48 33
47 22
16 2
16 22
7 30
12 31
45 0
17 46
7 13
28 10
39 18
25 43
4 6
20 43
31 35
0 37
44 4
49 39
6 19
29 10
1 40
9 41
4 5
28 6
48 17
20 38
14 26
37 5
7 19
37 6
12 42
38 40
18 38
39 12
36 49
20 10
8 10
27 32
29 9
35 24
19 44
32 1
46 11
21 0
36 32
19 26
5 41
49 20
47 26
40 41
49 1
46 26
4 14
13 49
34 20
43 47
18 44
9 32
3 29
0 2
5 22
30 4
31 4
13 6
4 12
32 46
8 2
5 38
41 16
23 22
3 27
26 23
48 38
26 34
23 37
23 49
21 30
25 44
30 6
47 2
16 27
40 13
47 31
17 28
41 10
25 11
39 9
13 16
44 13
42 11
20 33
7 3
13 5
17 40
15 13
22 18
28 38
29 33
37 27
33 34
15 43
31 2
21 35
34 29
25 17
20 24
42 6
23 8
19 13
33 30
30 15
22 8
35 22
4 2
26 43
31 11
14 1
41 6
20 46
40 34
22 33
38 39
42 13
37 34
34 27
0 22
21 18
1 29
27 15
33 2
26 30
29 12
40 42
31 37
33 37
14 13
43 9
21 10
22 20
1 34
29 11
26 42
31 42
10 11
33 15
13 3
43 38
11 4
49 3
0 23
24 25
47 16
9 23
42 1
46 22
8 29
36 13
40 28
48 46
46 7
47 40
11 3
24 38
34 36
8 25
43 36
20 0
25 38
36 44
36 31
32 21
15 34
47 7
30 27
13 46
14 36
46 15
38 17
22 6
16 11
21 20
30 1
48 26
29 31
40 48
8 43
45 13
32 4
13 47
22 2
10 18
40 39
17 0
6 5
16 1
47 29
26 11
12 26
9 11
28 5
43 34
41 13
40 18
14 2
16 29
24 17
49 37
20 44
10 14
36 40
26 45
3 43
17 13
42 47
33 21
11 40
44 33
24 31
28 8
1 39
3 1
33 11
3 44
2 17
13 18
18 34
21 26
28 49
3 15
17 41
46 31
0 28
31 48
32 28
47 38
38 10
48 14
33 13
16 6
37 12
40 19
25 18
10 17
17 11
44 48
2 13
3 47
33 18
17 7
38 3
8 21
46 37
27 41
26 7
12 49
22 3
19 48
14 33
12 44
2 10
8 12
49 21
21 36
44 35
15 42
15 21
12 30
39 20
18 5
28 20
30 24
44 37
22 43
22 17
3 6
29 14
2 46
25 42
10 24
33 9
48 0
47 37
19 16
34 22
47 17
31 18
30 36
0 10
13 4
35 40
27 6
3 16
15 10
29 46
2 35
27 31
2 24
26 6
7 12
21 29
19 11
9 7
11 14
9 36
15 16
8 15
41 19
39 16
12 28
29 38
40 9
15 47
46 14
35 5
23 24
14 31
16 34
3 8
13 25
11 41
7 5
44 30
1 28
28 21
8 9
49 10
4 18
16 9
24 22
30 40
15 37
32 44
48 49
11 8
19 36
26 49
1 48
28 2
10 31
37 38
37 1
11 5
47 46
5 14
40 29
25 39
15 28
43 0
10 40
48 22
11 32
48 32
38 23
23 20
6 24
43 44
32 18
27 46
3 24
34 19
13 35
25 21
14 0
49 8
48 4
20 30
31 20
18 45
0 5
24 28
1 23
45 4
39 17
19 9
19 33
4 0
37 2
48 5
7 2
33 23
25 40
48 34
46 18
41 45
34 2
36 47
46 9
38 36
41 37
37 40
0 24
24 49
29 30
0 11
27 36
36 0
34 39
46 36
1 43
38 21
3 26
16 4
16 23
1 20
21 42
41 20
36 8
5 23
8 30
23 13
12 18
44 28
6 40
6 29
34 24
29 17
41 42
41 33
19 14
5 39
41 49
44 7
34 44
35 47
25 27
27 49
19 8
10 13
21 13
3 5
1 26
0 18
