50
314 928 667 290 568 585 596 47 882 688 36 368 153 680 596 443 887 973 520 7 24 432 387 932 957 831 328 656 191 955 473 104 861 107 983 527 624 71 497 639 955 861 758 205 250 954 454 434 237 185 
10
131 139 887 295 747 223 998 374 185 772 
500
6 44
21 35
31 22
32 21
27 17
12 19
5 17
29 6
2 18
11 27
47 22
14 2
22 23
8 45
20 8
30 45
15 5
7 21
11 7
10 9
14 40
48 28
16 5
10 13
38 15
38 23
21 17
26 1
27 33
4 32
13 32
26 19
30 8
34 0
6 40
37 16
18 25
36 42
45 36
39 4
30 28
7 15
6 14
47 9
14 0
34 18
16 43
32 20
16 38
46 24
33 20
13 40
35 18
27 15
38 44
21 44
15 3
11 25
10 41
4 47
40 45
42 2
23 15
23 34
11 33
7 18
29 34
4 44
29 22
1 17
46 36
8 11
4 35
36 4
15 4
35 2
21 37
13 34
39 26
18 8
8 13
11 28
20 31
21 30
1 8
49 11
27 7
16 47
23 32
17 9
10 37
48 27
19 13
6 25
49 46
5 41
18 30
12 10
29 25
32 7
9 8
40 25
31 1
43 28
40 42
11 36
2 36
42 19
20 24
21 34
31 17
0 31
33 7
41 24
11 31
18 1
16 11
34 7
29 32
40 20
1 12
34 12
46 20
42 49
6 23
49 30
3 7
20 4
47 32
46 34
30 35
29 4
18 6
47 46
39 19
30 37
41 27
22 41
36 26
32 26
27 21
21 15
35 10
4 14
21 9
24 5
14 38
17 39
1 6
10 47
6 2
22 7
6 8
14 25
26 48
10 25
16 8
39 9
31 36
48 39
25 2
8 31
10 18
30 9
15 11
5 12
28 49
43 26
32 6
47 36
31 43
22 36
26 17
29 3
24 3
8 35
24 13
35 24
20 1
1 23
44 18
42 21
45 11
38 18
23 3
20 11
36 1
35 28
44 23
26 47
26 9
42 5
10 49
22 34
37 48
12 2
25 12
42 48
25 19
4 13
47 43
3 39
35 13
16 27
34 19
18 41
46 11
19 29
49 7
33 14
3 2
16 36
4 40
43 13
14 47
33 44
1 29
16 14
21 13
19 37
16 46
27 19
30 36
49 22
35 1
32 28
24 36
25 15
28 10
39 33
28 3
1 7
30 6
44 19
25 49
43 21
11 14
26 3
18 46
12 20
30 19
40 28
28 33
5 10
31 6
1 15
34 24
26 42
48 20
30 2
31 35
10 39
5 37
26 33
37 3
29 43
2 4
48 30
27 18
43 48
28 39
27 0
20 29
23 45
21 1
30 5
45 43
8 43
12 24
41 34
47 41
13 33
39 34
8 21
23 33
39 22
13 26
5 35
41 35
41 9
11 17
41 48
38 42
8 46
33 21
8 5
22 44
27 22
2 24
29 28
48 31
47 27
41 28
49 2
33 19
17 10
34 33
42 3
46 7
4 23
37 47
25 21
1 41
18 43
23 18
1 11
32 5
28 1
12 0
46 19
15 31
41 4
8 44
5 38
26 14
18 0
36 27
3 4
0 16
46 2
49 6
13 25
1 37
32 8
32 44
44 47
28 13
46 12
20 16
33 42
16 39
6 26
6 43
13 42
15 24
38 6
17 49
39 38
0 42
5 36
49 43
3 18
39 14
32 45
39 18
25 33
20 45
38 35
13 27
1 22
25 44
15 2
23 24
10 22
11 3
48 7
43 15
42 11
12 48
16 17
41 20
18 40
38 36
24 30
2 0
0 33
22 45
13 12
11 40
19 11
10 2
49 21
21 47
43 30
28 37
16 7
25 45
48 17
14 24
46 32
6 12
47 11
4 26
26 24
16 4
7 8
44 26
45 21
49 41
45 13
43 42
9 1
20 26
7 38
0 17
34 17
34 44
12 30
2 9
17 18
2 48
1 38
19 16
19 31
6 7
2 45
22 48
41 42
8 10
48 44
39 2
13 46
1 2
28 15
17 6
9 0
12 9
12 15
38 13
2 22
4 49
28 14
31 44
23 46
19 18
42 8
29 2
13 47
28 16
5 48
11 39
49 9
49 48
31 2
42 1
22 30
34 35
25 39
11 23
35 27
11 34
49 38
38 41
29 16
15 37
12 47
9 6
27 31
16 26
34 2
38 10
22 5
49 14
8 24
27 26
28 26
41 3
24 22
31 46
25 3
47 49
45 46
7 40
35 48
24 4
43 17
41 7
17 40
31 32
23 31
46 28
4 7
11 26
6 37
14 10
48 1
2 5
31 21
30 27
24 38
34 43
41 45
0 48
43 46
47 6
43 4
35 16
7 47
42 22
26 0
39 13
10 43
3 14
8 19
45 6
34 10
2 27
47 20
3 16
35 23
