50
170 110 752 80 499 99 640 14 731 369 927 287 530 473 525 217 54 188 93 89 810 206 634 625 416 284 258 438 909 92 418 549 113 357 708 119 222 898 470 158 729 270 585 786 771 460 35 991 271 585 
10
906 304 760 812 453 191 65 207 919 994 
500
47 4
11 17
1 4
46 0
11 10
12 10
42 31
41 33
3 6
25 39
36 5
40 29
49 39
24 14
40 21
23 34
1 43
38 37
0 22
18 32
2 11
47 11
25 34
1 36
1 20
1 41
34 24
13 33
19 9
26 49
48 42
8 30
30 7
47 8
41 19
27 12
28 29
23 36
45 24
10 46
47 48
38 18
19 25
14 33
3 31
1 21
9 16
28 19
36 40
12 9
34 6
29 1
31 20
18 48
3 46
11 27
2 30
32 16
24 27
39 36
13 6
27 28
31 18
36 45
9 24
28 3
19 13
1 44
28 47
38 34
12 33
13 32
18 2
20 5
16 19
13 1
0 41
27 17
36 42
20 24
46 24
45 40
37 33
33 20
4 49
14 36
2 15
2 23
13 15
23 42
31 15
31 27
13 17
49 9
47 16
2 40
22 17
37 34
36 3
34 36
40 47
40 33
18 0
4 11
17 48
23 15
14 38
33 26
42 47
21 9
18 3
8 1
10 15
15 35
1 27
16 11
37 28
41 14
32 30
22 37
42 29
7 13
24 17
45 46
34 17
16 17
32 37
45 38
23 27
18 10
26 7
4 12
26 27
16 42
49 45
22 34
47 15
5 46
42 30
13 4
34 16
12 35
12 15
25 20
32 38
45 44
31 45
9 37
0 5
21 31
23 21
43 30
35 44
28 12
20 38
10 34
26 31
0 3
24 41
4 14
44 24
31 30
3 13
8 40
35 37
11 23
40 10
5 42
23 30
41 28
30 14
41 7
2 32
17 12
36 32
42 24
17 37
26 10
5 34
37 4
22 19
24 19
49 48
23 3
30 22
6 39
22 49
27 47
49 38
47 13
25 18
1 6
49 12
43 21
38 19
21 35
34 44
0 14
25 6
27 19
4 36
23 22
5 45
19 35
0 32
30 5
41 43
49 11
14 6
6 10
32 10
48 27
46 29
1 18
21 5
12 41
31 16
11 36
48 30
14 18
6 18
24 35
46 37
11 30
31 19
47 9
27 49
43 19
45 48
36 7
6 31
12 11
40 7
48 23
30 1
18 28
40 13
39 14
36 41
10 42
2 8
26 5
5 35
41 37
0 16
46 48
24 18
34 9
4 35
49 5
18 20
14 1
43 31
28 2
3 29
44 49
12 6
19 1
45 8
48 8
5 41
3 35
13 22
40 14
34 11
16 27
33 31
1 5
9 40
2 29
11 29
20 48
11 28
22 11
35 13
46 6
17 49
47 6
1 48
12 30
34 26
48 31
25 12
17 45
1 16
7 0
33 27
21 45
9 22
31 7
23 7
6 30
9 29
25 46
4 28
20 47
1 39
8 42
12 40
21 30
6 22
6 20
43 38
14 20
30 3
46 47
43 23
15 34
11 20
21 44
38 17
10 30
29 38
35 45
8 31
25 13
43 13
45 10
1 42
46 16
41 3
3 5
15 39
25 41
41 15
19 44
31 38
26 4
22 43
32 12
11 3
48 22
20 8
49 3
39 2
47 41
44 16
38 8
9 11
29 41
5 47
6 32
42 26
0 36
31 41
48 10
34 19
45 20
40 34
3 44
19 11
19 8
14 9
7 2
26 24
34 28
31 36
41 13
41 42
5 16
21 37
4 9
1 25
12 29
46 33
11 45
7 34
24 49
35 9
1 17
28 20
13 16
42 21
31 22
32 26
9 6
20 42
43 12
31 49
2 27
24 8
8 29
22 4
35 27
10 1
34 18
1 40
23 39
4 32
39 26
2 42
40 37
41 22
6 15
13 44
31 46
17 5
21 46
46 39
19 2
35 28
41 40
40 32
44 43
16 43
15 19
4 21
5 40
0 6
44 28
11 46
8 23
29 13
28 1
38 3
34 47
28 43
25 35
13 21
17 32
41 9
29 30
45 34
42 49
13 18
2 9
7 1
14 26
39 8
27 7
42 39
34 4
29 31
40 0
31 1
1 3
19 17
0 42
16 23
46 42
25 45
35 14
34 3
24 12
14 27
5 11
5 10
12 7
39 31
19 5
37 12
24 43
35 17
30 46
24 2
28 5
31 40
11 44
36 22
7 39
17 10
22 45
29 19
26 30
13 5
36 26
24 40
47 35
12 36
38 39
21 24
0 26
32 19
25 15
30 40
25 47
35 42
7 22
8 17
38 28
7 17
34 1
44 38
45 7
8 37
39 11
25 48
33 25
35 38
34 39
12 26
22 5
19 37
12 19
32 41
1 22
30 33
42 43
11 25
27 13
