50
525 234 740 609 258 494 414 366 516 119 406 464 581 860 422 458 570 869 125 268 47 782 912 453 241 537 944 389 222 137 102 72 504 600 88 890 831 882 875 867 605 685 898 294 806 763 650 514 126 957 
10
21 135 993 622 223 246 4 555 120 958 
500
29 2
15 12
5 22
38 24
13 48
45 49
32 45
41 11
35 18
32 0
44 4
41 33
7 40
26 9
24 2
26 42
8 24
14 23
46 44
41 19
1 4
32 5
21 0
46 48
1 40
16 33
31 46
29 21
36 30
3 22
7 29
9 15
15 24
18 49
2 5
6 43
45 26
5 31
18 23
17 6
4 2
22 40
48 29
35 49
20 21
36 40
30 19
32 39
27 49
40 26
3 27
12 17
45 36
18 28
31 7
17 30
39 40
19 17
2 34
28 16
0 31
11 28
12 0
34 27
47 7
39 17
38 4
34 22
34 26
47 13
45 43
43 31
37 25
47 12
42 34
5 42
31 26
3 40
48 32
13 14
10 20
32 18
20 4
23 49
34 10
2 15
46 30
22 36
12 6
37 18
38 19
18 44
7 38
0 44
24 40
14 2
24 26
46 26
1 6
10 35
46 21
31 16
3 26
15 5
32 20
19 32
11 33
47 29
38 13
4 47
35 27
40 10
2 25
33 36
1 25
4 28
35 15
37 1
24 19
37 17
3 10
19 47
49 41
27 6
33 9
25 40
43 38
10 7
36 28
40 49
0 39
11 15
4 37
17 34
19 25
46 0
28 48
22 17
23 25
14 26
8 3
12 4
23 13
45 11
30 31
45 33
48 27
27 4
25 34
16 48
35 45
32 24
38 5
7 9
11 39
9 8
43 41
15 41
31 3
17 1
7 20
12 13
4 10
36 23
14 19
17 28
1 13
47 1
5 41
49 8
44 15
34 21
8 46
13 44
25 20
24 45
13 19
29 28
12 2
6 21
44 8
38 42
34 15
25 32
38 39
15 10
1 10
4 14
27 26
11 4
10 24
12 33
13 31
45 6
23 27
2 9
17 11
3 14
36 26
25 26
39 27
18 9
34 14
17 4
14 22
40 20
23 20
15 39
40 12
41 29
36 32
46 6
49 32
28 39
16 40
9 5
32 31
26 4
7 19
28 19
42 35
39 47
20 1
21 4
18 14
15 17
13 24
42 45
33 8
22 49
47 9
32 44
5 36
27 17
32 40
35 23
48 43
12 27
35 38
12 5
10 8
2 13
49 21
31 9
41 35
20 2
30 9
48 44
8 14
33 2
19 10
47 21
29 20
44 40
26 32
40 17
15 25
24 21
15 48
30 0
38 2
7 42
47 0
31 44
27 18
33 6
27 20
0 40
34 13
28 27
47 16
25 44
31 2
45 5
3 30
30 42
46 43
16 3
25 27
35 12
34 38
25 0
14 20
24 33
15 20
14 29
24 31
0 48
7 1
44 3
18 36
6 14
2 19
30 34
33 19
20 31
45 39
45 3
19 11
29 19
49 33
37 31
48 38
8 25
21 36
20 28
18 48
10 0
11 27
44 41
9 38
32 42
48 22
19 4
15 6
28 22
6 2
44 42
13 6
14 37
22 31
3 0
29 38
27 24
17 16
31 18
19 45
44 37
33 14
1 49
16 39
19 1
13 5
46 5
5 24
23 30
3 12
31 10
23 29
44 14
33 20
26 21
19 16
39 30
21 2
11 43
7 49
26 20
41 1
20 41
45 48
1 45
21 33
33 39
48 4
24 46
7 24
15 18
27 45
1 24
44 26
30 27
21 16
16 18
9 10
41 36
18 26
47 3
27 38
25 38
3 19
45 13
29 11
21 14
43 14
45 29
29 13
40 5
35 33
45 21
0 24
20 35
42 36
5 30
0 19
47 6
36 11
31 8
13 30
44 24
38 1
22 2
17 26
23 42
46 2
35 26
41 8
26 6
49 37
23 31
28 32
23 39
30 26
30 29
14 41
41 22
26 15
13 18
10 18
13 37
43 10
16 13
15 21
35 13
6 18
33 7
10 38
30 43
38 41
28 10
41 21
38 8
34 33
20 6
7 5
42 49
23 9
35 2
9 35
40 23
6 7
0 14
20 36
3 35
31 49
26 16
37 27
38 33
6 44
42 31
28 47
15 27
35 28
44 30
47 2
16 29
24 11
15 19
48 23
22 47
27 29
39 31
9 44
42 9
11 48
46 45
29 43
38 6
4 29
46 15
43 21
37 11
11 23
13 17
22 11
24 9
3 48
34 28
39 43
16 49
41 10
13 26
39 42
28 40
17 9
38 45
1 42
47 34
22 6
5 28
8 16
3 41
47 46
18 2
17 46
20 46
39 36
9 6
45 9
24 12
31 38
31 40
25 33
1 26
23 33
32 12
43 36
40 37
11 38
45 14
