50
449 696 923 483 185 570 595 222 194 405 34 881 108 567 726 381 843 857 155 673 792 442 174 79 295 917 854 202 281 910 514 172 90 395 819 444 363 109 626 142 217 932 375 788 838 191 900 325 570 242 
10
615 159 546 129 226 800 612 85 938 494 
500
8 21
46 0
14 41
13 34
25 45
27 28
21 24
11 22
15 33
49 2
9 6
30 42
0 17
37 49
43 34
46 40
34 45
4 31
45 47
20 4
2 44
17 27
39 24
41 23
34 4
3 23
38 23
36 29
1 41
1 20
28 2
36 39
21 26
48 40
24 3
2 3
1 45
30 14
3 8
29 23
16 21
33 3
17 37
7 11
13 41
2 4
29 24
40 35
8 10
5 29
11 39
26 38
12 14
36 18
2 36
28 41
13 49
14 47
13 28
43 4
49 43
20 15
4 35
16 41
37 10
33 49
37 6
41 33
2 1
39 19
38 4
11 12
42 19
38 8
17 25
39 47
45 41
32 18
6 22
7 24
2 24
0 32
41 39
13 43
25 41
13 40
8 28
26 32
45 12
44 12
44 29
15 7
35 41
44 46
26 40
0 39
44 35
12 9
32 2
11 2
3 12
16 31
21 41
4 29
39 10
21 49
18 42
40 43
32 6
36 9
41 30
24 16
26 10
29 31
16 10
44 22
41 38
13 22
1 34
2 8
38 12
20 26
36 19
41 17
20 43
18 48
48 20
32 40
42 33
38 47
25 24
11 21
16 6
26 29
17 15
43 11
9 44
7 44
22 48
6 39
2 15
19 33
1 27
33 26
15 13
35 16
19 47
33 8
9 22
39 15
31 23
31 42
10 35
43 27
47 33
26 8
23 2
9 33
30 18
41 47
19 14
21 2
49 45
4 48
41 24
44 33
21 47
25 26
0 31
32 46
13 21
25 0
10 41
13 37
17 40
5 48
47 27
17 24
1 15
28 43
3 4
5 20
30 21
8 39
11 48
41 27
49 3
49 1
36 41
35 47
21 48
44 8
20 46
35 45
28 32
30 28
38 27
12 48
32 27
45 40
4 23
11 1
16 37
29 40
43 32
11 33
15 32
49 10
13 48
37 47
22 4
21 12
26 31
41 0
4 45
4 5
20 2
23 40
28 45
17 5
26 4
20 39
6 30
31 17
27 5
16 45
5 39
6 33
48 29
35 11
39 42
25 31
10 24
24 9
1 25
31 49
38 46
48 2
31 28
0 22
4 13
5 42
4 41
16 26
40 36
14 20
9 7
15 46
36 34
18 35
43 41
20 10
28 12
27 48
23 8
1 30
10 38
13 27
34 2
48 38
6 21
2 12
34 14
6 41
30 4
17 4
14 0
28 1
19 30
44 37
40 21
30 47
8 42
12 17
36 27
29 49
22 10
32 47
2 6
4 16
15 12
42 7
24 6
19 46
28 4
13 11
30 7
3 21
31 32
22 26
35 6
26 12
24 49
34 9
43 45
29 17
43 15
48 34
5 22
47 12
25 39
28 24
44 31
41 44
5 36
44 38
30 35
42 4
23 32
42 40
0 47
10 43
13 23
37 41
18 31
12 30
15 35
6 10
8 20
37 29
35 17
38 2
45 13
47 18
11 15
10 36
23 46
46 35
39 34
37 2
40 34
43 19
30 36
38 14
44 16
42 41
8 46
26 28
46 49
44 27
49 34
36 32
49 20
38 37
24 43
26 41
12 41
13 35
10 5
31 24
10 17
48 33
0 15
28 15
9 10
34 32
47 13
10 31
46 6
6 19
17 26
21 27
45 11
10 46
45 24
46 21
11 36
42 29
30 34
9 30
49 18
25 48
1 19
28 10
13 9
20 21
36 20
29 10
31 35
20 24
28 0
46 36
1 7
41 31
13 26
14 21
40 1
13 30
31 7
28 40
44 18
10 0
18 11
19 8
7 48
5 25
35 22
44 11
3 39
15 48
48 42
24 26
26 18
25 2
16 30
43 8
27 2
5 3
20 38
31 34
1 18
20 45
39 31
22 1
8 47
47 29
12 20
41 40
20 34
29 35
46 37
25 18
48 17
39 17
7 16
24 44
23 28
18 12
13 12
14 27
17 21
34 47
21 42
21 18
20 25
10 42
36 42
16 29
39 49
13 7
30 37
1 29
9 35
5 34
46 41
34 17
39 13
18 0
17 9
36 21
0 42
19 28
0 33
9 47
18 24
6 40
7 12
36 17
11 10
33 16
40 15
11 30
35 12
36 38
4 6
29 6
14 44
11 17
27 9
6 13
45 37
6 5
10 48
3 43
35 48
25 21
48 19
49 47
15 29
22 43
31 21
13 29
37 33
10 3
7 29
9 41
6 47
3 15
18 37
21 29
4 25
7 49
9 43
42 34
30 45
9 28
42 11
48 44
39 21
6 7
