50
450 579 118 104 23 802 500 455 436 944 485 989 290 656 643 65 426 475 113 110 149 294 750 937 915 721 713 131 662 926 804 54 815 2 195 662 85 156 395 64 804 166 571 676 231 708 901 135 28 93 
10
893 177 14 848 271 613 999 246 259 450 
500
16 41
19 20
27 47
49 29
29 20
8 14
26 10
39 31
2 14
30 23
14 49
34 39
33 9
9 38
15 27
22 45
1 11
48 33
44 13
44 7
28 45
14 7
31 17
42 0
41 1
29 6
29 9
36 40
48 39
6 17
41 31
43 12
24 22
45 47
41 18
39 25
16 29
49 28
48 5
0 3
10 29
42 2
11 7
19 21
8 26
20 24
42 9
3 1
21 31
15 44
11 35
15 42
20 33
34 30
6 3
22 18
15 5
44 0
40 19
28 48
18 43
33 4
11 33
15 45
21 9
24 35
32 6
23 9
8 39
16 4
27 31
3 47
11 43
44 21
46 42
38 7
35 19
40 7
13 25
44 41
38 2
4 48
37 49
24 23
48 0
23 32
31 16
23 39
26 23
44 35
37 15
31 46
33 41
32 48
4 27
39 37
20 0
32 46
3 35
10 48
6 10
26 47
18 29
36 21
18 7
30 38
20 43
1 12
34 4
5 7
44 10
35 43
23 49
26 1
17 42
9 34
10 36
14 4
41 47
14 42
28 43
29 7
35 38
22 3
32 34
49 4
44 16
6 36
18 9
39 30
45 33
9 40
32 24
30 43
32 37
26 35
46 11
12 16
43 15
24 16
24 42
29 33
37 0
40 23
20 36
41 38
6 39
12 20
18 23
34 7
37 18
38 19
11 8
19 14
28 39
36 48
8 20
41 7
42 45
5 32
16 5
9 0
43 4
24 25
19 37
31 6
43 32
40 24
49 32
31 9
5 38
30 4
35 14
13 30
37 1
37 30
42 19
1 36
11 48
8 32
6 27
8 35
15 6
6 19
31 1
40 1
26 32
45 4
5 30
12 27
39 4
13 39
41 36
11 42
36 17
47 18
0 18
5 3
29 44
7 8
17 38
9 25
24 30
44 22
17 20
13 2
17 22
47 28
26 33
44 20
45 10
30 27
6 26
47 0
1 49
18 10
11 3
13 18
27 26
35 18
23 46
15 17
40 16
45 29
29 36
47 19
44 25
25 26
9 16
45 18
38 37
33 42
48 31
4 19
38 26
35 0
38 22
0 19
46 13
29 26
39 43
12 3
31 37
31 40
10 5
9 8
40 27
16 11
20 13
6 25
0 4
43 3
21 11
35 22
45 12
6 2
47 35
7 15
3 17
19 9
6 43
27 44
26 19
15 19
37 3
18 5
43 49
39 36
12 18
44 45
11 19
8 6
20 31
24 29
13 37
41 46
47 40
38 29
41 5
34 11
24 10
49 21
19 28
16 47
5 24
33 37
39 12
14 41
4 24
21 22
0 39
25 36
18 48
49 20
26 16
4 37
17 35
7 19
47 46
29 37
22 27
23 43
40 18
2 25
0 41
13 27
31 35
43 33
13 23
21 14
27 35
41 4
44 14
25 14
28 18
28 21
23 28
24 31
14 0
48 12
49 42
36 16
26 14
27 10
11 17
27 36
46 9
18 32
1 45
31 2
20 46
47 33
14 3
31 49
15 31
42 6
4 6
16 20
26 18
4 32
30 35
26 21
5 6
26 43
18 15
21 5
15 8
8 23
16 22
39 24
28 2
20 35
46 2
18 11
7 26
28 22
28 29
7 4
46 15
29 1
0 25
35 37
29 3
12 30
38 1
34 3
9 35
42 5
48 43
38 6
33 28
16 39
17 37
36 9
45 30
34 1
11 24
1 21
16 13
22 41
1 43
13 9
6 47
30 29
32 29
35 32
48 45
30 22
5 0
46 43
44 38
18 38
8 29
22 11
35 23
10 11
48 8
37 36
38 36
23 27
12 38
34 12
29 31
14 10
21 6
3 4
14 34
29 23
3 27
41 17
27 46
32 3
21 30
47 29
0 8
30 8
1 16
1 35
30 14
46 28
1 24
49 18
46 21
3 13
37 8
8 18
19 33
27 48
41 29
13 33
27 0
25 41
25 42
10 37
42 39
1 46
29 14
45 2
34 0
14 16
47 17
42 44
16 0
14 45
44 2
36 44
38 20
9 37
45 9
20 30
3 15
44 47
35 7
12 26
34 2
4 42
2 9
48 44
34 33
28 34
32 21
19 16
31 5
28 3
6 13
34 27
8 22
11 39
24 17
6 16
31 23
11 49
23 36
41 32
22 2
23 42
5 9
16 8
47 11
0 6
26 40
41 21
31 11
21 42
43 0
24 47
7 28
45 11
8 17
23 3
22 47
23 25
25 19
11 40
20 21
30 36
28 5
34 23
26 28
43 42
