50
165 287 284 549 462 619 921 129 869 248 709 381 811 203 198 670 171 95 868 544 955 71 845 829 744 368 532 357 169 531 880 692 305 784 497 821 444 430 255 36 933 10 670 507 466 483 494 812 951 489 
10
414 186 543 863 421 598 955 973 625 254 
500
24 26
10 23
30 5
3 6
30 21
40 34
44 23
11 15
33 47
40 12
34 14
45 28
25 21
33 24
46 35
46 13
28 31
11 34
17 19
26 5
6 10
46 16
3 27
4 40
30 49
4 12
24 18
10 35
31 5
32 8
3 14
18 48
29 41
9 15
5 48
21 20
21 40
22 34
34 1
45 12
5 40
22 21
10 36
7 16
49 35
38 9
4 0
19 8
42 4
46 8
6 9
9 16
41 21
26 43
25 32
37 38
39 42
42 10
6 44
15 35
47 34
22 16
43 13
14 1
23 11
35 8
48 28
27 6
41 27
33 39
9 34
22 25
27 15
13 2
29 42
43 9
13 48
44 13
20 9
29 38
26 48
31 21
28 37
12 14
13 25
16 41
23 14
40 38
11 31
12 1
45 19
19 38
17 49
2 8
26 16
28 4
24 9
15 19
24 34
16 43
39 47
13 39
34 27
49 16
11 6
31 30
40 24
47 23
14 4
30 1
8 38
37 4
42 8
8 6
29 21
40 26
17 20
3 36
22 20
17 6
19 14
7 34
33 15
9 47
7 28
48 47
20 31
10 3
26 47
41 37
7 38
11 19
33 40
31 18
8 11
4 19
11 38
7 19
21 43
28 41
36 23
36 16
46 19
16 12
30 33
30 16
47 43
33 38
32 40
20 28
38 47
40 7
10 45
32 46
28 13
22 45
0 31
37 33
34 49
4 34
45 42
40 9
35 13
32 18
38 3
20 43
45 17
33 4
32 1
12 30
46 49
25 41
13 31
25 37
4 22
39 5
23 38
28 33
3 15
38 41
39 34
25 33
25 12
42 11
16 37
38 21
42 31
2 49
13 17
16 38
45 21
49 39
28 15
19 49
17 3
15 18
22 2
2 26
24 30
27 0
6 12
13 6
35 34
14 22
33 49
4 25
20 4
0 2
44 28
32 7
31 4
40 39
49 45
2 19
4 1
2 37
24 19
44 47
34 21
1 6
47 24
46 12
32 10
46 11
22 12
34 3
24 20
5 14
43 27
0 13
25 8
48 35
18 30
9 10
40 16
6 45
31 9
0 8
15 40
37 46
36 12
41 0
24 21
39 38
24 28
33 14
19 13
19 39
47 32
48 42
12 41
36 48
29 27
2 43
44 48
18 3
44 17
43 8
19 40
43 30
1 31
35 14
43 40
9 2
7 31
6 37
16 6
11 39
25 49
1 19
31 3
32 2
7 49
17 4
7 35
37 11
23 27
20 3
15 41
12 2
41 1
48 25
43 25
42 25
46 2
22 43
33 6
41 42
8 15
44 35
44 0
49 12
38 26
26 6
21 12
8 33
5 41
11 4
8 1
44 11
16 4
6 24
13 15
24 0
28 27
23 40
0 1
7 9
21 46
4 9
14 0
36 33
28 17
37 40
7 2
47 29
2 16
44 38
18 5
25 44
29 28
47 8
12 13
7 10
23 7
44 27
42 35
48 32
7 0
28 8
42 23
41 8
10 29
19 26
32 14
41 34
3 19
31 47
31 40
41 46
30 17
29 26
33 41
49 21
3 41
44 4
45 31
35 1
46 40
36 1
13 3
46 20
49 32
15 31
34 31
16 3
38 0
15 32
24 14
47 12
13 23
3 8
15 37
15 44
4 32
2 3
15 24
37 24
18 0
32 31
22 15
20 13
10 31
19 9
31 14
14 18
18 16
39 25
2 14
5 37
38 17
16 23
46 26
42 14
40 18
15 45
9 22
10 39
7 39
42 16
18 37
19 5
3 11
12 35
31 6
42 37
18 38
35 16
8 30
26 18
20 41
0 19
15 48
11 22
39 3
24 5
36 43
31 16
7 15
8 16
47 6
43 37
1 26
37 34
44 9
19 23
36 44
13 1
14 26
23 12
7 42
34 20
6 18
22 27
28 1
17 8
45 37
7 47
26 41
40 3
47 14
3 25
16 19
26 39
8 48
47 5
42 26
21 17
35 26
33 23
46 10
20 16
14 16
33 13
11 49
49 48
19 10
34 26
30 6
4 46
21 8
12 38
35 38
48 30
31 35
12 29
42 12
25 30
1 37
32 42
42 15
26 15
18 13
48 14
32 26
44 26
48 7
30 34
41 6
12 31
42 38
0 17
20 14
30 44
0 15
34 0
30 3
35 36
45 41
14 11
40 41
9 26
48 19
8 39
7 21
31 23
20 49
1 3
39 17
47 0
22 37
47 10
11 9
47 16
30 37
16 34
41 47
46 0
14 41
23 22
