50
401 371 702 622 815 207 394 278 148 477 258 231 932 562 976 657 732 771 450 368 985 809 520 795 684 11 673 460 775 354 119 840 981 801 806 316 924 583 341 43 771 922 523 539 125 989 61 928 580 161 
10
162 256 707 511 240 995 865 997 734 295 
500
10 29
6 39
21 20
13 40
3 34
14 27
17 16
0 43
12 40
32 44
35 30
12 37
40 30
29 18
47 31
27 42
6 4
6 25
32 2
8 12
27 0
29 28
47 34
36 32
27 11
8 36
32 27
22 18
34 13
22 8
7 38
40 28
0 4
40 19
19 45
42 6
6 34
33 19
22 24
0 46
6 17
14 5
27 17
7 4
12 24
3 27
20 43
12 3
36 30
19 36
28 47
38 5
30 2
5 9
5 17
39 42
12 45
8 21
46 42
6 15
22 47
44 33
43 16
18 38
13 36
26 29
46 24
36 1
25 28
40 3
12 4
1 25
24 29
42 38
27 39
33 3
39 44
11 46
40 32
13 10
5 41
23 25
28 12
2 5
42 10
45 35
39 35
41 21
1 0
2 42
17 2
45 26
40 4
47 9
15 13
38 25
21 11
21 10
16 41
22 0
23 37
2 36
7 13
29 1
42 48
5 7
37 31
40 48
2 25
38 45
4 24
31 18
36 6
3 28
35 21
27 40
49 36
44 15
30 20
10 35
31 41
35 8
28 49
13 30
34 36
48 14
9 25
27 22
15 37
24 9
37 0
47 32
43 3
39 15
19 39
18 13
1 42
4 42
42 17
19 22
28 8
16 42
26 34
49 14
32 12
20 9
45 25
35 34
35 42
49 0
19 2
30 45
32 39
16 8
43 6
27 21
22 13
34 31
18 24
14 45
41 0
21 9
19 27
7 30
35 27
11 33
44 9
0 35
34 19
29 4
2 33
3 23
20 22
19 5
20 40
49 1
46 32
8 43
13 14
43 15
30 3
44 37
33 26
9 33
10 5
28 34
47 4
39 2
18 11
28 36
24 48
18 16
19 17
42 0
40 35
44 29
35 49
17 15
36 23
25 41
24 5
44 48
14 30
4 16
7 40
49 41
14 19
34 44
40 2
15 49
29 6
9 29
1 48
1 16
36 45
31 24
22 16
43 34
13 20
40 41
14 40
10 18
16 24
4 13
26 36
8 13
36 22
35 26
49 26
41 17
38 4
41 34
23 35
0 3
5 30
15 30
27 33
22 32
19 15
5 42
6 41
33 4
28 19
48 35
23 10
2 0
42 8
16 12
12 31
3 21
46 8
24 33
27 9
47 5
19 20
35 12
14 26
28 24
0 10
33 16
44 36
14 4
7 1
29 21
10 25
40 44
23 32
28 0
42 47
13 9
1 28
42 18
37 47
34 38
2 22
36 20
22 5
4 9
27 29
23 41
30 25
3 20
41 47
23 7
38 22
9 41
10 9
7 24
13 0
18 5
47 24
41 1
30 16
49 21
36 48
23 5
40 25
48 23
4 21
18 26
32 29
28 44
10 1
37 9
15 42
26 20
16 5
19 44
48 10
35 24
18 3
22 4
45 8
1 9
21 48
33 31
27 47
6 5
21 42
17 45
44 45
45 49
46 41
19 6
26 1
15 8
25 47
11 25
9 28
41 48
20 18
29 23
10 31
1 24
30 28
17 46
40 47
43 9
33 34
8 49
48 37
44 10
17 44
45 29
7 0
31 15
40 42
43 36
25 20
37 4
43 44
19 9
17 29
10 17
45 3
1 47
16 10
23 45
42 9
20 17
21 32
18 39
11 26
15 28
9 45
21 17
12 42
6 13
44 23
17 43
26 31
8 19
1 5
35 1
40 21
46 38
34 20
37 6
3 10
23 21
33 20
0 18
25 12
45 0
6 48
40 36
19 18
45 40
26 46
45 39
11 2
26 42
19 21
10 11
46 14
22 3
8 37
47 7
25 18
3 19
28 42
29 47
6 12
9 11
44 0
33 25
10 40
35 18
5 15
20 11
29 40
43 35
39 3
1 43
48 32
7 27
45 4
14 17
39 9
29 3
35 2
33 47
2 37
31 25
4 18
31 13
47 35
9 46
11 40
48 16
42 23
37 45
12 22
23 1
46 6
33 35
27 4
24 43
29 25
34 10
36 21
17 18
21 12
31 8
6 2
14 1
1 40
29 46
38 6
26 40
30 0
26 13
1 6
0 38
12 20
24 37
2 49
19 42
19 25
13 32
18 30
7 8
25 49
23 0
20 45
49 3
1 38
36 14
25 37
20 38
34 29
24 30
25 34
7 14
34 39
47 0
26 5
34 48
29 43
48 46
16 3
28 46
15 36
27 8
22 14
34 2
17 13
30 27
19 11
36 5
33 40
4 23
49 44
27 31
7 16
16 21
37 40
9 35
47 39
8 33
