50
112 475 171 301 709 495 874 849 176 919 88 683 433 326 387 797 509 481 869 671 213 505 211 354 101 471 958 724 482 577 553 865 366 719 873 962 514 548 42 357 772 768 737 762 603 159 914 763 665 401 
10
999 877 298 782 980 148 48 776 817 996 
500
12 4
3 49
19 4
41 8
10 41
1 25
35 39
31 25
16 25
5 23
28 25
6 19
43 8
2 35
5 31
21 38
33 34
29 16
47 6
17 8
4 24
47 38
23 32
0 22
42 35
13 3
20 43
2 1
32 29
25 29
49 9
24 14
28 26
20 32
28 4
34 23
31 33
14 19
44 12
0 46
27 17
28 17
46 36
1 30
2 43
35 8
28 27
19 25
23 45
43 44
23 6
15 3
49 17
7 30
22 49
40 33
24 0
36 20
5 35
38 17
16 48
34 1
2 47
12 22
1 16
2 7
32 27
20 4
14 7
16 17
48 49
47 30
13 17
34 31
25 21
0 16
37 31
7 26
28 42
31 2
18 1
16 8
47 42
11 42
45 33
22 45
17 4
6 22
3 48
43 27
30 24
44 46
41 46
27 42
49 7
19 34
5 32
42 9
27 48
36 0
13 46
34 32
16 42
13 19
38 45
43 41
4 21
49 42
23 25
9 20
19 46
23 13
47 48
19 45
0 5
25 15
11 49
46 49
21 34
43 1
36 40
9 29
8 9
12 20
11 33
12 6
26 42
27 40
39 8
44 2
46 24
38 29
10 12
34 45
3 6
46 11
6 4
34 5
36 23
47 8
29 44
6 15
19 15
24 42
34 13
46 30
17 39
25 46
30 5
7 16
1 7
7 36
28 46
19 24
19 26
40 23
19 35
15 2
16 22
2 32
37 27
7 23
40 11
13 36
40 25
21 28
38 35
10 22
35 13
45 24
48 46
32 38
46 14
17 44
38 41
4 38
21 3
26 48
44 11
12 46
27 16
40 19
23 22
34 36
15 18
48 32
0 3
7 31
1 5
45 37
19 12
33 26
43 40
49 41
3 34
32 43
27 46
20 34
0 27
9 45
13 42
13 30
5 26
12 14
7 48
11 21
38 0
19 5
40 10
5 41
40 20
11 1
12 27
27 5
12 37
12 49
8 13
43 42
12 7
49 29
43 49
15 5
41 20
43 12
25 17
24 22
2 27
26 25
11 30
20 31
18 44
8 37
17 37
41 35
22 9
22 28
20 45
39 22
44 9
10 39
29 31
26 45
6 26
16 13
15 27
44 15
13 24
11 27
26 21
8 42
42 41
44 28
15 26
2 0
9 4
34 4
49 45
43 30
49 26
17 26
44 8
9 14
45 4
21 44
33 22
9 38
23 9
14 22
43 46
36 45
30 19
41 28
28 40
46 38
4 10
16 43
11 3
14 27
2 34
4 49
31 19
33 39
43 22
6 35
1 22
36 9
6 32
1 15
25 36
37 11
49 10
14 28
30 41
19 21
17 36
29 41
43 5
37 26
45 30
32 35
19 17
26 46
30 44
43 26
26 22
3 22
28 31
44 42
31 45
8 22
42 3
0 45
24 48
47 5
28 12
0 14
5 22
17 15
25 41
23 15
19 44
18 3
47 27
0 37
44 34
48 10
3 12
18 10
39 37
31 46
15 8
39 23
22 35
6 41
21 41
43 37
5 20
20 47
7 46
29 30
26 29
10 34
44 36
23 14
40 24
12 31
43 38
8 19
21 29
3 39
35 18
12 26
47 32
27 38
25 42
41 19
19 48
8 30
38 16
12 16
32 39
13 21
26 2
0 6
5 49
32 1
26 11
20 15
13 47
6 21
27 49
32 25
47 23
23 28
6 33
46 37
43 48
19 36
24 35
0 40
37 47
10 15
41 4
47 9
5 8
21 9
3 23
33 36
6 49
24 9
46 15
41 24
10 19
31 11
8 18
36 6
9 1
20 11
11 41
42 33
8 32
30 42
32 33
21 32
2 25
47 35
35 1
2 17
3 2
39 5
46 9
33 21
2 41
32 9
18 13
31 38
8 6
14 26
46 40
41 32
17 20
47 40
27 39
7 20
40 30
4 11
14 48
46 16
43 11
27 1
47 22
21 5
16 24
1 13
17 32
46 5
41 39
15 32
34 46
37 13
33 5
11 13
16 19
41 16
25 30
8 31
40 2
0 47
18 14
38 44
19 3
1 29
28 49
17 30
21 20
9 40
44 3
40 18
48 39
27 34
13 6
36 21
20 49
38 39
27 23
10 3
22 36
28 48
2 8
1 38
3 36
6 39
8 14
25 18
4 32
34 38
27 8
47 43
0 35
39 25
3 25
11 29
20 16
26 34
44 40
27 10
47 21
17 43
46 4
26 35
12 42
14 31
0 23
47 15
13 15
39 15
33 29
17 45
10 42
25 6
