50
62 811 250 222 978 172 35 884 473 243 364 732 493 758 506 913 873 575 277 153 673 221 561 176 446 825 553 454 780 961 333 748 915 280 45 132 225 683 81 346 598 809 876 72 380 639 101 93 328 967 
10
411 786 833 997 667 106 379 239 809 986 
500
17 18
6 44
28 10
37 48
21 6
24 40
34 23
12 43
36 31
37 34
23 20
25 41
16 18
0 31
16 8
25 20
13 42
8 30
34 17
6 13
26 0
2 31
38 37
42 39
1 44
42 40
23 47
3 17
33 0
40 44
24 45
45 37
5 30
38 3
12 41
43 20
37 32
49 2
13 9
1 10
11 26
4 36
15 26
39 1
32 29
22 3
10 29
27 37
39 28
20 16
24 25
9 26
9 39
41 6
49 22
0 30
45 6
5 10
29 6
46 5
13 12
40 20
17 7
35 27
47 15
39 8
39 26
25 45
19 28
32 17
27 45
39 30
4 13
19 27
30 31
49 33
23 44
39 16
37 29
35 38
39 18
35 49
33 28
21 3
45 18
12 2
17 21
48 41
15 48
11 44
40 30
42 23
16 38
9 36
41 7
5 16
15 42
3 36
35 18
45 42
46 2
20 42
25 1
46 31
40 4
11 35
34 33
48 47
28 26
47 40
45 20
27 12
4 26
41 28
37 15
39 24
21 38
9 15
34 31
5 43
23 40
49 48
19 3
20 13
22 23
10 38
21 15
9 24
38 5
40 14
37 42
21 0
44 37
8 6
12 3
46 3
22 10
14 0
24 16
24 47
41 8
2 26
0 10
45 31
34 16
30 22
6 7
41 3
0 22
29 49
41 49
19 10
9 28
32 19
17 24
34 4
2 36
12 11
35 0
33 4
23 8
40 7
45 33
5 34
46 26
33 17
20 44
19 31
23 4
45 19
18 28
19 15
1 49
47 35
35 21
7 43
2 41
48 35
32 47
21 22
22 14
8 10
24 46
20 31
27 30
13 19
12 10
21 32
28 38
36 18
18 48
24 27
16 35
44 33
19 8
20 46
48 22
38 0
46 28
8 9
28 2
14 42
48 27
14 37
32 24
1 33
11 0
46 4
42 49
10 49
44 3
44 13
31 35
13 33
20 17
36 24
32 46
14 21
43 44
30 26
30 48
12 35
3 7
28 40
5 42
28 3
35 19
5 3
13 11
15 28
22 7
28 8
22 38
8 24
22 20
10 21
0 8
7 25
23 18
29 9
22 31
44 22
42 35
31 17
9 22
41 35
15 10
44 18
45 17
26 49
3 8
28 16
6 35
5 41
28 7
44 17
37 43
48 38
47 12
45 15
48 11
44 15
43 17
30 7
34 2
7 34
12 37
1 11
0 16
36 21
5 18
34 26
18 15
23 46
39 4
36 33
38 2
49 47
13 49
29 36
16 22
47 37
46 43
28 17
17 14
48 36
34 9
43 48
9 10
26 7
15 22
3 20
14 15
35 2
42 12
49 0
49 3
23 28
18 33
28 6
44 41
31 13
13 5
33 39
3 39
40 16
13 39
32 3
39 0
22 39
20 19
2 22
41 13
21 16
25 37
12 49
23 24
16 25
22 47
13 45
29 21
29 47
7 42
33 48
34 1
24 34
46 17
48 5
3 1
34 15
27 14
33 30
34 47
24 15
37 23
41 22
34 29
3 18
5 49
39 34
10 7
41 40
45 26
37 13
7 4
29 14
5 2
15 46
12 25
2 24
6 23
21 4
36 23
36 7
42 33
0 36
11 38
26 20
9 31
40 1
24 38
27 21
17 38
34 28
21 48
5 32
23 13
30 35
1 20
39 49
42 31
6 42
4 49
45 38
17 8
25 31
35 5
27 46
32 2
24 12
46 36
21 30
42 30
13 2
29 19
11 21
47 8
18 37
39 48
37 16
27 4
5 22
39 40
46 9
24 26
36 5
21 45
45 43
30 45
28 36
3 0
6 12
6 17
4 0
39 45
8 20
19 39
24 43
26 32
1 12
11 46
3 23
25 9
16 14
3 4
11 27
22 35
39 20
4 45
36 44
14 24
33 10
1 16
43 23
2 47
11 15
25 26
0 15
10 41
24 44
22 37
1 38
43 9
22 45
10 25
16 29
46 12
39 41
22 28
17 4
3 13
4 9
38 25
28 14
48 42
31 16
38 13
42 24
41 21
10 24
37 35
33 47
10 36
40 43
37 8
36 13
35 13
4 43
30 23
34 32
21 42
13 24
18 42
6 32
31 18
26 40
2 27
18 11
27 20
12 5
4 30
5 40
31 14
46 29
10 42
40 37
28 12
19 17
43 30
39 6
19 38
22 8
6 25
47 7
32 14
44 31
7 45
8 15
37 21
40 25
41 29
4 38
6 46
40 31
8 26
3 42
23 16
44 46
3 29
22 40
