50
805 375 84 631 127 847 810 292 810 112 722 411 841 111 418 780 516 326 73 58 79 707 591 691 861 257 622 600 774 389 507 305 11 722 359 644 768 400 193 591 825 773 342 661 429 422 110 859 75 896 
10
759 501 261 980 263 22 102 472 36 11 
500
3 35
6 20
38 34
49 47
13 22
44 0
33 28
32 16
19 13
42 25
6 45
12 28
2 35
7 20
32 34
29 35
31 16
20 34
0 10
47 43
10 19
35 38
4 13
10 31
41 33
22 26
11 28
7 2
11 14
27 3
12 22
16 37
27 10
30 40
38 12
22 10
48 31
35 33
16 10
49 27
13 27
17 29
11 30
33 3
26 43
34 15
19 38
45 28
32 26
18 41
15 45
3 40
43 6
2 49
0 49
4 23
46 19
46 41
20 14
36 42
24 2
6 28
44 13
26 31
16 3
42 46
42 21
32 37
14 30
36 6
3 8
27 19
44 33
41 6
7 19
23 29
30 3
25 45
30 48
16 20
45 32
12 23
0 12
37 14
32 49
32 0
6 44
37 34
13 20
8 5
2 22
35 1
11 16
48 36
49 44
31 35
37 0
21 18
14 43
11 0
28 1
30 1
9 27
38 16
27 42
6 5
4 46
48 8
38 48
15 42
6 30
43 20
21 23
38 14
36 40
21 8
7 35
29 34
20 15
37 3
24 12
13 25
6 9
46 40
39 20
10 5
9 36
8 9
36 35
37 2
3 44
32 36
5 21
3 49
1 33
45 40
45 9
29 12
32 47
12 15
12 34
32 14
9 41
5 23
42 13
43 41
7 5
39 11
19 45
38 24
5 27
23 15
49 21
7 26
32 11
26 13
30 42
27 32
36 12
44 34
36 2
13 3
37 44
29 43
32 18
5 16
16 25
49 13
41 35
47 15
29 21
38 31
5 32
45 13
12 26
8 38
28 48
43 13
2 23
1 6
42 31
30 15
17 22
33 49
33 31
4 1
47 2
24 16
36 45
16 9
0 14
30 44
47 7
1 46
28 37
16 23
30 22
40 1
37 39
31 30
15 32
47 3
1 23
36 39
34 39
12 42
32 39
25 29
8 7
36 29
47 19
38 20
19 17
19 21
12 32
20 0
10 9
41 3
6 23
29 49
9 5
28 2
10 40
14 48
4 14
47 11
12 1
36 3
28 42
6 19
19 28
18 35
27 41
24 25
32 6
10 30
26 48
26 4
36 47
44 21
37 6
5 34
20 22
20 40
31 3
10 41
42 26
13 39
6 29
44 35
5 14
36 33
22 6
21 48
30 0
44 17
22 24
16 34
25 35
7 11
27 6
19 43
16 48
22 1
7 27
28 26
27 25
0 18
49 36
44 47
12 11
15 11
28 4
36 25
17 10
23 20
29 19
16 47
23 30
43 8
24 29
0 15
26 16
40 17
41 49
1 43
43 11
39 31
40 27
8 27
8 16
24 43
23 48
45 2
36 27
38 22
47 33
7 42
39 10
4 20
46 47
46 27
23 26
31 18
47 34
34 27
19 22
33 25
12 17
3 46
41 8
12 33
8 42
23 39
40 24
7 23
18 15
13 18
42 40
19 12
11 40
14 26
37 31
20 26
11 26
10 15
28 3
26 46
16 13
19 30
28 41
46 12
20 29
10 8
34 24
47 9
5 37
35 15
33 21
38 6
22 41
49 40
5 30
35 43
26 40
2 21
30 8
41 21
32 40
2 15
42 38
36 38
7 31
18 7
32 46
4 40
23 25
37 19
4 48
17 9
45 1
6 34
5 4
13 10
41 2
12 2
29 18
7 16
24 41
45 16
28 43
9 3
14 36
17 25
6 26
1 49
37 13
17 47
49 43
20 41
40 6
37 26
21 16
5 0
20 31
25 20
43 21
13 5
18 28
0 13
22 46
37 9
47 45
6 16
26 39
35 39
19 32
4 41
3 19
35 14
37 15
19 8
33 9
10 33
31 40
4 42
1 18
5 48
48 20
11 48
22 8
44 12
20 27
9 22
30 9
49 38
7 12
46 11
25 8
15 22
20 42
10 34
46 48
39 24
4 39
20 17
34 11
7 3
0 47
31 28
33 14
5 2
17 24
43 18
27 14
23 37
0 17
21 22
27 38
2 6
26 27
16 42
11 45
46 15
26 15
1 26
29 33
15 16
27 17
45 12
2 44
26 49
2 20
14 21
49 25
17 14
41 13
6 7
6 17
14 40
4 34
18 26
20 5
28 23
36 5
22 0
8 31
33 6
0 2
18 27
4 32
33 15
35 16
32 10
21 7
46 6
17 42
20 45
9 34
36 17
10 18
18 5
2 31
9 21
23 33
13 40
35 13
19 36
21 24
37 46
4 45
26 2
3 24
40 39
47 37
43 44
48 13
17 48
20 12
6 39
