50
684 543 319 199 197 215 482 14 107 806 917 235 674 733 188 212 425 578 536 366 145 331 96 163 61 711 885 822 100 794 383 162 657 381 189 897 581 485 97 375 83 803 926 520 442 693 331 532 738 805 
10
764 649 983 194 687 937 811 265 519 767 
500
20 22
10 23
41 9
28 10
13 29
39 44
22 4
5 45
6 18
22 21
48 33
17 32
17 2
19 14
24 48
49 1
26 6
27 43
46 19
48 11
37 2
37 24
11 37
35 43
20 48
34 20
30 11
48 31
0 5
48 23
27 12
18 27
36 13
18 8
35 22
44 1
9 49
0 33
38 24
0 2
26 47
36 40
27 15
45 18
43 46
48 43
13 43
39 0
33 24
5 2
28 21
32 38
45 7
27 37
10 12
10 15
40 8
21 41
31 20
34 40
37 20
6 38
43 40
38 35
26 20
23 11
43 28
48 47
34 16
8 30
46 12
44 11
2 4
14 4
11 18
40 5
32 15
2 6
31 46
0 31
49 26
46 34
7 44
26 23
45 30
4 31
28 0
22 17
26 25
26 42
9 45
44 34
28 40
41 35
19 41
45 27
1 41
42 14
10 22
1 11
11 0
23 6
17 18
49 3
30 18
22 31
42 33
39 11
42 5
27 0
5 21
28 6
7 33
38 16
10 33
12 30
29 21
29 9
4 21
34 28
36 29
36 7
10 30
26 30
16 30
6 21
26 36
1 35
19 5
36 10
23 44
36 27
12 22
48 19
20 7
45 28
17 8
26 39
17 12
41 10
38 19
45 39
38 33
20 24
7 49
21 15
0 10
17 7
24 47
45 23
17 34
14 48
21 30
22 25
1 3
33 17
4 38
4 36
19 22
25 23
34 26
11 13
8 16
1 14
3 46
22 2
25 4
43 33
18 40
36 38
37 46
39 36
18 16
37 36
37 3
24 27
31 40
34 43
14 25
43 4
0 48
38 39
43 31
13 34
49 13
45 20
1 4
48 8
43 22
48 38
7 41
3 27
40 26
42 45
26 18
35 19
21 33
30 29
18 48
0 3
11 14
45 13
24 29
19 30
31 24
35 34
29 48
7 3
13 4
42 24
27 22
28 8
45 36
18 29
11 35
19 8
27 47
3 16
49 35
26 44
43 5
15 30
11 15
34 38
31 45
19 1
27 25
22 1
12 15
15 43
22 48
25 34
3 31
10 27
1 47
12 28
14 23
35 26
11 12
38 9
11 9
40 33
14 9
21 19
30 41
16 31
41 24
3 6
23 29
20 1
14 35
24 12
11 40
15 5
37 31
1 18
3 4
9 21
9 26
5 1
5 29
5 31
5 7
44 10
42 10
19 43
25 3
3 15
4 48
48 26
39 21
45 4
5 48
27 35
10 39
23 40
36 9
0 29
13 22
20 35
34 4
27 26
23 46
15 29
44 18
16 17
0 13
32 39
1 25
8 24
47 8
29 22
25 33
35 18
45 15
34 30
42 28
20 17
17 37
31 32
21 11
40 41
21 37
22 40
49 31
41 23
21 27
37 12
36 43
46 33
25 6
7 34
48 35
16 2
26 43
17 29
45 48
40 12
47 10
44 29
17 6
10 2
47 12
8 14
28 36
2 19
45 41
24 49
45 12
47 7
6 20
44 17
19 17
13 24
15 19
37 48
15 22
12 31
14 18
37 39
32 44
35 9
47 2
42 3
45 35
48 41
39 23
40 7
24 10
38 49
47 36
29 34
42 2
3 2
25 46
3 33
25 42
49 20
14 28
14 27
7 22
32 40
34 1
45 26
17 9
19 26
45 0
43 41
14 0
18 33
18 28
6 15
42 41
31 7
47 46
37 18
41 6
41 15
8 3
22 34
12 19
49 41
46 41
30 44
2 28
24 40
4 7
32 1
25 21
22 0
11 49
18 13
40 38
40 10
13 8
11 36
32 43
2 7
3 17
19 23
29 31
33 27
14 6
46 18
41 17
10 5
47 41
36 24
18 25
15 34
16 23
14 31
47 15
20 15
44 8
37 10
0 9
46 13
40 14
10 14
31 28
6 36
0 40
18 9
30 38
48 10
21 12
38 17
3 13
13 33
41 14
23 31
25 36
42 39
10 18
30 46
48 30
14 17
34 33
10 20
21 0
18 43
12 43
23 20
6 45
10 8
46 9
9 24
2 18
17 35
22 37
42 15
2 46
44 19
40 17
21 45
47 33
6 9
27 44
6 35
43 42
23 38
13 9
12 39
19 31
46 49
49 6
4 41
46 5
41 26
31 18
13 38
2 33
47 43
16 44
27 29
30 5
25 45
15 14
11 29
2 15
19 45
4 16
26 2
25 37
23 30
2 48
9 25
9 12
33 49
16 45
31 42
44 49
21 36
35 30
11 16
25 16
0 26
33 15
29 8
