50
313 10 223 450 504 863 652 722 305 134 893 579 874 721 512 741 466 313 215 419 679 348 610 216 11 135 78 714 115 847 534 776 546 346 125 2 807 250 335 858 752 11 551 557 405 449 937 709 843 675 
10
53 177 999 614 977 61 752 696 174 940 
500
33 46
32 28
29 42
28 42
48 7
2 29
30 16
48 9
1 34
7 0
40 35
21 8
33 10
2 24
49 30
28 22
22 42
26 19
23 31
6 42
31 3
42 17
8 18
37 45
49 26
45 24
43 7
2 16
44 19
42 8
17 22
20 36
2 33
27 14
45 31
23 37
7 13
49 39
36 8
42 10
34 32
6 21
47 25
43 27
16 14
7 31
10 45
41 49
49 10
24 20
9 10
1 16
42 18
19 13
6 31
4 46
40 33
0 5
17 15
14 38
23 6
1 20
29 34
20 17
34 33
35 33
14 7
20 38
0 27
40 48
30 28
48 46
23 47
17 10
46 9
25 23
37 4
13 32
21 31
35 14
28 49
18 0
5 7
49 17
15 22
16 9
26 43
37 31
30 39
16 3
10 14
33 23
18 16
48 34
47 35
18 1
40 0
45 32
21 18
22 24
30 44
30 43
45 5
41 22
20 42
31 18
18 30
39 15
39 12
36 30
34 30
2 43
0 39
44 25
36 25
36 15
48 4
47 12
26 4
45 19
48 36
27 7
21 26
15 34
33 17
24 27
32 12
46 5
2 10
22 5
40 27
2 39
7 10
20 7
43 31
19 14
49 34
7 42
39 44
22 49
38 35
7 37
7 40
4 14
33 22
37 20
30 0
11 8
7 25
35 18
29 32
15 41
37 14
38 41
19 5
42 37
11 33
8 16
25 30
16 27
47 21
12 25
40 47
15 35
25 39
40 15
27 30
34 40
22 20
1 12
38 47
14 43
16 34
10 32
46 49
48 41
36 45
33 47
5 25
37 40
18 25
13 25
39 19
36 19
15 19
12 18
34 10
41 32
13 36
3 26
29 10
8 44
5 33
18 38
23 42
19 40
34 5
23 17
47 44
21 27
4 45
2 19
16 49
18 26
34 25
23 7
6 17
40 46
3 8
23 18
39 16
33 49
4 12
7 11
23 10
30 13
44 26
1 37
31 2
5 47
36 49
36 5
7 32
25 10
49 15
20 31
18 49
28 2
8 9
2 41
5 37
39 35
37 34
9 6
11 18
22 40
29 38
34 23
41 0
11 40
21 16
46 30
8 26
19 24
3 15
27 11
11 25
33 13
44 15
35 7
4 7
25 19
46 25
24 30
28 27
16 40
4 10
23 48
20 23
36 46
43 48
29 31
13 26
45 17
38 27
34 28
12 24
24 8
15 16
13 45
38 46
24 13
36 16
43 23
49 43
14 8
5 14
20 28
16 25
22 4
9 19
11 14
25 8
38 28
7 1
11 19
34 6
2 27
34 4
47 22
14 36
27 10
0 38
47 8
48 11
8 7
20 39
16 31
29 8
1 32
38 25
48 20
9 29
30 6
31 1
24 14
30 42
3 23
22 8
22 13
1 42
21 17
16 4
13 35
8 17
36 0
49 7
7 46
7 17
33 9
3 14
43 18
12 41
43 29
20 49
25 2
35 9
13 38
39 5
38 30
46 31
23 8
27 31
5 4
47 31
10 20
32 24
40 24
36 27
16 22
1 23
2 0
39 6
49 32
14 40
28 10
34 0
25 28
31 30
5 23
3 43
35 22
9 27
34 36
32 3
12 37
28 13
21 34
47 26
23 36
39 3
8 37
24 37
35 6
47 39
6 22
35 25
2 44
25 42
45 35
21 23
2 45
2 14
3 7
12 6
14 41
21 4
7 15
49 9
21 45
43 4
1 10
29 18
9 1
36 1
38 40
9 24
8 4
28 9
3 6
2 7
9 18
4 23
0 31
25 15
46 34
49 24
31 39
23 28
21 43
27 34
17 37
43 46
49 0
47 37
20 34
32 31
43 9
24 23
0 10
17 19
27 49
32 38
16 43
4 49
35 28
9 13
33 26
8 49
5 40
10 36
14 39
13 47
1 14
27 5
7 39
36 33
41 27
45 33
2 18
30 9
40 6
46 44
33 6
33 0
34 7
22 43
30 41
22 12
29 5
41 11
32 42
36 11
31 40
12 36
48 31
9 32
27 1
2 36
0 26
18 4
9 0
35 8
47 1
21 39
32 20
13 39
38 10
3 9
32 6
36 21
44 49
7 19
46 26
35 17
5 16
42 39
6 45
0 16
41 46
22 30
31 10
37 27
1 35
3 1
9 20
1 49
9 31
44 0
31 14
48 0
37 28
42 0
40 44
37 44
0 24
31 28
14 28
48 19
7 21
37 18
35 49
34 38
2 6
1 4
35 41
9 37
46 19
19 0
20 46
