50
472 853 676 929 481 463 469 543 927 56 690 552 885 454 736 294 101 381 590 957 397 277 799 224 19 833 331 583 832 459 208 697 875 384 588 743 496 380 312 40 326 700 453 325 721 554 804 122 774 173 
10
440 725 76 865 441 323 672 309 994 482 
500
3 25
29 48
33 18
23 2
44 38
41 3
10 20
29 4
0 23
45 2
28 24
10 39
7 13
22 14
15 45
45 3
49 24
33 41
28 19
33 19
22 19
39 8
4 22
6 34
34 26
35 46
15 4
6 35
40 26
0 7
15 12
14 9
3 23
37 5
12 23
28 25
12 34
49 33
39 38
22 36
29 25
36 25
45 31
46 22
18 3
25 48
33 25
49 1
17 5
48 10
42 48
12 30
15 42
20 1
49 48
10 22
16 49
48 28
48 41
30 4
25 16
18 20
14 30
14 42
24 40
47 39
49 34
7 38
44 15
4 42
7 36
2 10
42 20
5 16
13 43
8 12
47 15
22 39
8 31
8 26
18 42
32 11
38 49
32 43
42 16
42 24
0 5
16 14
26 7
41 31
48 14
27 25
46 2
9 28
17 45
45 18
45 14
47 30
14 19
27 13
46 45
46 33
46 5
23 26
22 2
19 27
34 23
37 44
12 0
48 36
4 47
38 34
45 10
36 24
22 27
37 7
43 3
0 22
45 27
22 29
15 28
23 20
0 25
44 7
48 2
10 15
28 12
44 49
11 47
48 8
48 16
21 15
4 10
37 23
1 0
19 2
17 40
42 8
16 47
4 19
38 43
46 39
30 24
40 10
33 44
41 2
22 38
31 28
40 19
29 41
0 43
28 0
15 23
13 17
1 13
46 44
30 23
24 9
11 6
23 45
5 10
43 16
17 1
46 31
1 41
4 0
40 22
1 29
33 4
22 16
36 1
6 33
18 0
6 27
15 19
6 10
14 20
27 28
36 11
8 29
20 13
31 29
27 33
27 10
17 12
49 42
38 46
6 37
6 40
41 20
0 6
45 41
4 18
0 32
4 23
15 25
16 45
25 2
43 46
31 30
19 18
29 21
32 33
1 40
11 49
7 34
6 22
1 12
2 16
15 6
10 19
9 38
8 37
22 13
47 0
27 14
22 48
12 33
45 30
8 13
46 6
9 12
1 27
8 20
9 30
22 43
11 12
24 32
35 22
26 10
49 10
46 37
7 48
30 21
42 28
10 21
35 47
31 9
39 13
34 30
33 0
39 27
46 23
15 16
24 20
41 12
35 8
29 27
39 42
16 32
15 29
3 2
37 22
15 9
43 42
38 0
11 25
2 36
5 44
32 2
43 47
38 21
9 41
17 44
1 22
35 32
21 20
10 30
39 40
25 9
34 11
49 12
43 48
44 29
5 28
8 17
13 35
29 49
34 5
6 25
3 12
30 1
3 8
43 4
11 41
47 33
33 17
2 7
44 22
40 21
32 14
6 32
2 0
9 43
4 11
6 30
44 9
32 31
31 48
41 14
7 24
12 40
3 33
10 28
30 38
22 15
23 5
28 6
38 41
19 45
27 5
12 36
21 37
44 16
17 4
46 26
7 3
31 37
49 6
9 6
39 48
39 2
26 47
2 1
12 44
7 39
46 0
20 22
29 42
19 31
29 0
47 6
40 14
0 3
2 38
31 33
39 36
29 10
0 27
11 17
24 35
39 32
33 13
44 26
23 27
0 16
34 1
15 13
31 25
32 5
35 36
37 13
34 0
40 20
10 32
20 7
16 20
2 8
22 41
24 14
49 30
44 45
26 35
47 27
32 36
15 11
22 31
23 48
3 48
19 29
5 29
48 17
43 45
10 47
29 20
5 9
42 30
25 40
44 25
9 2
38 32
8 15
49 39
14 46
47 17
33 5
25 43
5 42
38 36
41 5
27 17
35 0
25 22
11 37
15 41
40 28
3 40
13 19
2 20
13 45
35 16
9 40
29 16
45 39
25 26
28 39
33 36
11 38
43 10
23 32
27 3
46 48
36 9
6 23
46 4
7 29
41 18
48 30
28 29
27 35
43 11
44 28
24 23
10 23
21 43
46 1
5 49
35 10
11 2
24 48
0 39
40 34
34 2
5 6
32 3
34 24
34 28
0 41
27 8
30 40
42 45
47 14
31 1
23 47
1 9
3 26
49 14
41 42
25 1
23 38
38 27
1 19
28 21
35 23
44 8
42 2
36 23
46 16
4 48
49 3
24 25
16 7
15 17
44 32
36 37
49 31
39 33
17 19
39 26
32 37
28 37
15 1
46 13
26 27
44 48
1 38
18 25
0 11
18 47
44 34
17 49
49 20
19 20
4 41
15 7
30 5
29 6
13 48
23 21
5 4
47 7
49 45
37 3
4 38
11 10
22 49
9 0
12 42
40 41
38 5
