50
191 610 753 464 90 470 571 854 969 817 854 327 697 273 327 716 314 454 543 257 812 240 342 610 441 45 103 909 861 283 575 17 550 693 492 368 523 930 610 614 372 421 806 331 763 106 342 804 199 648 
10
879 916 32 640 401 44 264 239 638 992 
500
28 4
35 9
44 48
28 43
5 1
47 39
9 41
1 41
16 13
18 24
42 35
3 0
34 44
12 45
24 12
47 15
28 45
45 1
8 18
17 34
6 31
31 23
3 19
0 4
40 21
20 39
20 40
47 12
41 4
7 42
14 16
21 11
14 49
0 31
24 6
36 16
7 17
47 30
42 6
27 25
2 31
26 4
16 46
17 28
17 40
20 24
5 18
0 23
43 19
22 4
40 15
23 21
21 19
34 25
5 19
39 46
1 34
9 47
48 26
15 22
0 26
8 36
6 34
16 41
4 32
17 24
41 48
44 46
9 7
34 11
23 10
48 24
19 11
7 21
26 22
24 21
21 25
9 39
34 38
36 40
27 23
20 28
10 26
44 10
39 4
29 48
7 43
30 16
18 1
30 26
29 30
13 32
31 18
20 21
38 36
42 41
33 35
22 11
22 35
1 13
35 2
49 34
8 13
40 0
37 1
37 17
44 27
34 41
33 8
0 9
21 0
30 3
34 30
38 6
19 10
42 3
10 37
34 33
30 6
39 24
27 30
35 14
33 43
4 49
33 40
47 29
22 30
12 34
18 41
5 6
3 44
28 3
31 42
20 14
6 2
18 49
39 45
18 2
42 13
10 25
10 8
32 35
14 47
31 9
37 5
15 11
49 13
11 43
41 25
36 18
0 49
9 48
17 36
18 26
19 17
29 45
5 17
20 32
2 19
17 3
38 26
47 10
15 48
3 6
20 43
20 1
47 4
48 47
15 32
14 32
14 44
43 45
39 28
35 40
21 4
7 2
37 49
29 14
24 44
33 25
48 39
25 48
46 6
4 31
37 13
27 16
9 46
7 24
45 23
10 14
48 21
9 45
8 35
17 26
43 42
39 33
12 38
2 26
35 30
31 12
44 28
25 14
49 21
1 38
34 20
28 31
2 10
15 1
20 45
42 14
1 24
32 6
14 18
12 6
44 13
3 22
40 7
46 20
40 13
32 30
44 26
6 23
27 28
18 42
34 43
46 18
20 0
45 48
25 39
29 7
40 38
21 42
16 25
40 6
40 48
28 35
3 46
36 11
33 22
30 0
0 14
37 24
44 6
9 2
6 48
46 28
9 1
2 17
7 19
43 46
26 34
20 29
20 7
5 13
15 21
26 8
14 19
14 26
37 21
28 13
15 36
7 36
23 46
30 2
36 5
41 43
2 3
2 33
1 3
39 0
0 17
16 9
12 27
19 39
20 44
13 7
11 33
37 23
3 40
23 15
41 14
39 22
16 22
40 9
47 35
44 2
18 3
3 25
39 1
6 16
43 32
19 35
37 34
8 9
38 45
21 6
7 16
8 23
1 36
45 14
41 12
5 38
30 24
42 46
12 46
21 9
12 35
19 6
7 49
32 10
26 9
1 11
10 30
26 7
46 7
13 12
17 1
4 19
43 40
14 2
9 28
15 46
48 2
24 13
34 15
36 49
3 39
42 5
35 4
29 33
33 15
40 16
11 25
0 28
43 49
31 7
32 19
4 8
20 12
11 37
30 31
1 29
33 3
25 47
31 34
49 40
28 48
11 47
8 22
26 46
40 10
11 49
29 11
32 45
21 31
40 41
31 48
24 42
10 45
28 19
45 44
27 5
44 38
39 15
14 31
23 33
12 23
4 16
17 43
39 17
31 15
41 0
18 37
35 10
8 6
1 48
25 36
38 16
5 8
13 14
10 34
2 12
0 22
4 13
28 2
27 2
37 45
0 44
3 9
15 41
34 2
29 2
27 6
34 9
43 13
17 12
49 19
4 1
17 42
27 3
5 2
21 3
42 37
29 26
47 20
42 1
23 7
37 32
26 21
3 26
38 4
29 35
23 13
41 38
23 48
42 27
47 2
0 18
47 27
26 12
29 24
18 9
3 13
26 49
25 43
11 48
43 27
18 44
43 39
10 42
31 11
30 14
22 46
38 10
24 32
15 27
12 44
48 46
4 25
16 0
46 33
1 47
12 5
22 47
37 22
37 44
12 37
46 47
27 17
48 32
31 13
20 49
8 45
5 46
2 22
10 33
34 39
49 17
36 4
8 17
6 7
38 9
28 14
5 23
7 33
9 43
27 7
12 40
43 38
22 19
43 10
22 48
2 41
48 34
19 16
15 9
16 43
48 7
37 3
44 19
12 15
41 6
20 9
14 5
46 8
11 17
20 38
38 46
31 20
0 12
29 41
45 49
28 6
0 7
49 23
16 37
47 41
18 47
3 5
19 1
