50
439 279 453 681 66 158 35 744 235 451 616 1 701 623 451 895 23 385 254 33 749 519 390 805 439 143 220 312 188 986 595 289 107 412 345 109 744 819 930 56 211 634 440 291 752 898 375 336 134 694 
10
918 533 810 740 249 142 920 627 993 985 
500
6 48
1 15
14 0
27 42
29 47
4 46
0 27
44 48
21 24
32 29
6 2
22 34
32 20
3 15
13 14
48 24
32 4
7 28
44 23
20 17
3 28
10 13
4 40
43 17
23 6
14 36
14 15
0 26
41 22
29 24
47 22
12 25
21 32
8 41
14 20
3 33
6 35
22 38
45 4
49 11
38 1
24 47
5 11
20 0
28 42
3 35
6 41
44 11
41 47
35 23
39 22
41 33
38 25
32 46
6 9
24 37
28 6
30 17
8 31
22 7
27 19
10 11
22 2
2 4
40 38
17 16
46 9
28 14
36 49
47 4
16 19
47 18
23 0
41 17
12 23
5 33
28 0
40 48
36 8
4 30
40 13
8 45
23 14
41 4
43 12
32 25
18 21
44 42
38 15
6 25
18 12
40 34
27 34
24 17
23 4
31 36
25 21
29 11
15 13
47 30
6 22
3 18
18 1
49 16
25 7
0 9
8 29
47 3
29 33
41 5
9 20
22 42
32 3
27 30
46 17
46 19
40 45
36 38
22 11
1 49
48 17
20 2
49 27
11 32
7 14
26 6
25 8
21 38
9 34
21 1
19 38
24 30
10 12
26 31
27 13
47 17
18 44
7 17
6 10
43 11
26 48
36 4
16 22
15 5
30 38
36 5
45 26
40 26
5 22
13 25
15 46
21 13
35 41
28 27
24 16
4 28
24 12
28 9
6 43
28 33
14 47
30 9
13 38
31 4
14 49
36 47
41 44
15 26
11 0
28 21
23 11
27 29
20 41
48 21
22 49
0 41
41 42
43 9
21 19
17 5
45 49
32 26
1 37
39 16
16 23
35 4
36 9
10 47
34 5
38 20
37 5
0 16
40 30
18 10
30 34
20 46
7 39
18 22
33 24
42 23
8 26
46 39
32 9
45 9
12 16
1 6
30 5
29 37
15 23
16 4
14 11
40 27
34 38
38 28
35 30
22 4
3 12
13 34
35 44
22 30
43 8
4 7
36 22
27 41
4 38
17 15
6 15
5 43
1 44
20 40
16 36
7 36
18 13
5 35
6 34
46 11
49 35
10 22
23 46
18 5
29 7
8 6
28 40
22 3
17 28
9 47
38 42
49 8
6 37
19 44
20 12
35 47
29 15
5 14
5 26
13 35
7 24
16 29
3 30
11 40
25 42
47 13
0 43
18 48
20 36
17 10
3 21
33 49
27 25
40 37
44 38
30 25
47 38
2 37
28 23
35 39
47 32
8 3
38 18
11 28
13 32
27 4
7 2
31 48
38 16
48 13
36 12
8 47
32 36
23 20
34 15
2 26
31 37
27 22
21 44
28 24
46 35
6 21
35 38
18 34
0 5
28 5
42 36
20 34
12 33
44 40
39 38
16 44
2 16
18 46
47 2
42 7
49 41
35 16
24 46
40 21
3 5
40 29
1 13
22 45
21 12
0 31
11 39
48 4
37 12
30 14
32 33
17 31
7 19
8 35
29 17
48 27
22 13
6 38
46 38
14 2
36 37
40 39
39 21
33 2
3 41
19 36
18 26
35 34
4 17
34 44
27 1
3 46
42 20
8 18
44 49
6 5
14 41
17 23
11 16
36 44
31 18
29 43
16 33
15 39
31 44
17 35
10 20
13 12
12 27
22 33
1 29
45 23
20 39
10 42
23 5
18 37
11 42
8 13
38 9
29 6
23 49
0 24
34 24
25 15
45 35
31 7
33 39
4 0
47 33
4 21
22 25
8 0
14 22
0 30
21 31
32 34
7 43
5 47
47 6
10 28
29 38
3 49
34 10
10 45
26 20
13 6
37 44
3 26
21 20
48 2
8 30
33 45
29 20
29 21
15 31
1 11
46 7
23 41
45 2
12 44
43 21
7 49
48 39
5 38
24 36
8 19
21 17
6 30
40 33
49 39
25 37
14 46
1 31
43 10
13 3
16 30
12 2
37 30
5 44
33 46
13 33
42 18
37 17
17 14
45 21
46 36
12 11
41 16
7 40
13 45
7 32
48 28
13 46
27 2
46 1
31 5
21 42
39 34
6 0
45 29
12 6
19 37
6 39
35 29
49 42
7 33
49 46
33 35
2 28
9 35
37 7
48 41
0 15
44 32
28 18
1 3
2 8
29 9
9 15
32 27
30 36
18 43
17 34
24 18
5 9
11 9
34 49
10 25
3 37
45 25
39 5
38 17
48 25
34 1
5 29
19 23
20 4
13 2
8 27
3 17
24 45
3 27
26 25
32 40
