50
296 972 492 962 300 203 671 106 600 258 537 261 801 849 946 589 764 831 992 618 565 849 638 156 75 791 388 247 640 857 538 222 90 133 227 652 460 965 564 65 371 927 917 241 870 379 382 513 396 290 
10
980 942 750 806 96 999 799 35 371 694 
500
6 24
48 18
3 7
30 32
43 7
39 34
32 33
10 19
40 35
47 45
5 12
36 22
42 41
41 19
15 39
43 45
31 30
42 14
32 26
0 30
45 18
5 0
25 1
5 18
11 16
43 40
28 8
33 28
7 16
10 22
19 32
30 18
14 23
28 40
32 44
8 10
22 2
35 2
22 47
43 20
26 3
4 37
32 23
28 46
17 32
21 15
42 32
38 49
4 27
37 15
25 9
19 3
28 19
27 17
13 38
27 10
44 13
5 38
17 31
48 12
42 49
22 0
44 20
22 24
31 49
44 21
49 29
3 30
31 37
9 2
11 28
49 15
7 11
36 5
30 4
11 43
47 25
9 27
29 6
12 19
19 18
46 44
14 8
45 16
46 39
24 46
8 15
22 12
24 0
29 39
30 33
9 48
1 9
0 47
13 31
39 48
16 28
12 25
15 24
40 7
27 21
12 3
29 17
21 36
6 36
19 14
24 32
22 43
26 44
44 45
5 6
35 3
9 31
26 11
9 22
11 45
43 28
29 2
24 47
47 26
7 39
34 45
42 24
46 27
49 44
32 7
20 11
9 12
26 33
6 17
42 12
10 1
44 3
25 15
15 32
20 49
28 12
8 11
30 14
36 25
17 30
4 18
46 17
47 48
6 49
47 17
13 27
9 29
0 8
44 2
4 12
34 3
28 26
22 25
47 23
3 32
7 21
46 41
1 40
25 14
40 18
17 22
25 17
44 39
19 36
49 39
19 13
20 13
28 25
48 32
34 44
21 48
14 26
29 43
3 43
28 39
8 35
40 47
44 5
0 13
13 32
24 33
19 17
27 12
39 19
30 38
25 4
26 35
48 13
28 38
23 27
6 2
4 48
10 24
49 22
17 4
27 7
34 47
3 18
30 22
0 18
21 20
40 33
39 8
34 7
37 18
13 46
6 14
36 27
20 24
26 34
28 6
37 13
12 33
10 14
5 24
49 1
9 11
46 38
30 12
27 19
28 4
40 39
33 49
37 38
20 25
0 48
7 33
30 48
32 29
3 47
25 41
4 31
12 13
48 38
5 43
37 6
21 18
3 8
0 7
3 48
46 29
3 49
44 14
48 49
39 24
35 28
15 6
35 36
46 0
7 26
28 0
48 16
27 47
41 11
46 32
48 43
31 39
4 22
48 26
3 31
47 35
28 34
10 39
17 40
39 18
36 8
33 27
27 31
26 39
28 47
5 3
11 5
25 49
27 29
31 42
22 11
31 22
37 25
3 15
47 38
42 30
32 36
24 1
2 10
12 0
47 43
23 3
2 15
47 4
5 27
44 6
42 9
15 1
30 29
48 15
19 6
47 15
19 24
8 42
17 44
22 34
14 47
18 35
35 43
2 49
44 24
30 34
2 14
1 4
11 44
19 23
40 13
35 33
27 3
48 40
14 37
15 17
18 28
29 24
21 9
32 20
49 18
29 16
24 45
21 42
1 17
18 10
39 38
47 6
30 24
48 41
4 45
20 30
23 17
10 13
37 28
40 16
28 24
15 44
12 47
40 11
18 41
41 34
37 20
20 8
45 39
27 40
17 21
45 37
43 1
31 44
9 6
10 48
12 44
19 7
43 4
37 35
31 20
39 41
3 36
29 38
17 42
35 30
12 21
44 7
4 0
16 19
41 24
42 0
49 7
36 7
42 47
18 46
13 6
34 32
2 17
47 2
49 14
25 11
40 6
38 9
18 7
26 41
24 7
12 18
39 23
34 16
21 4
43 17
18 22
1 19
2 18
10 45
31 15
22 23
8 5
25 18
31 11
13 39
1 30
39 22
31 29
38 3
45 1
33 22
2 34
20 45
47 20
19 22
8 47
6 4
12 1
21 45
41 17
28 15
15 29
2 30
27 37
32 35
18 15
4 33
4 11
14 5
42 26
5 40
4 32
11 21
9 18
28 13
15 20
40 37
31 25
26 18
30 26
7 45
40 12
14 11
0 20
22 46
34 24
44 28
8 26
48 46
33 10
45 0
1 47
43 15
6 18
9 47
40 9
3 13
0 37
10 0
43 10
16 1
2 1
35 25
0 31
2 4
3 20
37 3
49 35
43 23
29 14
12 35
24 38
7 13
15 33
11 10
33 3
24 37
26 31
2 46
32 9
43 27
37 49
2 8
49 27
43 34
12 15
38 2
13 23
17 48
13 30
2 37
32 1
43 24
23 48
29 8
27 0
2 0
33 46
33 25
25 43
45 5
25 29
23 24
45 42
11 13
