50
170 524 120 393 846 461 501 641 286 67 812 925 107 827 405 947 577 546 133 748 376 660 654 969 369 606 505 906 104 338 247 344 578 258 239 814 443 390 49 322 695 149 113 624 697 142 770 659 366 920 
10
905 805 438 647 491 721 923 397 546 972 
500
48 36
42 27
18 7
33 22
17 11
6 26
28 29
27 15
34 48
47 25
23 27
2 1
1 31
21 45
31 7
3 26
4 21
43 39
26 34
24 10
44 25
6 28
19 44
22 25
47 38
44 6
22 42
46 40
22 43
40 32
4 1
14 24
45 5
29 9
21 24
30 10
23 29
22 7
25 34
43 31
21 34
45 38
0 22
41 49
28 37
42 36
30 40
2 4
24 26
1 15
37 19
33 13
6 0
16 24
7 21
3 22
16 12
43 20
19 33
14 37
27 30
34 33
48 41
4 5
45 2
49 8
40 42
46 36
47 36
39 32
35 9
39 28
28 0
13 6
18 11
15 32
26 44
44 23
38 16
17 40
30 32
44 15
42 3
18 27
21 1
5 24
27 14
1 0
7 27
29 8
18 44
1 48
47 5
7 45
38 36
0 13
0 14
3 46
37 27
27 6
48 30
32 29
24 41
9 19
35 30
13 18
8 15
10 18
47 16
20 48
6 11
45 8
9 21
10 3
35 24
28 5
37 0
19 3
7 44
21 44
25 3
48 13
42 11
0 47
23 30
11 25
36 30
17 45
45 30
26 14
22 4
12 24
2 7
23 9
8 12
7 17
0 8
15 42
1 40
4 43
44 13
35 4
19 13
14 43
3 7
43 33
49 0
35 33
34 27
30 29
16 42
46 47
42 6
37 23
5 35
19 42
20 39
10 14
32 0
21 39
44 5
43 28
6 37
45 4
34 35
26 41
2 18
38 43
14 7
34 19
44 49
49 24
33 18
20 41
16 27
26 45
12 20
21 3
8 20
19 23
26 21
18 37
9 38
20 21
0 38
18 36
6 41
42 9
23 24
23 21
3 28
42 32
9 28
14 23
9 1
31 32
14 21
48 32
39 38
30 20
37 41
0 45
23 34
27 17
42 34
16 44
32 6
3 11
48 42
38 31
37 30
29 35
26 35
35 1
30 14
45 28
7 4
31 4
30 46
19 28
45 29
19 41
28 44
23 41
30 8
1 5
20 19
28 48
8 10
27 43
11 7
13 30
11 47
23 3
18 26
33 15
3 17
25 48
42 7
11 43
40 15
0 43
38 27
2 12
8 13
12 13
40 41
1 18
9 27
16 8
40 24
3 24
8 4
29 46
19 26
39 31
19 30
31 35
18 28
19 11
20 13
31 26
22 10
44 42
4 27
13 3
45 6
11 13
11 28
0 12
13 38
48 18
23 11
16 33
1 14
21 38
40 25
11 41
4 38
10 41
15 49
2 46
34 44
12 26
32 25
39 26
4 39
41 14
30 33
7 33
12 47
7 13
19 47
14 32
25 41
46 14
16 6
11 9
17 2
1 33
32 2
13 4
22 8
34 41
29 21
25 19
23 31
37 2
33 9
12 30
42 45
35 36
0 4
12 42
5 18
6 1
31 30
35 22
34 6
44 46
4 33
15 35
16 18
0 5
3 9
2 13
29 27
12 37
36 10
16 25
0 2
47 34
39 25
42 10
0 21
32 8
4 9
13 21
10 32
25 4
5 15
33 17
27 46
47 29
8 37
31 46
17 26
31 34
5 14
23 22
28 36
47 22
18 0
20 25
38 10
6 21
3 27
37 11
47 43
21 15
43 7
6 47
24 7
33 2
49 4
16 3
23 47
30 2
43 3
27 44
18 40
22 26
16 37
29 18
30 44
25 24
14 18
44 11
8 21
12 40
8 6
44 22
20 36
0 40
43 45
27 21
24 47
22 1
22 28
48 10
33 40
38 11
23 25
45 33
30 24
30 25
14 22
32 44
14 25
16 5
1 29
43 48
32 36
17 15
17 10
33 48
49 43
13 43
34 0
3 5
12 48
8 5
8 48
32 19
13 1
28 31
34 22
29 36
8 1
3 34
32 9
16 15
5 7
38 35
26 15
3 15
21 35
41 35
25 21
10 16
37 13
2 26
48 21
32 45
30 42
11 30
36 14
49 23
0 35
36 34
40 34
10 25
17 41
24 29
30 26
41 7
33 36
17 23
26 46
48 26
46 41
1 7
24 6
45 35
47 49
1 34
9 40
31 41
6 3
2 16
45 46
22 16
36 23
45 3
33 44
15 38
33 12
9 36
31 24
46 5
9 44
24 22
28 21
36 2
20 29
10 21
18 19
2 28
10 34
25 27
0 44
18 8
5 9
47 40
45 9
19 22
25 33
38 30
20 27
12 28
7 47
45 47
39 47
27 28
27 11
1 23
45 1
16 30
47 4
20 15
