50
574 440 88 318 286 729 803 805 874 527 555 290 458 206 43 236 262 128 802 576 873 392 347 167 763 659 397 851 404 465 155 699 953 365 411 914 638 640 448 434 572 950 104 828 756 151 607 111 193 368 
10
935 35 329 966 670 459 963 859 342 680 
500
31 15
31 7
0 2
11 40
23 29
8 14
39 41
14 49
47 9
22 8
44 4
36 5
9 38
13 9
41 36
30 23
6 13
42 1
25 36
40 31
29 21
6 38
37 10
26 16
25 44
14 31
15 8
18 4
3 16
39 43
18 24
1 48
28 38
17 3
40 24
38 37
19 34
5 45
14 20
8 5
1 26
1 3
23 3
33 2
3 48
13 19
30 1
46 17
27 32
7 46
9 44
3 35
38 46
17 19
3 19
5 33
14 17
42 2
49 18
35 29
13 2
35 28
3 7
10 39
6 44
20 17
19 10
35 44
3 38
29 17
28 10
22 14
3 21
48 24
49 9
35 0
44 7
49 13
16 30
24 0
35 41
8 20
17 27
45 38
1 22
8 29
0 15
37 35
23 44
5 46
9 40
0 34
14 23
43 4
13 42
34 26
7 47
30 38
11 37
47 14
46 12
18 12
24 41
44 43
27 22
1 28
32 21
20 45
32 29
18 29
24 27
20 28
24 14
20 21
8 11
47 28
40 36
35 49
21 36
35 32
42 10
19 44
47 33
17 13
23 24
40 22
21 45
40 7
7 28
30 17
39 22
41 8
2 49
29 39
18 11
39 26
4 39
38 24
12 8
41 47
32 1
47 26
38 33
39 33
3 11
49 29
35 31
29 20
36 33
11 20
35 18
40 41
37 45
28 18
34 16
20 3
16 39
42 23
31 28
18 13
17 28
47 8
1 34
48 15
37 18
32 6
49 40
2 21
27 2
3 47
41 19
40 18
34 6
15 40
19 18
1 38
48 4
31 4
11 35
26 45
16 35
16 29
46 39
29 26
10 43
23 13
47 27
26 4
8 19
31 10
26 35
10 8
18 39
4 6
24 35
41 48
36 37
18 25
34 43
0 10
2 14
1 17
38 44
40 2
33 27
29 47
29 36
25 12
8 49
39 17
16 33
16 38
40 45
22 7
34 10
42 20
16 4
9 12
36 15
16 20
13 0
23 12
7 20
7 49
20 37
11 2
19 27
0 22
23 21
18 16
32 45
24 16
11 49
19 42
5 10
2 32
28 22
46 41
42 46
42 26
6 39
43 18
37 43
22 6
39 20
10 36
16 43
38 7
16 10
49 44
6 46
37 49
32 5
38 40
14 0
29 12
40 44
5 0
11 26
2 4
8 43
17 10
16 42
2 31
11 7
32 30
11 4
5 16
0 17
43 48
12 10
1 37
4 42
4 12
39 23
19 48
1 8
8 16
37 6
28 6
12 41
12 49
19 15
3 41
30 26
32 7
42 14
4 5
31 1
12 45
30 33
36 17
45 31
43 41
2 46
14 26
26 46
31 19
45 2
24 45
15 44
40 16
21 19
36 42
40 3
16 31
4 28
37 46
41 33
48 33
36 22
34 31
11 10
29 5
49 23
17 34
14 27
33 6
35 1
34 48
49 47
2 15
11 44
7 30
37 23
5 28
30 4
14 10
47 43
9 36
3 8
30 9
39 28
33 43
16 27
48 40
25 31
17 7
27 39
15 33
1 4
6 40
43 5
10 48
6 12
36 35
49 48
33 21
48 6
19 39
17 16
31 48
44 8
49 41
7 12
9 14
34 25
4 3
3 10
28 16
19 14
31 47
23 32
28 32
5 41
24 8
22 45
12 5
31 23
27 48
6 1
43 28
30 15
31 11
9 4
1 14
5 31
2 18
41 44
12 22
41 32
21 22
41 21
40 4
41 34
15 16
39 30
18 7
25 46
48 46
11 45
36 23
35 13
23 8
37 34
23 27
44 42
45 7
23 2
34 2
41 4
13 3
36 0
17 21
15 11
34 28
30 47
45 9
32 12
43 9
34 8
41 15
3 39
36 1
18 27
3 45
31 22
37 17
13 25
25 0
21 39
27 30
0 46
28 2
1 39
40 1
49 5
15 27
11 39
7 8
9 18
40 14
1 7
38 14
9 28
22 25
41 38
47 18
32 44
30 3
2 43
7 29
8 27
24 32
11 28
34 18
36 49
45 1
44 17
43 6
18 38
24 49
23 33
44 20
11 16
24 1
32 22
11 41
26 6
13 33
45 43
19 1
37 22
24 17
30 14
23 18
42 7
25 5
14 39
27 4
10 44
48 26
33 1
19 6
19 46
40 43
33 10
2 19
38 13
20 25
41 45
39 47
16 12
29 48
1 25
41 27
3 46
12 42
26 36
27 1
41 14
47 2
16 21
6 0
26 3
8 33
8 45
13 39
9 22
46 4
