50
524 607 792 861 2 276 473 702 990 72 198 277 416 206 295 701 239 910 446 312 587 85 477 170 883 723 428 65 677 797 660 87 77 938 509 43 60 335 65 809 725 519 327 878 702 451 731 590 932 279 
10
495 163 683 449 301 446 5 998 695 952 
500
10 40
23 15
17 2
5 32
20 40
49 30
8 44
37 47
40 16
10 5
32 3
12 15
4 45
27 17
11 43
37 0
26 3
21 36
39 22
33 17
5 45
20 22
43 25
31 43
26 40
10 36
12 33
21 1
3 18
11 5
37 28
32 1
20 11
31 44
1 9
28 38
31 12
43 41
47 22
48 21
8 21
16 42
19 5
3 25
21 12
35 47
36 47
26 32
38 26
31 5
2 33
35 16
26 5
24 27
44 2
25 32
10 49
1 20
4 7
26 31
24 37
4 19
31 17
14 0
45 11
27 6
36 14
39 33
31 18
18 2
39 20
31 9
19 27
21 47
16 39
2 36
24 48
23 41
18 20
38 10
32 31
15 8
4 35
12 24
39 13
17 9
11 26
1 16
20 30
22 31
1 40
3 7
37 49
30 26
35 25
22 2
13 18
38 3
34 33
45 37
14 30
15 39
14 47
19 9
16 27
12 34
13 33
33 6
25 22
15 1
7 42
31 27
18 23
25 4
16 22
32 22
18 49
48 44
6 14
47 39
21 15
34 36
19 3
27 20
35 15
12 49
25 39
10 0
17 7
8 26
41 44
18 9
1 26
4 47
33 48
47 13
14 19
35 26
37 39
36 31
42 23
24 29
47 3
27 11
3 5
22 21
18 44
0 39
3 12
49 19
38 2
36 27
2 24
23 33
48 15
38 21
4 39
11 14
8 42
28 35
36 23
33 11
15 30
30 46
17 12
24 31
25 14
41 49
26 47
35 42
11 9
30 1
39 2
4 30
45 0
44 36
34 49
18 27
38 36
21 14
7 25
3 16
8 2
31 34
25 29
8 19
7 21
37 36
21 45
7 33
14 20
12 4
19 37
32 11
16 14
48 35
1 44
22 34
9 24
36 30
20 44
18 32
22 10
28 1
23 30
18 33
19 26
1 22
49 5
3 4
27 15
32 8
23 34
45 30
35 34
38 44
17 19
11 18
0 7
12 14
4 43
6 20
40 4
4 36
25 27
47 10
13 42
46 33
47 38
5 39
41 17
35 0
23 16
1 42
39 24
3 14
5 0
35 24
25 16
0 49
39 41
42 38
17 43
11 47
39 7
49 26
20 28
25 17
34 10
5 41
44 28
3 41
26 17
16 2
45 26
46 42
46 11
25 48
29 0
28 23
28 48
26 36
10 23
8 33
3 42
21 24
10 17
30 47
13 34
11 24
10 18
34 48
7 23
44 49
18 37
0 22
15 26
19 40
27 29
18 38
26 20
48 31
36 42
34 1
6 10
17 11
38 37
2 5
34 44
34 15
23 12
30 44
45 43
18 8
48 30
44 6
49 13
47 12
7 44
11 19
12 19
13 6
34 45
25 37
39 35
41 21
24 40
43 47
19 0
18 21
47 32
16 37
27 46
34 30
45 17
13 12
49 33
22 19
4 18
41 28
13 43
31 28
23 43
14 44
22 12
15 4
11 10
43 0
37 10
0 36
41 8
25 20
30 35
9 39
37 30
33 10
23 5
22 23
29 12
48 14
11 23
38 16
22 8
8 40
0 30
11 21
42 31
41 26
23 44
24 34
3 22
38 9
43 3
25 24
49 6
12 2
26 2
10 3
29 13
43 30
19 35
22 6
43 20
36 33
16 20
1 41
24 41
41 15
13 22
22 9
24 17
10 16
27 30
15 24
31 38
5 28
33 35
19 43
34 5
9 3
28 45
27 9
31 2
3 28
44 16
25 13
14 34
7 32
12 44
39 8
38 1
19 48
7 14
27 0
22 33
42 4
44 43
2 49
42 14
7 29
10 8
8 5
35 10
13 3
13 23
40 3
39 11
27 8
1 19
24 16
9 37
27 5
33 25
6 15
7 18
41 48
10 30
14 23
45 6
33 45
28 9
24 45
11 37
12 45
28 2
31 40
49 4
48 38
15 20
11 12
23 29
37 12
16 43
24 33
1 7
2 4
20 33
49 23
11 16
6 41
4 44
36 39
23 20
11 7
22 5
40 35
22 30
6 8
32 37
12 9
28 10
47 49
29 38
28 15
24 49
46 40
40 33
13 48
9 42
49 3
49 15
35 13
29 15
1 36
8 25
41 47
0 32
26 6
13 5
29 22
3 0
28 36
14 41
31 19
22 35
20 9
21 32
35 9
47 34
44 21
17 47
25 9
11 29
16 7
40 21
8 3
25 34
42 32
26 24
41 30
46 13
13 14
31 23
21 0
46 20
38 49
34 28
48 47
34 16
11 2
