50
337 503 685 635 71 132 457 512 456 935 359 957 285 572 873 970 682 815 462 195 624 810 61 443 161 836 561 49 407 119 375 565 356 185 640 816 561 59 461 251 833 346 135 456 498 712 525 726 526 948 
10
568 971 969 389 602 260 39 659 660 210 
500
7 1
2 14
44 45
41 34
41 29
24 44
22 44
27 11
1 38
19 17
18 1
28 35
36 38
49 6
0 18
0 29
35 32
47 43
30 49
27 30
44 32
44 4
13 48
22 42
47 20
18 8
39 49
34 11
2 5
41 0
47 27
14 0
8 0
37 43
27 22
24 43
45 10
9 19
40 47
10 49
39 9
11 23
34 13
15 14
40 41
19 23
5 20
28 11
2 39
38 49
0 25
24 5
41 18
20 13
9 31
17 4
46 5
9 14
30 10
45 19
29 34
20 36
21 20
20 34
3 1
15 48
4 35
48 10
0 22
12 16
28 37
20 43
43 9
16 31
26 11
17 23
1 24
4 39
7 32
1 32
27 1
17 28
20 41
28 1
44 2
44 3
29 44
6 10
38 23
37 13
7 43
31 5
25 30
15 19
28 9
22 10
8 1
24 18
31 39
37 40
15 10
19 34
46 41
42 24
26 7
37 11
24 10
42 14
47 22
34 33
35 25
20 16
39 10
34 32
4 16
8 10
0 33
43 30
5 11
40 35
48 0
48 38
43 46
9 45
28 33
9 27
23 13
35 47
46 48
16 36
6 3
45 39
22 14
13 19
34 47
4 25
35 44
49 48
4 3
13 28
33 32
11 16
31 49
16 17
11 25
18 47
19 41
13 45
28 31
38 15
33 5
15 25
16 18
33 16
3 36
23 4
49 45
12 37
31 27
10 21
8 43
26 23
46 26
9 10
47 42
7 29
19 1
16 46
10 34
4 19
24 0
21 22
24 45
1 37
46 11
27 6
45 15
2 30
37 9
17 24
33 18
32 10
41 15
44 42
38 16
43 23
32 6
1 23
20 18
0 6
20 44
19 39
23 2
11 24
22 8
16 48
26 16
19 3
10 4
34 24
12 47
12 22
45 21
6 31
29 17
7 27
20 49
24 49
19 49
3 45
0 17
6 29
3 8
15 20
43 42
47 38
20 31
35 24
30 22
41 37
40 26
30 4
12 17
33 12
7 20
11 22
34 22
14 16
14 18
13 18
0 10
6 9
19 14
31 35
4 26
42 35
29 39
32 24
48 14
17 49
20 27
9 22
2 24
2 19
26 8
7 16
44 27
29 14
43 10
39 35
38 41
36 35
40 42
42 39
37 3
29 24
32 30
11 32
3 27
16 3
7 2
26 5
32 20
14 1
26 2
8 21
11 42
32 39
13 42
45 33
31 0
29 40
12 27
12 13
30 12
5 13
34 14
43 25
42 28
13 21
23 15
0 7
29 43
5 44
43 39
22 1
4 12
31 40
11 2
12 23
33 25
26 37
35 26
12 18
40 43
46 9
13 33
31 11
17 41
7 4
16 28
31 37
34 5
33 14
42 46
40 24
34 37
16 41
41 10
6 14
37 25
2 46
19 0
26 1
7 9
39 13
42 45
33 49
6 44
30 15
9 41
7 19
39 40
12 24
13 14
29 1
45 8
15 5
43 41
27 2
33 4
41 48
47 25
46 0
36 18
28 32
6 22
15 17
46 4
7 46
38 26
1 12
34 18
2 8
30 21
42 21
32 37
3 42
19 40
17 33
34 49
46 39
46 37
33 41
42 23
13 43
45 29
47 10
49 16
7 18
46 32
12 8
21 38
2 43
38 39
49 32
48 26
11 47
24 38
14 10
45 28
5 47
3 21
29 12
9 48
32 12
1 30
18 45
48 5
20 35
40 36
45 1
14 41
44 43
3 43
18 32
3 12
6 8
34 21
16 6
25 7
47 31
19 30
29 48
30 38
39 23
37 35
14 37
36 31
43 15
10 42
21 26
39 15
35 8
10 5
43 48
40 9
23 5
1 44
34 38
47 39
48 7
48 12
18 15
12 10
11 13
8 33
46 27
36 4
36 41
14 46
3 38
47 46
8 42
34 43
11 33
21 37
7 28
45 22
1 43
39 3
25 45
16 2
9 38
36 9
48 35
32 47
40 44
22 2
28 3
27 42
43 38
0 11
24 41
26 19
8 38
44 12
48 21
24 13
7 24
37 8
9 32
24 6
20 11
9 17
27 40
22 3
30 46
2 36
1 39
19 31
6 25
28 44
44 30
4 1
44 7
33 24
28 24
34 15
24 47
31 22
1 34
16 30
12 40
47 14
46 31
9 24
23 47
25 36
48 4
9 1
42 17
20 37
9 20
5 45
4 22
17 11
8 47
0 2
43 17
8 27
29 42
12 39
46 45
30 18
42 2
14 28
4 37
36 24
15 13
