50
914 77 41 310 177 252 109 455 211 419 16 634 582 395 175 64 293 498 957 810 49 681 259 380 133 922 711 432 873 658 393 513 264 62 759 685 172 296 746 391 165 647 198 816 848 801 697 840 405 743 
10
113 140 2 578 980 436 269 223 701 16 
500
7 23
6 9
31 35
3 13
36 25
49 21
17 11
28 22
16 19
3 43
7 40
47 35
0 45
10 47
6 27
11 34
16 15
34 46
34 7
29 39
31 11
4 21
44 2
36 46
10 19
29 9
43 4
24 13
3 44
18 20
30 46
49 39
1 18
35 0
25 39
9 49
1 38
12 10
4 17
12 22
24 5
16 4
10 17
1 22
9 26
47 41
41 17
22 26
41 48
41 11
46 42
30 6
18 17
24 28
22 3
44 28
30 0
37 44
9 7
25 33
24 15
37 11
45 47
31 25
14 36
17 19
0 13
44 9
10 36
31 20
2 4
45 36
24 0
4 38
41 36
19 36
2 42
29 49
19 8
35 13
40 13
16 28
47 29
20 26
5 46
14 42
34 25
45 34
12 26
0 7
11 8
40 0
43 1
21 7
32 26
3 6
45 31
31 19
23 18
13 15
38 6
38 2
20 34
38 30
14 7
2 30
45 12
47 30
18 41
2 0
44 35
16 31
16 7
18 36
49 1
19 46
42 39
33 46
7 41
0 41
21 24
10 39
39 13
30 35
29 26
4 47
46 35
16 32
30 8
1 34
16 14
24 14
30 43
43 18
15 44
40 18
38 16
2 23
3 26
18 12
16 40
24 9
30 20
28 21
33 30
30 24
2 25
16 43
44 25
42 16
13 49
2 39
24 32
10 40
34 23
36 33
42 41
43 32
39 47
35 25
20 29
2 17
23 36
15 4
49 2
3 1
38 23
14 17
41 34
20 35
5 4
1 35
43 39
31 4
24 25
19 12
22 29
1 36
27 13
25 20
48 39
13 14
11 46
14 23
27 43
5 39
43 26
6 46
40 5
20 7
46 40
10 2
38 29
26 41
20 48
14 47
8 39
31 29
44 30
25 42
21 15
49 38
38 3
38 28
32 20
25 43
23 46
10 31
4 14
17 5
44 21
42 10
45 30
27 23
26 31
44 42
12 47
39 23
43 7
12 0
33 41
29 4
20 45
30 31
41 22
47 21
26 2
31 27
25 16
3 49
22 16
32 18
23 15
36 28
7 26
35 38
40 41
24 23
43 8
21 19
25 29
29 40
6 39
16 39
49 31
4 11
8 2
25 40
23 11
27 3
39 31
46 25
47 11
14 44
37 43
49 25
38 32
18 6
47 49
2 36
34 19
8 6
48 4
37 39
40 38
0 19
11 3
19 44
1 42
16 2
41 9
10 7
24 44
18 42
6 33
4 42
2 15
9 23
47 2
8 14
47 5
20 38
48 33
45 8
12 4
3 24
49 36
13 45
4 19
3 29
37 5
22 35
34 12
42 21
27 8
42 20
11 22
45 25
33 32
34 49
29 48
14 35
42 23
8 29
18 10
22 37
32 13
13 20
7 46
31 42
17 30
33 8
1 9
43 6
40 8
40 3
12 13
39 28
30 23
49 0
16 1
18 15
19 23
36 39
4 25
35 49
39 17
20 10
42 8
35 36
36 13
30 40
13 42
47 1
47 16
10 0
48 24
3 41
21 14
15 6
37 35
48 16
27 28
28 34
39 46
1 25
36 38
39 38
48 40
44 6
37 38
12 43
26 47
26 40
9 35
48 45
27 30
3 47
34 38
28 41
3 2
12 44
48 34
33 1
22 30
3 36
6 14
31 44
33 45
43 29
21 13
45 5
29 23
5 43
8 23
21 35
48 36
38 5
17 9
48 0
22 36
43 47
13 18
1 28
19 2
14 20
30 28
3 34
11 30
25 5
24 26
47 13
10 3
17 45
3 39
48 10
33 7
24 31
40 33
26 33
35 11
19 6
28 45
28 26
2 20
1 4
19 11
14 19
22 20
44 17
16 26
12 8
19 1
37 42
9 18
48 1
37 30
41 43
10 32
17 1
35 8
12 37
43 14
22 27
29 33
45 35
31 37
42 7
15 47
0 16
21 2
45 29
46 29
18 46
24 12
41 1
45 23
49 15
20 41
40 35
36 30
33 35
1 21
49 14
6 26
3 15
14 41
38 11
19 13
6 0
11 27
9 27
14 10
43 22
42 28
33 9
25 10
37 34
38 42
39 45
39 44
1 27
28 11
34 4
40 24
27 34
11 2
18 11
34 9
4 30
13 46
38 15
14 31
48 14
29 24
7 17
42 17
5 31
7 32
10 49
6 36
42 0
1 29
15 40
16 36
46 3
42 15
41 30
4 20
35 42
34 29
6 22
26 0
38 45
5 42
3 5
11 21
40 31
18 30
39 24
