50
797 794 256 121 391 481 509 429 569 280 882 829 784 804 361 114 854 900 119 305 247 507 735 5 890 250 182 526 273 435 742 915 461 615 385 44 859 758 942 884 211 926 674 245 848 492 635 376 874 575 
10
795 999 687 122 272 317 12 642 449 562 
500
26 1
13 12
36 42
37 45
45 3
1 7
40 27
45 47
6 32
45 38
47 33
3 34
18 36
11 12
14 15
40 33
14 12
9 2
22 28
22 37
25 13
26 46
41 32
8 29
17 1
49 37
9 48
25 47
15 33
43 14
28 16
30 21
44 36
45 21
28 27
39 31
28 4
9 35
13 19
33 19
0 36
9 20
31 32
49 24
6 10
10 43
44 6
21 29
46 4
48 7
7 4
14 33
46 35
16 21
27 46
2 37
9 30
13 26
36 22
11 39
24 27
15 17
45 39
15 36
16 25
17 37
31 36
41 40
33 18
28 32
18 30
33 17
22 12
41 29
26 21
14 0
12 33
42 27
14 46
9 43
48 39
45 22
0 27
21 4
39 5
4 39
9 12
44 48
1 5
1 4
0 3
22 35
30 28
36 25
4 27
40 10
15 32
1 34
6 21
23 34
33 42
32 23
42 22
34 46
25 44
19 4
13 30
33 26
12 25
23 2
35 8
36 39
34 22
37 0
42 2
4 23
24 22
21 18
11 44
17 4
29 5
2 34
42 28
37 44
30 4
20 24
31 12
8 17
44 43
47 31
35 34
42 13
18 29
21 38
11 36
28 3
3 23
30 14
39 23
18 39
35 24
34 25
8 39
16 33
9 34
26 18
38 46
34 45
18 14
36 46
8 25
6 20
36 21
12 30
46 29
26 31
37 39
37 40
43 29
31 38
34 29
10 44
8 34
2 35
6 1
18 28
22 2
38 13
13 45
14 8
24 39
31 24
41 47
13 29
40 49
28 35
1 32
44 24
27 34
23 10
8 48
27 16
17 21
37 30
29 22
26 10
36 5
11 0
34 4
3 26
28 26
26 2
12 36
24 43
7 37
15 34
19 44
28 21
20 29
46 16
11 29
10 8
18 13
7 45
30 5
45 23
46 7
6 2
48 43
6 13
12 32
30 31
1 9
37 23
6 41
25 39
33 11
21 31
23 8
41 46
23 41
41 49
38 40
8 36
19 36
17 0
16 23
5 48
3 13
48 35
25 11
13 47
42 0
47 17
12 18
20 14
48 19
9 44
4 45
33 45
0 28
31 7
14 45
32 35
31 14
0 49
37 42
46 39
5 19
2 38
12 44
10 41
35 1
29 23
0 5
33 34
12 37
37 43
25 49
23 12
31 27
7 30
26 9
38 12
44 16
9 14
6 17
8 22
38 36
47 34
2 15
0 20
26 40
42 30
44 41
48 33
16 29
35 16
45 46
22 17
42 45
35 20
17 24
5 10
33 23
46 19
32 10
3 44
15 16
0 21
1 33
41 31
23 27
17 40
32 36
41 3
17 30
40 13
32 47
5 28
24 41
24 48
31 6
18 24
29 30
16 2
36 37
39 30
13 34
13 0
21 27
6 5
44 32
22 43
10 12
4 33
8 24
21 10
19 29
36 26
47 19
11 37
13 49
24 19
44 18
48 37
1 43
44 20
10 7
20 45
35 4
34 30
0 38
17 49
29 40
27 29
20 13
25 46
5 9
31 11
47 8
2 44
47 0
42 19
3 2
28 23
19 38
29 31
9 13
21 2
1 31
36 47
5 17
6 37
30 3
1 27
38 39
37 26
27 5
1 41
42 29
9 17
12 26
3 19
27 38
2 13
9 37
2 5
24 4
23 46
6 35
1 37
42 34
16 45
1 24
41 27
33 24
6 40
40 8
14 38
36 17
32 33
18 41
19 1
39 1
47 49
9 39
6 34
27 48
44 33
44 35
32 0
23 24
25 0
26 6
43 33
33 27
38 29
11 40
7 33
3 9
25 24
42 23
7 19
44 40
21 35
18 40
43 49
21 20
20 30
38 23
8 32
0 9
18 38
48 2
0 30
19 0
5 49
17 18
5 21
28 48
22 3
30 35
12 3
3 39
22 1
49 6
17 12
43 17
46 22
40 19
4 0
44 46
24 15
35 49
34 41
27 7
25 26
5 45
45 15
33 3
1 45
3 29
25 35
36 43
8 21
18 8
2 41
13 7
2 1
19 45
45 26
42 18
15 25
36 45
0 24
33 38
33 28
25 14
47 3
45 9
4 16
31 49
48 12
28 40
49 21
20 5
20 47
17 41
41 45
17 44
4 29
9 42
49 26
18 7
45 17
19 12
47 27
32 3
7 38
4 8
48 45
29 25
4 43
38 3
16 40
17 29
7 0
47 21
6 8
32 39
30 36
30 15
49 22
29 37
34 43
11 6
42 49
26 4
18 37
