50
926 591 591 42 903 468 535 749 567 732 58 126 796 6 295 598 934 11 589 701 214 276 877 887 367 928 273 708 227 66 913 855 447 304 246 588 460 219 740 830 118 675 332 19 852 940 298 360 25 99 
10
325 662 964 259 77 362 341 868 864 8 
500
17 27
13 31
44 41
23 42
23 36
4 19
28 23
13 22
46 13
23 17
11 37
34 49
30 27
12 36
4 15
3 1
3 19
32 26
7 2
6 24
17 18
10 13
32 20
42 18
36 1
29 20
26 24
14 30
2 41
26 35
19 13
32 25
20 13
5 41
2 25
20 4
9 49
17 5
1 9
10 49
3 26
32 41
9 33
13 45
49 4
20 12
2 49
35 3
36 35
34 8
31 0
32 45
13 21
10 37
23 19
2 43
35 41
47 25
37 33
11 14
8 30
42 46
27 32
19 42
10 23
6 14
11 49
20 41
18 25
4 9
22 17
38 19
35 7
3 32
1 24
1 15
31 14
3 10
8 11
2 1
12 39
34 2
37 31
29 43
7 1
34 9
16 30
30 6
24 9
25 21
4 21
23 21
32 14
32 28
33 5
4 37
24 40
22 20
24 33
34 27
43 34
18 16
39 42
10 16
3 49
12 2
48 25
28 44
39 46
40 17
33 23
16 44
12 5
12 13
11 4
1 14
6 17
1 34
2 47
8 23
26 49
9 8
27 24
8 14
17 44
20 26
32 40
12 9
34 14
30 44
22 42
37 2
31 3
12 45
25 37
45 35
1 17
35 20
16 4
8 10
21 16
3 11
15 11
47 38
9 10
2 33
35 25
5 6
25 10
7 44
24 35
38 43
46 2
44 40
27 18
30 1
6 29
5 14
14 38
36 44
44 34
15 41
32 31
3 47
30 31
30 0
32 22
13 8
45 10
43 11
10 20
19 24
12 11
3 5
19 34
38 2
45 23
29 36
6 28
7 11
12 48
8 25
43 4
38 23
7 22
28 2
4 44
15 49
24 48
47 21
16 40
22 31
36 31
24 41
13 27
28 48
39 45
8 1
42 30
15 13
2 48
46 49
39 20
25 6
19 49
27 49
38 6
19 6
34 12
37 35
38 37
7 48
40 11
33 42
47 26
7 12
49 24
18 28
11 6
42 45
3 8
42 29
8 41
16 31
47 9
22 2
47 17
39 9
40 46
36 8
39 17
7 4
7 3
38 28
20 28
9 13
49 39
24 36
10 46
45 19
17 30
47 32
36 18
1 31
44 37
35 22
0 9
38 5
47 20
25 11
38 7
41 11
24 0
27 43
18 45
31 17
15 0
36 27
5 16
2 15
39 32
41 38
19 10
4 0
15 21
30 24
33 34
17 43
20 48
9 6
4 2
0 43
27 2
41 39
34 6
31 33
12 40
17 35
26 38
2 20
2 0
28 39
14 29
16 46
6 1
28 5
25 42
47 24
33 35
43 35
39 33
29 0
31 4
3 46
15 8
32 8
37 45
42 13
25 44
43 42
41 16
0 45
25 17
46 37
46 12
37 28
32 38
42 48
15 33
15 28
35 21
26 9
21 28
2 18
39 27
18 10
48 3
13 16
23 29
28 10
1 21
11 42
22 37
44 0
43 10
0 10
5 40
18 4
47 29
21 5
0 20
11 28
41 4
31 21
47 30
12 27
21 49
30 43
31 46
18 14
24 11
29 4
8 24
25 41
40 45
30 4
20 11
25 45
48 17
30 35
2 23
12 10
25 28
6 42
44 14
16 43
28 43
16 48
12 28
44 27
37 14
42 28
1 4
43 15
6 40
27 35
9 3
46 26
23 13
24 25
29 1
46 6
15 40
39 8
11 39
28 0
45 31
36 40
15 38
29 24
48 23
24 13
1 23
24 34
37 30
22 19
5 39
8 31
17 21
6 45
15 39
7 15
7 24
40 7
24 5
26 13
46 0
40 35
21 33
34 26
7 28
30 48
31 41
6 39
14 0
15 16
33 6
33 45
6 10
30 12
22 5
24 12
19 40
21 38
23 35
18 32
2 14
18 11
45 17
18 30
21 9
7 21
35 28
9 40
5 44
25 30
35 4
12 15
33 19
27 8
1 45
42 24
11 33
40 20
45 7
28 4
1 18
40 37
1 11
13 41
27 16
29 39
39 30
48 26
22 36
13 47
36 4
21 3
29 15
25 23
22 30
9 30
13 38
35 31
29 9
5 15
35 15
38 1
27 23
9 2
8 37
47 15
27 40
26 23
39 13
33 25
12 33
27 26
38 4
26 29
26 14
30 36
7 31
1 32
49 28
4 6
8 48
31 44
40 29
23 15
43 40
44 8
13 25
29 44
22 0
4 10
49 22
40 26
5 32
39 38
17 37
15 45
42 3
3 25
32 48
42 47
36 7
13 30
0 36
14 46
