50
865 784 910 413 39 916 850 659 333 193 648 167 625 120 775 357 418 3 928 482 231 769 445 832 544 403 359 726 725 118 7 277 324 951 851 257 126 330 145 815 669 928 606 758 415 853 359 933 330 520 
10
952 545 269 307 140 921 456 505 81 408 
500
47 42
3 49
49 19
25 17
30 33
49 16
23 25
27 20
36 44
12 2
34 45
1 33
34 2
0 10
29 48
48 33
6 21
28 26
11 32
25 46
29 18
37 30
11 39
14 11
41 11
22 3
0 45
22 10
20 13
1 0
43 28
14 29
44 6
19 29
49 7
45 28
44 23
41 46
1 35
10 45
10 5
37 4
33 44
26 19
46 44
40 21
9 4
48 44
14 15
41 31
31 19
38 25
0 32
29 11
20 34
45 5
42 34
5 31
1 31
12 14
5 44
39 21
47 33
22 45
6 45
32 25
4 7
38 8
30 2
38 41
40 49
23 14
27 42
46 28
14 26
45 47
21 15
17 4
2 23
43 18
39 18
25 20
5 37
4 3
31 14
37 33
11 21
12 20
47 32
22 25
46 18
17 38
28 9
19 15
31 47
31 44
13 11
11 30
1 9
28 18
43 24
0 40
12 46
38 24
1 10
26 45
15 44
30 44
11 10
18 48
31 48
42 49
49 6
3 8
6 11
28 24
24 5
11 8
44 8
26 43
24 44
23 22
21 42
19 5
13 40
44 45
36 11
34 10
33 4
27 31
20 22
4 10
10 18
33 42
40 35
17 35
4 48
36 15
30 42
24 8
26 46
46 14
46 6
12 13
26 3
8 46
25 12
25 9
12 49
26 18
8 14
20 45
13 4
3 12
20 6
43 35
43 46
12 11
19 6
1 16
33 49
37 17
1 39
39 29
3 17
18 34
38 34
23 6
4 15
19 0
14 47
10 13
1 20
27 9
19 32
1 14
12 22
35 47
4 35
32 17
21 28
49 13
9 42
17 9
5 42
41 7
13 43
30 26
16 13
37 25
34 6
27 36
14 4
37 1
25 6
8 26
21 24
38 33
48 22
3 47
7 16
3 10
20 2
13 35
13 23
19 17
30 25
24 47
13 47
25 36
19 14
44 39
47 44
8 22
46 49
5 6
16 24
30 32
48 43
40 36
27 16
48 6
32 29
9 44
9 12
3 9
8 23
31 18
22 37
16 12
46 4
12 26
36 46
30 29
39 40
46 27
19 7
43 19
20 38
40 42
31 7
15 47
18 41
34 22
17 30
29 9
48 24
25 0
7 17
39 28
12 36
21 20
27 35
36 10
37 14
24 39
11 4
32 38
10 44
11 38
43 20
14 18
39 17
6 1
35 30
47 12
13 32
28 25
27 0
29 13
30 28
41 40
4 43
34 26
44 25
8 2
35 11
40 37
17 18
1 26
19 11
18 25
8 10
27 39
39 22
17 42
2 24
11 37
30 8
7 28
26 23
30 10
21 26
24 27
43 12
46 17
39 13
17 13
10 2
38 4
37 6
36 19
19 24
10 42
29 27
36 29
1 42
11 18
41 10
40 19
37 45
48 2
38 21
45 1
0 16
28 4
22 1
0 13
17 28
21 1
13 30
11 20
15 33
36 7
24 14
45 19
23 12
37 20
26 22
25 13
34 9
42 25
23 36
19 4
12 0
43 44
41 14
38 29
17 8
23 43
3 35
1 36
17 47
15 20
28 3
21 30
20 9
46 31
27 1
47 46
4 42
19 25
15 43
30 46
3 40
34 29
11 7
46 48
28 48
47 20
22 9
10 48
27 23
35 10
24 32
47 6
40 44
10 16
47 40
9 16
34 4
45 36
0 5
1 2
42 7
4 23
16 45
9 46
37 2
34 36
25 15
48 45
43 6
45 15
0 43
49 1
10 23
24 35
42 41
43 49
43 39
34 17
18 33
12 6
8 9
24 12
3 39
33 6
4 2
21 3
29 22
35 22
22 5
15 28
18 16
8 36
23 0
46 16
39 6
19 41
11 48
34 39
0 49
19 9
31 3
34 23
9 30
17 27
31 6
36 13
29 1
25 49
20 16
45 29
33 39
24 37
26 0
11 31
32 39
31 24
3 11
26 35
5 48
18 27
32 37
47 10
10 6
48 21
49 37
44 37
9 33
20 35
15 7
38 0
46 5
26 17
10 24
34 31
6 35
4 30
12 10
7 47
45 49
32 15
47 26
47 27
15 12
33 3
49 9
25 48
6 28
45 33
15 5
10 14
11 16
22 38
19 46
39 35
42 37
43 9
3 44
43 2
29 16
11 28
32 1
6 15
12 27
45 35
40 30
43 32
43 27
33 36
48 14
46 35
40 12
28 19
11 9
20 44
34 7
5 1
41 48
4 8
12 35
5 23
45 32
11 0
20 19
23 11
39 30
28 36
