50
379 809 170 723 697 396 108 455 213 740 199 728 436 844 48 407 452 394 751 57 201 376 775 460 372 765 123 747 109 356 924 892 455 845 874 948 581 122 256 591 554 533 175 369 365 840 804 434 387 687 
10
4 959 171 64 644 296 823 858 363 114 
500
40 11
15 41
44 2
49 3
12 40
5 44
49 4
17 48
0 13
36 31
49 15
37 48
0 29
28 4
47 15
13 40
38 2
16 18
8 47
18 37
7 27
48 42
33 22
28 36
7 23
5 27
42 16
6 14
10 15
36 38
33 25
13 3
46 11
22 49
0 15
37 36
29 26
8 45
25 10
47 19
2 25
46 33
12 48
33 38
29 48
47 31
35 41
15 46
17 40
15 37
24 48
46 20
12 6
14 39
42 44
24 21
2 43
33 11
4 2
31 16
13 16
18 21
12 30
5 19
16 22
34 16
12 0
44 30
19 36
23 34
28 1
41 43
48 18
24 8
32 25
2 5
38 20
7 29
36 35
12 23
46 1
1 48
42 14
38 3
47 48
30 41
39 48
18 28
23 27
23 48
49 16
33 7
42 27
49 14
14 2
49 0
2 40
32 21
11 49
47 21
44 38
16 32
10 21
17 26
48 3
13 15
23 6
32 46
44 49
43 30
49 30
0 34
20 33
13 46
37 11
28 2
26 37
1 7
10 4
20 7
35 7
38 17
14 32
44 1
16 20
31 3
21 34
39 46
26 3
44 25
27 1
10 3
35 26
49 1
17 7
15 4
38 24
43 27
28 41
11 9
26 20
47 11
41 8
9 47
11 30
30 42
46 27
3 0
0 17
26 24
1 18
46 25
31 35
35 46
49 46
9 3
15 14
29 9
30 15
12 9
24 49
33 28
48 0
35 34
26 23
8 32
32 37
37 49
36 9
28 39
6 46
14 33
35 1
18 35
32 47
37 38
35 5
46 14
44 3
17 34
42 35
37 5
44 19
47 49
10 28
9 13
3 29
31 14
18 11
28 26
18 4
25 38
37 22
18 14
40 15
36 2
39 12
0 14
29 12
8 22
7 43
9 5
28 9
11 26
25 48
41 42
48 36
8 37
22 24
24 32
14 34
15 22
28 12
36 20
23 35
23 20
18 2
35 44
11 16
12 3
16 36
11 25
49 39
14 8
5 11
29 10
1 17
29 38
7 11
33 32
12 7
45 17
1 41
16 5
49 48
48 11
29 31
25 14
43 14
15 19
47 14
1 20
10 45
27 10
0 10
49 10
34 47
27 9
33 18
41 47
38 27
47 2
35 27
38 30
23 28
11 10
41 22
39 10
39 36
25 37
16 30
13 18
30 31
25 22
0 47
22 6
30 48
41 12
0 16
22 9
29 19
6 43
17 35
27 47
45 13
31 23
2 26
43 17
10 37
34 39
40 7
21 13
24 42
28 17
20 21
4 9
44 4
0 22
11 2
5 8
32 0
45 41
28 5
19 41
14 37
1 9
26 12
43 35
23 3
1 3
4 35
34 42
0 45
23 14
26 1
16 19
21 42
1 16
8 10
5 7
23 8
28 35
44 46
3 18
38 7
47 42
13 12
32 28
29 39
34 48
24 0
41 37
39 2
12 16
20 18
4 41
19 34
38 4
5 26
16 48
41 24
33 5
42 17
17 19
15 48
27 31
23 46
8 27
28 37
39 9
26 21
23 33
27 13
12 4
21 43
5 46
24 35
35 3
40 26
34 12
35 45
26 44
38 47
39 31
25 19
43 8
49 43
37 17
20 19
29 22
31 15
25 43
37 2
11 45
15 8
39 30
45 39
27 37
20 41
46 26
31 34
35 19
48 43
40 27
43 32
2 7
31 0
23 25
43 1
34 26
34 41
30 25
23 24
43 5
16 7
4 22
14 28
41 32
47 1
40 3
8 18
42 10
24 46
28 47
24 13
22 10
35 21
14 1
30 14
41 46
47 35
34 15
13 22
2 13
39 35
29 8
9 45
4 21
45 5
5 31
37 6
21 25
32 38
42 5
12 2
23 41
39 22
16 2
39 4
14 41
26 41
40 36
4 32
23 47
7 19
42 39
42 12
21 28
38 42
41 40
15 35
4 26
18 0
3 30
28 0
3 6
37 19
7 10
38 13
2 15
36 26
14 29
1 2
8 19
19 14
46 18
14 27
9 44
33 49
38 31
37 45
32 12
21 36
34 44
46 28
36 5
29 46
0 33
19 21
33 45
26 38
40 33
21 7
35 33
15 28
40 43
44 39
28 22
19 30
21 40
1 42
4 42
35 20
9 42
15 38
30 45
29 32
4 31
43 22
25 47
28 42
24 28
11 4
4 16
42 3
43 46
18 40
4 6
28 7
32 39
2 24
16 21
28 27
18 30
31 26
48 7
28 45
45 1
28 48
41 36
