50
224 454 184 552 205 530 891 199 38 61 518 276 763 40 975 127 236 754 416 556 428 401 670 545 111 645 268 175 771 937 373 115 124 429 946 238 537 283 444 132 604 680 156 830 42 492 120 668 230 344 
10
446 941 284 33 108 354 969 978 964 971 
500
40 34
18 11
41 9
18 42
16 27
24 1
42 5
16 36
20 49
26 18
3 2
29 14
41 32
3 28
5 2
3 10
47 26
25 22
11 0
27 47
41 2
45 17
45 35
49 7
4 7
4 10
13 37
26 21
42 30
10 2
21 27
19 13
11 49
42 44
35 7
4 22
5 0
39 34
26 49
14 19
36 30
14 28
26 41
30 6
9 42
22 18
15 24
17 28
26 43
15 8
39 36
9 16
7 17
42 41
47 1
46 43
30 28
30 14
18 6
47 40
15 42
8 14
33 4
46 0
45 33
13 42
10 11
37 38
28 34
0 29
45 43
32 40
14 39
46 6
20 16
10 7
19 9
30 13
28 13
21 10
34 29
16 11
17 43
22 23
37 34
42 6
43 1
24 7
28 5
5 41
36 14
35 25
26 19
8 21
1 25
6 47
30 0
38 48
22 15
36 18
37 40
17 11
12 17
44 24
32 12
38 20
39 25
30 35
28 45
37 33
33 2
23 47
19 49
16 48
28 20
33 8
14 43
7 21
33 13
24 17
21 1
40 24
14 3
3 46
30 18
49 45
24 41
21 44
3 33
7 29
16 2
18 37
47 43
15 2
34 7
3 13
24 6
19 45
5 40
38 46
18 16
12 15
14 32
23 21
23 36
11 38
40 26
44 28
45 11
6 14
20 12
1 27
15 10
6 5
35 5
38 39
22 7
5 39
34 1
10 46
21 25
15 6
26 1
26 32
44 35
13 6
49 30
47 25
28 6
36 26
20 31
39 40
21 43
10 44
16 6
27 41
38 27
44 37
27 33
37 28
45 27
25 18
4 25
6 3
13 20
44 32
29 30
17 6
13 24
22 47
4 47
8 13
31 23
33 22
33 43
14 2
32 39
34 23
39 21
0 8
26 20
38 14
18 14
19 29
34 24
19 33
49 1
46 47
14 41
9 43
26 31
0 37
27 30
33 11
23 24
30 19
38 19
47 20
29 6
40 6
44 20
13 43
24 32
34 47
38 8
31 7
40 15
1 44
36 34
36 41
12 8
48 4
2 34
16 4
29 8
40 38
24 20
15 49
34 6
15 27
36 35
44 33
34 16
10 25
16 42
27 10
41 25
7 5
18 20
23 33
35 18
46 41
18 32
39 7
0 15
12 14
30 26
9 33
49 16
7 16
0 48
19 42
8 24
12 26
33 28
35 17
27 31
22 39
4 11
44 23
20 6
18 4
3 42
49 44
31 17
20 43
32 0
33 29
12 22
17 2
25 17
17 49
22 19
34 42
34 11
24 21
4 1
3 7
41 16
8 41
34 33
47 45
6 12
46 42
2 22
43 42
34 10
6 36
37 48
12 1
40 10
22 3
31 14
16 14
47 28
27 39
25 8
38 42
27 24
6 1
29 24
48 49
5 22
45 34
37 10
4 36
0 1
38 32
12 48
38 33
22 16
19 17
45 7
29 12
15 36
36 33
48 30
29 35
11 24
44 11
17 8
46 18
1 36
9 14
44 6
17 13
4 6
45 41
45 44
3 37
35 38
36 25
48 36
43 22
39 2
28 48
25 28
22 45
13 21
5 17
16 29
4 14
22 29
46 29
25 20
13 39
1 3
40 23
9 6
31 40
2 36
18 24
41 10
29 31
49 32
28 23
43 4
45 37
47 24
26 37
30 41
21 16
36 49
23 42
11 28
37 16
47 37
13 49
2 13
35 20
27 18
40 12
1 17
22 1
23 11
45 1
36 17
40 28
2 43
18 12
29 45
6 39
25 24
8 39
42 49
25 2
18 19
4 2
22 20
17 38
19 23
5 30
13 41
12 47
36 27
6 49
48 6
6 22
34 14
43 19
24 33
44 7
8 49
30 12
39 26
20 45
46 5
35 6
27 13
37 8
24 12
37 29
46 32
16 35
43 38
5 25
45 38
26 25
43 27
0 16
33 15
15 17
18 0
44 36
42 17
36 20
45 40
11 27
26 9
26 33
21 49
5 12
45 23
15 30
31 21
17 23
40 36
7 47
45 31
48 34
13 29
2 24
45 32
39 4
11 40
35 11
25 37
1 19
0 9
23 9
49 37
13 5
6 10
43 0
9 46
11 21
12 19
47 42
19 0
11 15
42 26
7 38
8 10
12 7
40 35
34 35
27 14
2 20
31 19
33 35
2 19
44 46
14 5
45 2
20 32
39 45
5 29
19 7
43 12
48 3
17 21
25 44
34 22
26 0
37 12
9 45
11 48
6 19
16 39
46 33
