50
968 840 173 956 289 565 620 380 504 846 487 360 518 712 209 623 832 922 279 388 29 686 830 657 433 967 704 854 64 941 548 775 17 451 841 330 569 743 820 726 200 604 696 674 394 370 115 448 755 327 
10
97 640 701 783 177 610 2 272 969 105 
500
22 9
32 36
46 43
1 12
32 15
44 26
25 48
45 46
21 14
25 24
43 45
28 27
0 46
14 30
32 8
42 13
24 23
17 48
42 21
37 1
17 43
49 42
15 14
49 48
17 22
18 10
36 19
38 44
49 13
26 16
32 7
47 10
46 26
0 17
23 31
34 40
48 23
42 35
48 31
7 39
31 8
24 7
10 25
14 11
18 31
42 32
48 3
24 46
23 3
37 38
21 34
48 12
16 33
22 20
43 33
47 45
19 47
48 43
29 14
9 0
2 35
35 18
34 22
10 28
36 18
11 39
6 28
27 22
18 47
35 12
28 9
19 38
11 34
10 16
14 41
31 4
20 25
30 24
33 10
26 48
1 17
24 26
44 36
0 27
27 16
0 19
15 36
17 26
8 13
20 42
33 14
7 34
9 3
33 5
17 2
24 44
22 3
44 0
12 7
44 12
42 10
9 38
20 7
38 24
40 46
14 10
29 6
15 5
26 1
46 28
22 37
38 43
22 48
40 16
22 39
12 32
0 22
25 2
26 27
4 15
11 15
27 24
31 20
4 3
11 40
7 26
8 2
27 19
35 49
20 44
45 39
3 21
15 49
49 9
45 9
23 7
39 29
43 7
39 28
8 18
0 35
20 11
28 36
4 49
39 24
38 47
2 7
20 35
28 13
8 38
34 44
16 1
34 17
14 18
44 10
32 24
16 19
4 45
7 48
22 35
44 3
34 8
23 16
0 18
42 27
12 16
25 13
42 33
13 22
5 14
28 15
6 17
13 20
23 32
10 15
33 19
24 18
29 19
26 11
40 36
30 48
2 18
0 12
25 30
10 41
35 37
12 49
43 35
46 15
13 5
3 42
6 34
49 27
21 15
25 26
20 33
39 23
47 17
20 21
26 12
38 1
15 35
49 31
11 10
19 43
5 20
40 27
2 27
30 43
24 36
43 1
4 26
41 35
28 42
42 5
2 11
33 22
12 37
47 42
32 34
22 42
27 41
49 46
38 49
12 28
41 16
21 18
8 30
8 28
10 37
39 15
43 47
29 8
29 15
12 47
10 5
19 30
40 5
35 21
4 2
27 9
5 43
29 5
19 2
24 47
4 38
29 38
32 11
31 25
29 46
27 44
9 10
8 14
34 47
16 9
17 20
31 28
3 15
13 4
27 36
23 17
6 1
33 18
5 12
2 5
48 10
12 36
10 2
0 1
16 34
19 39
42 17
7 6
49 45
6 12
48 44
44 30
30 40
15 34
16 24
43 18
46 42
5 48
11 8
3 31
36 0
26 43
48 0
6 48
7 42
30 45
5 8
3 7
42 18
44 37
19 18
24 2
44 25
17 38
29 26
5 44
43 49
42 9
47 35
6 49
48 42
33 45
16 36
19 25
49 40
48 47
3 45
43 10
13 47
2 9
20 28
42 16
35 45
9 39
30 33
5 38
35 9
46 3
48 32
4 37
38 27
8 16
18 6
34 36
21 32
34 2
19 41
31 41
27 46
2 28
32 39
10 21
21 24
27 34
36 13
24 34
26 47
7 41
25 6
30 10
36 48
44 22
26 9
15 12
21 25
43 40
30 49
45 14
19 5
8 0
34 4
40 1
21 13
37 29
41 32
48 21
12 18
3 16
14 13
44 7
48 46
10 22
33 11
23 13
21 26
1 15
46 41
7 8
29 32
1 31
11 6
14 35
15 40
15 30
2 21
41 28
7 38
43 42
33 12
12 40
27 11
34 38
14 7
26 13
16 21
8 22
29 17
41 24
22 18
34 43
40 18
38 2
45 16
45 8
30 27
20 34
22 23
43 2
44 43
19 10
43 20
39 47
0 34
15 17
11 38
9 12
35 39
9 25
12 30
48 2
28 35
31 38
0 42
13 41
17 41
22 40
41 42
47 14
19 23
44 18
30 1
4 43
2 31
10 45
22 7
15 20
26 5
23 33
0 38
12 21
0 24
16 17
2 44
13 16
49 2
13 39
37 36
3 18
33 3
17 30
21 8
0 25
41 43
38 32
15 6
35 13
32 0
19 49
45 2
25 32
31 35
43 11
42 4
3 40
20 32
35 3
35 4
26 36
39 33
46 38
41 12
37 27
7 11
19 13
11 28
40 6
12 20
42 38
34 18
46 34
6 26
47 20
17 25
14 9
5 49
39 31
31 26
25 35
37 40
7 36
43 12
15 27
46 22
38 6
43 25
4 6
25 46
14 48
10 31
48 9
8 46
18 1
23 5
7 45
33 49
