50
333 306 4 716 924 52 579 808 700 912 409 402 132 542 904 570 599 397 916 228 522 198 279 568 108 289 396 311 580 750 476 404 474 639 681 524 652 569 518 726 69 68 463 601 288 668 350 616 508 406 
10
740 46 974 852 912 463 635 675 305 569 
500
8 18
35 29
43 48
27 0
33 3
9 39
48 35
6 33
38 36
27 20
42 8
9 38
23 31
34 25
2 33
7 40
30 25
49 32
21 43
23 48
34 21
40 43
33 44
22 30
8 16
10 17
27 4
28 20
7 0
42 31
13 38
31 2
37 34
8 37
42 13
31 43
38 8
18 39
3 4
31 30
30 36
26 44
21 36
23 35
26 40
41 45
17 42
30 37
1 24
41 25
18 29
26 29
10 49
48 28
20 5
33 27
3 46
9 11
21 1
40 25
26 4
44 21
35 44
29 47
18 35
2 47
34 32
30 21
40 38
19 49
14 28
38 41
3 20
3 25
17 25
1 36
35 42
6 49
15 45
35 14
38 33
49 44
49 37
17 26
23 2
13 25
3 40
20 34
42 47
19 6
27 35
44 45
19 37
35 12
13 21
47 43
0 39
17 0
30 24
38 47
19 36
29 40
5 14
33 47
29 11
5 7
43 4
29 28
21 2
29 12
22 5
32 20
9 18
29 4
24 16
26 12
49 28
34 18
22 23
36 43
5 30
2 35
30 42
37 17
4 30
41 44
39 16
21 12
8 24
36 16
41 49
31 35
34 39
28 39
26 23
48 5
25 29
9 30
21 40
5 12
22 16
40 16
15 31
1 19
2 6
7 48
29 36
13 45
41 6
39 26
27 23
7 47
21 33
6 39
28 1
28 33
34 26
10 7
45 2
33 26
1 6
31 24
49 47
21 24
21 41
15 5
1 23
4 6
0 14
44 18
30 18
46 49
10 27
30 13
15 32
24 4
10 48
36 0
13 33
21 37
48 3
8 40
26 14
47 12
17 5
7 20
38 23
10 14
1 15
36 3
20 18
8 21
9 5
17 34
38 11
14 29
30 41
27 2
40 39
4 0
9 47
14 2
24 27
16 44
0 18
10 44
10 45
34 12
0 15
21 45
49 48
29 30
19 17
17 36
0 35
12 14
0 2
2 49
31 9
27 45
34 27
42 27
38 49
26 13
19 5
31 49
15 6
30 14
16 11
12 31
49 12
10 22
4 23
4 39
11 45
28 43
24 38
7 1
47 31
19 39
3 43
3 21
25 4
4 49
4 36
32 12
34 42
37 29
35 8
9 6
3 24
7 8
11 33
24 46
0 29
47 15
2 44
48 19
32 16
48 16
22 47
41 5
10 30
26 10
12 18
44 29
49 24
21 46
0 13
15 27
42 4
43 1
5 40
10 2
46 5
30 7
43 17
28 38
19 34
23 16
28 24
16 31
43 22
47 32
40 4
25 8
31 28
6 47
27 36
44 14
15 25
28 15
41 1
18 32
26 11
15 35
27 11
46 8
11 46
7 43
19 41
9 28
1 30
44 24
11 7
20 31
49 43
7 13
33 34
35 13
29 19
0 10
27 39
0 6
11 47
29 39
45 49
27 38
32 6
48 29
38 5
46 22
35 17
31 19
16 2
16 33
9 48
40 9
25 36
26 28
32 0
42 20
10 46
49 42
35 11
11 34
15 40
27 31
33 43
19 30
25 37
18 3
11 19
21 27
4 44
29 45
26 16
29 31
43 14
28 47
23 33
23 8
33 31
11 12
45 33
2 15
42 44
1 11
26 38
10 38
10 15
8 36
39 1
36 32
41 32
17 12
12 2
37 46
5 8
7 32
18 7
43 12
5 25
34 3
21 6
35 39
31 41
3 17
1 29
37 27
7 24
32 35
11 40
18 13
43 24
19 44
6 30
47 17
2 34
0 16
45 26
5 37
2 46
2 19
24 5
43 42
46 14
3 47
11 37
6 20
13 1
23 15
17 23
16 42
11 30
24 6
15 30
42 36
2 22
30 44
41 29
24 0
19 3
24 34
33 30
20 2
44 37
19 22
17 39
47 46
45 34
28 0
42 29
3 10
39 8
1 49
42 45
45 3
16 25
12 20
3 39
21 16
43 25
25 21
23 28
36 33
23 30
34 14
27 16
6 36
19 13
33 15
10 21
9 3
39 25
34 31
47 23
29 10
1 34
10 34
2 43
9 0
33 7
8 15
8 9
39 33
49 26
30 0
2 9
41 24
8 41
33 10
8 28
48 44
29 5
22 18
27 12
16 20
23 14
14 42
17 4
42 3
2 13
27 28
10 16
21 47
34 38
37 39
16 46
40 46
47 0
15 36
38 20
38 2
37 48
45 24
1 4
20 48
38 0
46 39
19 26
13 31
2 39
21 14
46 9
48 22
16 6
47 48
17 40
16 4
