50
848 369 699 550 656 23 534 522 749 476 992 208 577 744 506 435 734 356 513 132 262 401 391 771 989 660 85 413 573 318 18 43 905 745 951 701 258 558 533 202 3 323 355 812 261 473 924 539 411 25 
10
371 995 191 807 149 139 787 30 321 161 
500
9 33
21 37
41 5
30 25
1 30
42 33
0 34
19 15
31 21
9 4
36 28
22 0
34 42
8 5
1 13
8 17
11 25
17 4
19 14
30 38
3 39
15 5
33 13
2 8
26 5
26 20
46 22
45 32
41 9
18 33
44 38
37 47
7 4
34 2
10 1
38 4
4 8
26 41
39 45
5 12
15 20
35 3
0 8
23 19
12 39
30 11
12 34
18 21
17 33
3 2
22 10
43 27
33 10
23 11
49 42
43 12
4 45
34 3
45 27
22 23
20 30
29 2
16 41
17 22
11 36
18 29
12 32
28 32
47 45
14 38
44 17
17 41
19 1
26 13
25 44
29 7
24 17
2 0
1 44
15 22
0 24
49 43
9 38
14 9
35 10
17 13
38 15
41 34
29 0
46 38
31 16
31 17
21 28
25 47
31 6
40 12
13 16
13 3
13 0
39 33
29 39
30 24
20 11
32 34
39 20
35 23
41 27
49 13
8 47
5 45
38 22
8 27
46 31
23 37
33 28
38 11
45 37
12 15
48 11
36 3
39 23
4 46
5 33
35 20
3 8
34 48
37 26
7 44
11 7
23 10
13 46
3 5
16 6
31 14
14 36
28 43
34 45
48 36
40 4
2 15
39 15
29 48
4 28
18 25
11 15
10 44
1 37
16 40
10 15
12 24
27 2
42 30
30 46
30 19
18 10
8 15
8 37
29 42
28 18
23 32
46 45
8 35
30 43
21 8
36 1
35 32
12 0
0 41
11 26
27 37
19 10
22 33
19 26
24 38
12 7
18 34
16 48
40 30
48 22
39 47
42 25
5 46
46 40
49 19
44 31
21 38
19 25
17 48
10 40
49 17
26 30
27 24
15 47
37 33
35 21
16 39
16 4
1 16
3 25
38 35
22 19
48 33
29 1
47 31
49 27
6 3
32 38
10 8
12 29
48 1
18 13
12 46
2 25
14 20
43 39
17 32
5 29
21 3
17 40
2 20
48 45
36 4
22 32
19 18
1 23
42 14
25 37
44 33
35 33
6 2
44 4
46 2
27 40
33 49
29 3
2 1
44 18
9 13
42 10
23 27
6 15
3 45
45 8
27 16
44 41
28 31
21 7
6 4
0 4
14 39
4 13
20 17
27 1
43 36
47 29
7 33
33 47
18 16
5 37
37 24
31 8
11 29
29 25
48 6
14 33
30 7
15 42
43 26
49 34
48 23
14 1
10 17
10 32
9 8
4 15
24 26
18 35
8 24
40 31
23 25
21 46
31 39
36 10
0 14
26 4
11 0
30 45
12 27
21 39
49 18
16 46
0 25
14 3
3 12
0 35
6 40
27 10
37 13
1 43
9 36
26 8
20 40
17 26
23 30
7 17
46 27
14 47
31 43
3 33
24 18
2 18
9 5
41 23
21 2
8 12
16 32
1 41
28 20
30 16
48 7
23 28
4 1
22 20
49 7
4 32
11 21
36 27
31 33
37 3
37 36
45 22
8 16
4 24
39 28
26 36
21 49
26 34
0 40
31 26
28 40
31 1
3 24
39 37
27 29
30 21
36 24
9 35
14 4
18 47
9 32
47 21
28 47
13 43
39 0
33 26
38 2
47 27
0 20
23 45
38 16
46 1
16 34
13 28
6 24
36 21
21 44
10 7
24 11
7 15
41 3
24 9
35 4
10 2
33 24
47 44
26 42
46 20
27 9
47 26
28 6
32 46
21 29
17 25
10 12
7 13
5 24
0 32
22 21
26 1
6 13
0 46
33 41
16 3
37 29
37 7
28 35
44 15
0 16
48 37
49 14
5 48
36 49
25 33
19 13
42 40
16 5
31 0
48 20
27 30
48 12
22 9
6 11
46 9
41 7
38 10
29 6
15 34
15 35
13 27
35 2
44 0
0 1
28 16
30 0
25 48
42 21
31 5
3 49
17 37
34 25
38 12
41 29
4 49
22 7
24 29
9 2
2 5
13 38
30 3
7 27
22 47
38 31
0 21
30 36
35 26
18 7
49 28
13 22
5 10
11 27
33 21
14 13
42 9
31 45
11 3
36 16
39 30
48 31
22 40
12 49
49 47
14 22
40 24
41 13
43 32
20 12
32 31
34 14
0 38
9 10
18 1
17 45
18 37
42 37
26 9
26 7
31 41
42 12
35 12
25 40
28 26
0 18
23 44
25 41
27 48
28 46
17 14
22 4
4 20
40 23
47 2
25 43
13 47
28 19
20 19
40 49
14 32
15 40
32 15
45 13
