50
629 316 720 596 487 131 867 884 970 852 203 39 609 398 404 645 345 107 970 696 253 676 792 835 435 43 584 516 430 358 19 448 942 263 855 954 37 487 611 863 295 507 353 726 661 676 373 527 515 205 
10
725 618 704 833 276 374 988 486 573 82 
500
47 18
28 0
30 33
2 8
31 11
7 3
24 22
15 22
17 46
47 27
12 21
3 6
41 36
13 39
27 9
49 25
17 20
15 11
29 39
49 4
25 1
35 32
9 42
27 7
44 1
48 40
38 34
7 16
41 4
35 11
8 41
22 20
10 31
31 8
35 28
32 7
31 28
41 33
26 45
32 20
26 36
34 28
32 27
37 16
35 23
36 14
27 19
14 43
19 16
30 25
42 20
4 10
30 1
14 25
48 37
49 8
47 48
19 22
29 15
47 2
17 23
16 47
16 45
15 20
17 44
20 36
2 39
32 2
21 31
2 34
19 45
37 23
3 0
4 43
2 36
47 1
16 32
11 12
49 21
42 5
27 25
14 11
43 30
29 3
44 40
46 27
48 33
7 9
38 3
22 42
26 48
31 25
19 6
21 41
35 2
26 24
26 21
1 20
43 15
24 4
3 14
9 35
27 17
1 26
22 28
37 21
44 24
18 6
22 18
30 42
24 3
21 36
8 16
48 43
21 48
11 41
12 43
27 23
14 18
2 3
19 47
25 4
8 39
30 28
49 44
37 42
9 41
25 44
0 31
16 41
21 17
19 32
44 3
41 6
27 21
33 16
2 46
22 30
47 9
36 16
18 37
12 24
14 2
20 25
19 5
6 34
40 26
19 43
24 5
10 13
23 18
10 45
15 24
6 26
25 40
38 20
17 13
29 49
42 35
46 30
48 31
3 9
4 2
42 24
3 43
20 16
11 23
42 29
5 17
11 16
20 14
29 5
7 13
3 4
17 48
37 15
32 22
34 10
12 17
19 46
33 11
11 1
49 19
4 38
22 47
44 7
8 19
13 2
20 44
47 36
41 39
41 46
28 21
26 37
8 48
37 46
29 6
25 2
25 45
4 42
33 2
17 28
38 48
3 30
22 34
49 28
23 42
42 36
36 31
20 6
6 2
0 27
13 37
23 9
28 13
5 34
5 14
23 46
33 20
13 49
25 6
12 31
37 10
40 20
7 29
16 10
8 47
23 22
36 1
48 0
15 5
28 48
6 11
24 25
48 35
39 23
48 42
20 5
8 22
30 36
6 4
6 35
40 45
9 15
15 19
32 44
11 45
30 24
42 31
32 0
19 11
36 34
12 8
36 29
8 6
37 6
27 20
30 20
19 0
34 18
20 26
37 28
27 1
10 14
15 28
48 11
11 29
17 22
44 33
20 23
46 7
4 30
49 35
29 22
14 35
2 17
3 8
21 32
44 13
32 45
44 37
33 19
45 47
31 44
2 10
27 42
5 2
27 26
25 38
25 5
29 37
24 34
27 3
48 20
18 33
18 15
14 26
29 32
23 8
38 30
30 16
2 9
38 40
38 28
37 20
38 12
28 39
43 23
41 20
20 12
40 17
48 19
28 3
6 38
7 36
42 19
20 18
32 48
36 44
43 11
30 0
27 12
22 40
15 10
8 42
46 26
40 15
38 26
25 36
14 22
17 24
15 32
10 38
31 16
31 33
29 13
5 8
34 39
13 26
2 11
30 29
29 43
29 9
2 43
31 15
18 9
7 10
12 18
8 14
48 14
6 1
37 25
49 16
20 3
4 46
27 15
36 39
1 2
43 32
9 16
16 0
43 21
45 8
49 31
10 22
0 36
15 8
18 45
24 19
17 26
42 38
25 29
2 27
0 29
18 31
6 23
24 7
35 31
32 41
44 10
39 14
45 43
39 4
10 29
23 2
22 33
0 15
47 10
35 34
46 25
11 46
5 21
11 20
14 28
35 0
46 42
12 25
29 26
12 44
26 39
40 18
9 49
18 17
23 1
8 9
6 14
45 20
49 34
35 27
42 10
41 19
9 25
41 3
11 44
40 11
18 36
30 17
35 16
47 15
12 9
25 15
13 8
45 6
43 8
15 6
34 1
34 0
3 18
27 44
28 2
26 42
34 47
15 35
11 39
9 11
5 43
39 25
5 48
33 12
1 16
35 33
33 13
33 10
7 34
42 40
16 44
23 29
24 37
8 4
17 10
30 11
10 9
24 23
31 32
44 46
3 19
32 40
6 31
11 28
30 21
10 30
49 24
3 47
1 18
47 25
4 44
37 31
23 41
37 30
17 9
39 5
44 0
17 43
49 14
22 41
40 30
27 38
28 7
28 41
31 2
41 1
17 37
20 21
20 7
42 25
25 23
29 34
24 36
17 38
28 23
40 1
40 0
40 3
4 37
24 32
48 15
43 9
32 11
47 33
19 37
