50
225 263 506 29 181 239 198 309 627 686 559 665 159 691 54 35 846 607 562 726 85 601 254 17 898 916 311 355 30 358 422 8 878 844 463 843 863 955 305 795 923 754 542 11 389 520 60 804 872 242 
10
909 604 643 879 155 713 649 999 300 490 
500
6 5
38 33
35 12
28 49
49 24
15 26
24 20
32 33
0 44
3 39
7 1
28 10
2 20
42 14
20 41
7 26
45 9
23 20
37 28
22 9
21 27
25 37
1 2
28 22
29 31
24 23
26 47
2 36
5 7
48 5
23 27
6 2
19 15
27 18
32 45
6 33
18 17
35 39
32 13
5 32
47 12
47 37
44 26
34 3
38 45
42 15
11 43
11 45
17 8
5 29
13 30
24 45
33 24
29 10
10 41
36 18
43 32
42 37
8 36
29 1
5 4
1 23
39 13
37 24
12 16
49 22
4 28
1 43
28 31
3 27
43 47
4 11
30 45
15 8
25 2
31 12
39 28
47 29
31 48
17 13
18 4
7 45
11 37
42 7
40 19
46 5
46 26
45 47
2 4
43 0
25 7
25 3
46 29
4 32
42 43
15 39
24 18
47 38
26 39
48 29
37 38
4 15
44 17
25 36
40 4
32 12
9 12
29 12
6 35
12 42
9 42
49 29
32 24
27 45
48 3
4 16
32 34
18 35
35 36
31 10
0 38
8 12
0 33
29 24
11 17
7 35
14 6
37 39
11 49
16 11
25 15
31 32
20 42
25 46
36 48
28 16
6 12
40 1
34 48
44 31
37 1
3 1
45 22
38 22
0 13
27 7
11 40
48 20
6 0
6 25
44 48
23 15
40 5
40 21
37 20
29 22
44 38
1 12
14 40
26 2
43 44
3 7
9 39
28 21
2 42
22 16
1 10
17 43
20 7
21 5
23 36
19 0
34 43
45 19
39 33
22 34
2 48
31 27
24 13
16 0
6 10
40 30
40 15
34 35
30 24
27 28
3 14
22 31
14 19
38 49
8 3
5 14
6 23
31 25
10 26
41 3
6 38
12 5
15 29
34 45
11 36
16 43
39 1
32 26
46 43
31 19
26 49
3 21
11 46
24 21
49 4
37 5
42 26
24 14
34 7
49 5
22 36
43 41
20 27
36 44
23 5
18 31
6 30
5 35
32 2
2 28
11 0
22 32
42 30
6 8
35 20
5 24
10 49
34 24
26 30
42 29
37 31
8 47
15 45
5 44
23 38
32 44
35 19
43 23
40 27
40 44
39 10
12 11
8 37
35 2
26 6
25 45
43 27
44 14
12 49
5 31
45 46
29 13
40 12
34 23
39 4
40 23
19 29
28 17
36 9
20 0
49 48
15 16
39 12
12 0
10 44
8 29
48 37
13 33
45 18
41 27
43 39
19 17
43 15
39 31
41 0
12 15
37 2
16 42
42 38
24 10
46 48
13 4
3 5
24 28
25 23
8 32
10 23
47 0
9 4
34 41
8 42
1 47
0 26
42 23
23 21
14 28
39 5
23 17
25 35
29 7
30 7
14 9
9 6
12 45
9 24
6 48
24 40
33 44
1 20
24 43
8 19
7 10
46 41
45 21
26 5
11 30
29 45
8 48
5 45
42 24
20 4
21 16
4 31
20 47
7 32
34 2
48 1
27 9
48 17
15 1
3 47
18 48
34 1
40 34
35 1
32 6
9 44
32 30
32 37
3 16
6 39
15 37
2 38
11 29
22 41
5 33
31 38
44 11
35 4
8 25
45 39
12 34
2 5
26 8
15 9
11 2
37 46
4 38
41 31
29 28
27 15
42 47
40 47
15 11
32 41
9 28
43 14
49 0
18 43
21 17
43 5
36 1
40 28
22 18
26 9
26 13
21 10
19 12
9 19
27 34
29 21
6 28
4 25
41 42
12 43
12 23
45 4
30 46
45 31
1 42
47 15
31 46
21 34
5 19
12 38
0 35
48 35
14 41
12 46
16 25
33 18
24 46
36 4
12 18
10 17
33 30
15 28
13 15
21 6
3 20
17 35
20 28
28 34
3 30
10 12
23 19
5 38
18 6
34 14
11 47
16 39
29 16
35 15
0 3
13 48
22 0
18 39
45 23
36 47
43 36
23 37
16 27
34 25
24 6
45 35
29 44
17 20
17 27
49 6
49 13
21 12
17 49
20 30
26 16
6 29
16 2
0 4
27 8
41 30
37 29
21 47
47 2
37 18
38 10
9 5
4 42
33 25
16 40
20 16
36 17
8 20
30 0
45 3
42 10
49 8
49 3
49 18
36 12
29 3
20 26
16 49
20 38
37 41
2 46
5 42
25 0
31 20
8 40
40 33
9 13
5 28
37 12
46 0
16 23
11 26
7 22
29 34
49 36
16 5
3 37
5 47
22 19
30 1
42 11
