50
938 852 211 89 925 106 539 696 263 127 138 808 211 296 15 664 371 277 621 141 735 365 496 284 201 71 369 546 430 635 277 106 765 316 540 629 460 369 721 309 506 63 747 940 164 502 584 609 581 670 
10
438 979 959 941 656 224 245 741 950 515 
500
40 28
9 26
21 3
11 25
33 6
24 4
39 40
39 17
34 8
45 46
17 43
10 19
29 32
10 9
47 17
40 32
45 0
8 22
21 38
36 21
18 9
18 24
21 31
27 34
37 40
24 28
20 33
3 5
3 29
37 44
44 8
49 38
27 20
19 7
35 17
1 42
24 1
48 0
10 15
13 33
38 45
19 31
46 16
18 29
11 24
22 23
11 32
29 13
38 40
5 26
20 19
38 4
34 28
45 28
35 7
13 38
34 20
46 17
6 11
21 42
26 41
0 15
33 38
1 37
40 46
6 40
16 0
45 8
23 47
10 27
38 25
24 20
21 2
30 24
10 14
7 15
29 35
1 12
21 30
21 13
22 9
9 23
44 24
21 22
38 1
17 45
19 23
35 33
44 43
43 45
39 37
41 7
37 31
43 39
45 13
44 32
31 14
45 32
22 11
14 3
41 24
30 39
40 24
31 12
39 7
16 25
21 48
9 15
36 39
34 0
30 0
34 33
10 42
13 46
11 21
9 46
23 16
35 28
48 5
48 19
35 46
37 43
25 30
33 42
12 8
26 37
2 30
28 30
48 10
40 9
38 24
4 25
17 49
34 4
42 4
8 28
8 7
36 35
39 45
47 19
30 1
47 43
15 19
0 40
33 37
23 29
31 45
35 24
45 40
48 30
45 23
20 39
8 39
48 7
4 28
32 43
11 23
26 43
14 22
7 49
2 9
5 15
4 41
0 46
20 31
33 23
11 45
31 3
47 21
36 7
4 17
33 32
7 24
20 47
26 29
30 33
21 43
7 12
6 27
20 43
42 2
40 14
16 2
25 49
40 13
34 30
22 27
28 46
42 36
35 15
28 25
8 14
1 46
23 20
22 15
31 27
16 12
17 11
17 33
7 28
32 6
6 1
28 44
49 0
18 33
3 6
22 32
23 18
40 20
32 39
5 41
31 34
13 17
26 44
44 23
2 32
42 18
17 3
34 35
36 5
35 30
39 5
24 12
5 4
14 16
43 36
19 25
9 37
9 11
3 39
0 7
38 43
15 14
32 26
49 34
47 36
5 6
38 23
31 24
6 26
11 19
39 12
5 16
2 43
30 42
44 15
8 15
21 12
42 32
20 35
46 6
29 37
27 35
45 30
1 2
9 8
3 8
29 10
42 38
5 20
45 24
37 6
21 19
21 44
40 12
18 21
39 13
39 24
10 6
20 2
8 1
29 41
36 27
28 19
11 28
24 15
49 29
18 25
30 49
47 41
0 19
8 25
19 18
30 6
38 31
47 6
36 18
26 4
29 27
47 8
11 42
26 11
38 26
29 39
15 47
27 2
39 22
2 18
36 19
48 23
21 29
43 41
1 47
18 4
12 32
22 34
35 44
24 0
8 0
48 28
15 26
18 11
23 28
32 0
15 36
33 5
0 36
20 14
9 3
21 6
17 15
4 23
4 13
5 11
4 0
49 24
24 8
37 4
17 41
18 47
22 4
11 7
38 14
7 27
6 35
3 45
3 27
35 23
40 17
16 39
48 32
7 31
10 38
8 43
39 23
14 19
16 19
6 13
17 16
33 9
35 19
47 38
49 48
38 0
18 22
5 14
45 1
15 27
35 13
13 2
49 46
32 47
9 12
27 48
28 18
42 13
32 31
0 12
8 48
3 36
27 16
25 29
14 41
42 37
48 47
26 17
5 30
1 49
25 24
25 23
9 43
9 31
12 17
6 22
30 26
14 44
2 40
31 18
14 39
28 12
35 22
43 49
17 22
7 17
32 18
1 44
4 11
34 39
5 42
22 38
23 42
13 11
2 33
20 1
19 38
25 15
40 15
46 5
48 16
15 16
9 1
31 36
46 22
48 40
10 49
30 37
29 45
15 21
8 23
27 28
3 1
34 11
27 43
11 33
37 28
48 13
36 26
31 35
8 19
48 6
39 31
2 35
21 14
34 15
9 29
16 24
2 0
11 48
26 10
7 43
29 34
41 49
21 46
29 24
27 13
21 32
43 3
1 40
40 27
11 12
1 5
33 29
6 18
22 36
16 44
12 14
6 23
16 41
46 25
26 7
13 43
6 24
26 16
27 23
20 12
41 3
40 43
17 14
6 44
10 20
28 26
19 6
33 14
20 4
48 4
39 4
38 17
27 37
12 15
20 38
11 39
4 31
14 2
44 22
23 46
45 36
7 38
26 25
35 32
18 48
26 2
25 0
47 24
27 4
5 25
20 30
12 19
31 5
31 46
6 39
