50
16 671 718 667 204 737 320 382 625 754 68 480 912 514 258 476 475 462 756 402 695 97 586 792 572 652 550 345 432 407 640 59 610 753 270 235 364 230 267 818 587 953 844 856 541 551 41 816 307 925 
10
805 360 628 528 480 665 559 55 24 997 
500
12 4
3 39
16 27
22 35
14 12
27 31
4 3
47 28
31 28
19 36
2 25
35 49
39 46
29 38
13 40
22 16
16 34
28 27
30 24
18 3
5 10
23 5
24 27
14 19
25 15
27 35
16 37
28 9
28 23
34 31
9 12
46 49
32 5
18 36
16 48
9 23
48 42
36 7
7 20
13 28
8 21
45 21
4 10
2 49
49 21
17 33
10 2
25 42
1 12
1 15
44 17
1 21
49 15
17 18
16 8
37 11
46 48
15 2
10 7
22 11
11 8
44 9
41 4
14 5
42 38
25 37
18 15
31 2
27 36
48 26
29 24
5 49
22 31
17 23
7 6
32 4
8 13
3 44
46 47
32 7
43 37
15 37
30 35
26 44
36 41
49 38
5 46
21 37
34 39
13 24
4 34
41 6
42 1
24 28
1 28
1 8
22 41
43 16
26 12
38 44
25 46
28 12
32 25
6 10
38 6
40 10
28 3
35 42
22 13
8 47
0 43
5 41
31 19
48 36
13 47
22 48
45 34
17 29
28 41
28 35
4 49
31 39
45 36
37 13
13 27
17 12
36 4
4 14
30 22
45 0
36 1
0 31
19 25
17 21
7 42
46 6
49 25
38 31
7 33
31 37
44 45
3 37
24 23
19 37
11 39
47 41
20 29
9 7
8 25
10 3
17 15
26 25
23 37
5 22
36 28
20 1
3 32
44 47
43 49
36 5
32 41
31 15
32 1
28 20
5 21
2 45
44 8
26 31
1 29
4 30
18 38
48 9
44 33
24 31
20 3
42 46
18 30
3 45
9 17
44 43
23 18
6 48
23 6
38 43
8 34
24 11
47 5
35 14
27 22
28 45
32 12
42 20
14 2
25 20
6 1
24 34
44 48
22 14
41 0
49 44
9 36
4 38
45 9
1 26
27 33
48 37
4 37
9 22
46 44
19 0
40 47
45 4
22 25
32 42
20 43
5 13
41 25
12 30
25 29
9 24
30 2
45 27
23 14
36 20
44 31
19 15
46 31
31 36
29 49
4 33
7 19
48 33
1 27
11 32
4 19
43 22
21 32
12 49
26 19
30 3
48 2
19 42
6 11
20 46
33 39
17 5
19 5
22 36
25 39
41 12
35 19
33 19
35 39
11 27
21 15
44 42
37 29
49 1
45 42
12 39
4 43
11 43
15 11
10 47
3 22
39 47
4 1
4 20
38 32
29 31
8 19
13 4
45 11
9 32
3 25
16 9
6 14
45 38
11 35
14 43
38 37
38 15
24 0
11 26
47 11
8 39
47 34
18 10
5 45
47 35
47 36
45 48
4 16
42 24
7 5
17 8
2 11
22 17
6 37
46 15
10 42
22 2
33 49
1 9
31 45
26 18
23 19
3 0
12 25
49 23
19 2
37 49
12 15
44 15
13 7
27 40
25 9
18 31
9 2
12 0
47 0
43 17
44 1
11 3
33 2
2 28
36 43
16 1
49 19
23 40
16 45
49 26
18 19
3 12
37 20
31 9
29 13
2 36
18 4
26 37
20 9
45 43
40 1
2 34
8 20
2 12
1 34
22 49
6 31
23 16
39 26
26 34
8 23
2 44
37 18
9 13
49 13
23 47
42 21
12 6
43 7
4 28
44 19
43 41
49 40
36 32
33 9
41 44
9 6
2 7
3 2
4 5
31 47
30 8
0 46
8 3
28 33
36 8
35 31
23 39
6 26
37 40
28 25
33 38
48 29
22 7
30 27
21 3
29 6
40 20
42 15
33 34
12 16
28 39
38 5
34 37
17 14
34 11
1 48
25 11
30 34
28 48
47 49
32 30
20 30
3 34
30 38
16 11
6 43
49 14
9 46
19 32
49 6
21 48
19 20
35 41
29 44
34 17
22 45
34 6
16 21
44 25
36 17
2 16
3 1
1 45
0 1
22 18
44 32
16 29
19 43
6 32
39 9
16 25
49 8
32 49
37 39
32 24
5 33
33 16
10 24
35 18
41 11
9 37
27 29
44 39
24 36
6 30
13 35
1 47
9 0
21 33
38 47
5 44
40 45
15 4
31 23
9 8
14 9
49 34
37 41
5 39
45 6
27 12
41 13
35 34
3 24
14 37
32 2
39 42
41 33
34 38
23 4
0 30
14 48
27 44
11 17
47 21
30 14
10 43
14 42
3 27
47 37
17 30
16 49
32 29
26 15
21 23
34 25
49 48
33 22
45 37
42 0
40 2
21 9
12 10
17 2
41 9
27 49
43 27
