50
927 156 396 608 624 519 547 197 673 415 381 426 417 793 609 727 500 78 541 753 930 129 712 894 492 142 440 71 586 230 740 418 740 460 489 226 766 91 27 911 547 519 66 962 817 345 553 103 193 48 
10
980 503 556 318 962 171 463 534 233 439 
500
11 0
32 45
11 49
28 4
11 41
35 48
19 13
29 16
13 49
40 6
19 32
14 23
48 28
15 16
28 16
34 3
8 2
3 48
3 2
44 14
35 27
1 0
48 5
29 32
31 21
25 36
46 29
14 12
22 12
32 26
49 21
9 12
2 26
11 35
29 22
39 4
19 43
26 37
47 22
20 47
25 30
7 10
37 13
17 45
38 5
45 2
18 11
9 7
41 34
46 47
0 27
37 11
49 46
5 19
38 35
19 47
29 35
10 6
20 16
21 8
28 38
31 0
28 20
23 34
4 8
5 31
40 17
16 25
19 1
7 11
13 0
11 46
40 15
35 23
17 33
36 15
48 16
34 43
31 26
17 48
5 37
17 38
18 41
41 9
27 36
1 44
38 13
49 0
48 34
3 25
32 10
37 3
7 43
25 23
40 0
38 46
9 40
24 15
2 44
45 19
9 46
26 7
42 48
17 35
3 19
27 43
18 32
4 14
0 21
42 8
34 42
4 20
47 39
10 46
1 27
35 7
28 32
36 43
10 28
10 0
26 14
6 43
18 39
36 1
26 21
49 39
47 23
32 48
46 5
1 35
47 33
9 24
47 3
45 29
40 33
24 34
49 6
26 24
20 22
34 31
14 24
12 33
47 37
40 48
46 12
41 15
23 45
34 33
33 23
37 8
47 35
37 30
19 10
45 13
36 10
11 42
42 19
47 16
34 39
31 38
34 2
40 30
38 16
4 34
34 30
47 43
1 41
17 24
21 36
33 21
12 20
39 33
43 17
13 28
9 4
28 17
42 32
21 30
30 48
10 31
48 49
4 30
31 4
32 38
24 37
18 13
45 11
2 31
22 41
28 40
21 34
10 9
14 13
47 31
20 30
17 4
15 35
43 33
19 48
25 26
26 5
44 35
36 44
28 41
32 6
29 8
16 33
11 28
13 35
31 37
23 18
11 10
47 24
7 12
45 30
13 41
35 32
32 24
36 47
27 15
11 13
46 6
12 45
42 15
41 33
30 38
49 17
49 2
23 29
19 20
25 37
10 45
26 16
35 33
7 5
22 46
5 15
14 47
13 33
25 21
11 26
13 8
42 1
34 6
8 44
6 35
26 38
6 1
9 21
30 33
21 1
48 15
15 7
41 30
14 7
19 12
12 26
18 1
7 39
17 8
13 42
31 45
4 16
40 12
34 19
22 4
21 20
22 1
30 36
48 13
5 30
49 47
9 49
33 25
39 36
47 25
23 43
43 49
10 22
40 7
9 32
45 49
20 24
3 30
15 20
37 12
29 43
3 8
38 10
20 14
21 27
41 16
10 26
17 20
1 24
31 43
5 21
46 42
38 24
0 6
31 33
11 8
4 29
14 16
32 20
17 3
19 14
8 26
48 21
4 45
10 41
8 38
14 45
6 26
6 28
26 44
2 24
49 37
18 12
1 29
17 32
40 45
8 48
37 15
40 14
14 32
2 17
2 43
14 28
25 41
17 10
5 33
37 46
34 29
10 35
16 43
12 36
26 0
18 28
35 24
4 44
28 43
4 23
20 5
22 30
10 48
3 16
43 42
30 28
5 49
49 12
17 29
40 3
36 5
28 47
12 44
5 3
37 6
13 46
28 22
16 44
32 21
28 2
9 1
46 23
11 29
43 10
9 18
7 4
41 6
31 29
12 32
12 35
7 3
29 36
49 36
27 17
2 37
41 37
26 48
14 15
46 27
9 42
16 21
12 23
34 44
27 11
3 6
33 15
38 11
18 5
11 31
19 6
18 26
4 3
0 24
8 18
5 10
22 13
48 37
2 11
17 46
29 37
38 23
7 21
22 9
30 12
42 41
14 46
23 1
4 41
10 40
48 23
29 39
46 30
35 43
4 12
29 28
29 40
29 12
33 27
23 28
49 14
48 20
4 25
31 44
17 6
42 2
19 21
1 48
9 16
6 5
33 38
2 35
0 9
1 40
20 8
18 22
38 18
42 0
19 46
20 31
5 27
43 4
49 26
30 32
1 2
9 13
30 24
25 8
43 30
39 25
47 5
21 24
8 32
31 23
31 49
9 38
22 45
7 47
23 20
45 34
45 44
13 20
38 37
41 32
34 47
28 27
39 5
26 28
27 8
18 47
7 33
18 43
38 0
6 23
32 5
8 47
41 24
4 48
22 14
6 47
38 3
36 9
37 22
49 27
32 2
42 3
2 39
46 36
26 43
26 19
31 32
10 29
36 40
29 7
20 18
40 24
5 14
42 29
