50
944 906 791 515 554 921 45 82 73 362 58 982 409 69 230 474 776 872 705 888 701 361 911 185 792 884 736 517 565 344 903 613 190 172 609 324 645 559 569 242 83 929 714 861 848 461 444 36 531 735 
10
896 984 95 112 853 656 107 999 814 686 
500
6 31
20 7
21 44
21 42
44 5
2 47
10 9
32 9
29 2
25 27
31 49
37 41
47 37
24 39
4 7
42 47
0 6
28 41
34 33
28 5
17 0
9 37
33 24
10 42
36 8
3 11
49 24
6 39
20 35
3 20
3 13
3 2
27 23
36 32
30 37
2 21
31 10
22 19
36 17
3 27
1 42
26 48
32 18
27 43
7 13
48 18
45 28
41 2
1 28
17 43
44 6
18 10
33 8
31 16
0 27
21 19
22 24
14 49
20 13
7 28
24 15
8 27
31 27
31 34
19 9
45 25
27 5
43 28
4 23
38 34
26 27
29 18
41 21
43 46
23 28
18 35
28 11
21 3
10 0
39 47
4 42
18 47
27 19
41 29
40 38
47 41
30 2
35 1
33 46
19 18
20 32
9 48
33 36
15 9
31 23
30 26
18 44
34 36
5 45
42 17
31 36
1 0
13 43
34 25
45 24
46 34
28 8
2 44
19 47
24 37
11 14
48 47
25 44
1 27
17 27
36 11
38 29
6 35
33 23
35 12
26 11
26 41
10 5
40 11
25 46
7 34
42 24
46 21
37 39
40 29
19 11
24 26
45 47
30 32
4 6
21 5
47 23
18 22
23 7
9 12
27 7
5 34
1 18
48 38
1 30
43 24
22 2
45 33
12 24
5 38
1 31
26 28
32 15
46 13
8 47
34 41
42 30
23 45
15 41
15 45
9 18
43 19
2 35
24 21
25 8
34 2
46 28
38 10
1 20
22 27
48 30
16 36
29 0
5 18
29 1
36 41
22 35
23 19
26 37
40 46
16 49
49 2
45 17
15 48
12 38
12 43
7 44
12 28
8 10
15 35
38 13
16 9
19 33
12 40
7 25
41 20
7 6
48 16
43 21
44 45
48 43
12 37
49 9
0 40
37 22
26 18
37 19
18 34
20 22
6 20
7 14
6 14
47 22
10 48
22 17
23 1
21 17
10 2
19 46
3 24
38 28
14 12
41 43
42 46
1 5
34 26
14 24
8 1
13 5
1 33
16 25
32 46
36 44
1 7
10 36
41 12
14 13
21 47
13 0
1 16
36 39
15 33
49 43
48 28
49 25
1 17
1 48
41 25
13 35
4 24
10 20
43 20
13 2
8 39
3 47
38 41
5 36
37 21
47 33
17 20
14 43
29 17
24 30
26 43
4 2
20 11
17 41
26 23
26 17
28 35
44 3
3 18
41 19
33 17
30 36
16 39
33 22
14 19
2 16
20 49
16 8
42 3
35 10
47 43
22 39
27 30
6 28
1 4
12 25
41 13
42 19
28 33
12 3
44 9
23 6
39 46
18 17
19 36
29 30
5 3
7 47
37 49
0 25
0 2
11 39
33 44
9 14
15 29
8 4
3 23
12 19
30 3
1 36
41 27
27 38
2 38
11 38
45 9
41 24
46 27
1 49
3 32
46 8
43 9
49 22
43 33
33 29
21 34
18 39
3 19
44 4
7 32
25 17
22 14
24 29
7 24
42 22
33 10
40 33
7 49
39 44
33 27
8 3
21 31
9 0
48 39
43 8
34 20
47 0
40 3
34 45
7 35
37 15
39 13
4 41
48 34
42 28
21 48
33 25
38 30
22 25
17 14
25 36
14 32
8 42
45 29
35 33
40 24
32 35
17 6
46 49
4 18
37 7
8 35
47 27
18 28
8 38
15 1
31 9
9 2
46 6
27 10
43 1
40 32
6 9
5 16
3 38
15 10
30 18
44 22
19 10
3 43
42 31
2 11
16 19
0 35
32 39
2 48
43 0
26 4
42 26
8 6
29 35
29 4
35 19
38 14
0 44
22 16
42 11
48 41
30 16
15 47
12 1
49 11
47 49
44 49
26 9
32 26
11 25
29 26
23 43
47 35
7 21
19 0
4 32
39 49
1 2
35 45
0 45
12 42
6 10
3 9
27 13
35 5
48 6
42 45
47 46
4 35
23 40
1 14
47 17
1 11
38 32
44 10
21 12
17 5
35 42
0 46
15 36
22 13
4 28
31 26
13 47
49 3
14 40
41 9
33 20
36 28
11 34
0 24
43 37
25 26
47 25
44 14
49 0
42 40
39 20
24 23
36 37
7 8
20 37
49 38
26 45
25 2
0 48
35 37
39 38
47 38
9 8
33 9
41 46
34 15
42 36
45 16
10 22
22 28
5 47
11 8
41 35
32 21
0 33
45 7
45 11
24 44
27 20
41 39
46 48
32 8
38 6
41 40
