50
333 883 624 548 125 52 622 194 208 76 706 662 601 191 69 219 896 543 305 823 785 470 341 901 603 908 985 139 108 670 966 675 262 142 651 760 174 236 379 479 594 207 107 762 473 980 26 713 665 911 
10
721 859 377 174 996 265 635 840 662 832 
500
27 20
45 12
22 35
27 40
13 38
24 33
39 46
19 7
2 6
0 20
27 34
2 31
8 40
7 26
20 24
6 4
10 36
3 43
34 42
4 35
49 29
33 37
6 22
44 41
40 48
31 17
14 17
46 43
44 30
24 47
44 25
11 46
33 14
48 41
36 48
48 16
30 13
32 42
41 49
16 30
33 11
29 15
45 38
47 13
11 14
19 12
5 2
28 5
1 35
29 21
41 19
35 25
1 43
20 4
29 0
49 31
17 41
15 34
3 4
5 4
26 46
38 6
23 16
38 43
4 17
27 4
11 39
42 8
32 25
33 43
20 42
18 30
42 44
49 43
29 12
48 32
19 25
20 31
4 30
0 15
3 45
15 5
20 6
18 22
8 4
25 30
36 19
15 30
22 17
44 2
26 10
25 21
22 23
5 8
38 31
7 16
2 21
31 23
10 16
9 7
15 44
5 9
49 0
27 33
42 6
25 29
35 48
19 23
23 9
5 6
3 11
21 7
35 16
12 22
39 23
29 30
26 28
10 27
49 27
43 14
33 15
26 9
37 28
0 9
47 18
49 14
10 42
11 27
26 13
30 7
29 47
6 25
21 37
0 7
20 22
46 33
10 6
3 0
28 18
38 35
35 17
0 11
41 8
43 45
34 46
9 31
46 19
27 15
28 46
43 27
48 30
45 14
30 0
11 41
19 8
38 23
34 17
34 11
43 8
25 46
9 10
28 15
45 25
36 33
7 17
30 35
18 31
37 24
21 40
27 12
39 9
49 4
8 3
47 36
43 2
39 43
9 27
33 3
46 0
22 24
44 37
35 8
38 42
28 48
28 6
36 11
19 39
41 29
40 5
34 40
47 30
47 6
49 9
26 0
6 15
23 6
13 21
34 3
10 41
0 1
20 44
44 11
28 30
43 5
19 30
14 36
6 34
14 8
13 31
34 43
35 14
40 28
39 38
25 9
40 17
22 10
9 13
5 17
38 47
18 26
24 7
41 28
39 30
38 29
13 24
49 46
0 48
42 30
36 37
32 27
45 46
5 27
27 19
22 7
28 1
20 36
39 44
26 11
29 34
32 37
24 5
41 32
7 41
12 23
45 11
42 31
49 3
13 14
35 37
13 10
13 11
2 0
37 20
48 43
31 28
25 18
45 4
19 4
5 41
12 36
48 44
28 44
25 12
10 5
35 9
27 2
4 41
5 25
32 28
36 26
13 44
48 24
18 43
25 43
36 13
4 13
14 34
26 48
18 19
1 49
34 25
17 1
31 39
7 8
25 47
21 33
25 37
31 34
23 25
29 44
19 28
37 27
25 40
43 26
42 19
40 10
7 43
1 40
19 1
43 36
3 13
20 40
26 2
38 2
22 41
14 44
35 26
14 6
0 44
21 28
19 43
1 24
23 14
33 17
45 6
4 28
33 16
23 2
17 27
2 28
7 45
40 4
37 13
0 12
41 14
15 12
15 7
40 49
5 18
20 8
45 23
43 4
22 29
10 12
0 45
49 44
4 15
3 15
43 15
12 43
16 17
12 34
37 4
32 35
31 27
10 25
3 5
10 39
30 41
12 42
18 45
12 38
17 30
40 22
39 12
19 26
32 26
0 27
46 16
39 1
29 48
28 34
42 49
9 11
43 21
41 2
41 24
36 3
17 38
6 46
36 8
18 21
20 34
4 31
13 18
28 9
44 3
33 10
14 22
32 4
14 42
41 21
43 11
41 16
44 1
23 10
22 11
8 37
14 46
28 39
12 7
31 0
7 36
15 31
7 10
13 27
32 45
23 46
37 23
33 25
32 1
26 30
27 30
11 30
48 38
46 29
17 0
42 7
31 22
18 8
33 34
44 33
22 3
28 17
7 31
17 18
30 46
47 46
15 35
8 16
39 8
2 19
21 31
29 3
17 49
43 42
1 41
2 45
2 11
22 47
24 18
39 2
6 41
35 12
47 19
40 46
48 6
3 31
48 7
14 18
42 17
14 2
13 2
1 8
35 0
11 10
2 16
11 17
18 44
44 27
36 44
31 26
26 44
29 32
10 21
9 34
17 32
39 15
12 3
26 12
20 16
48 39
25 27
45 49
42 29
45 40
43 9
36 27
7 4
27 16
39 27
42 18
9 12
4 48
15 37
40 19
16 4
41 39
8 33
37 11
7 28
49 16
39 25
33 0
19 15
23 43
44 12
40 30
42 4
24 23
19 21
24 17
7 40
24 21
14 1
32 23
28 3
35 42
36 41
3 1
