50
894 497 877 248 517 498 61 646 25 156 26 239 981 231 690 334 302 981 259 300 98 482 68 396 429 319 949 591 590 840 646 492 827 220 953 351 939 623 26 396 943 883 651 718 52 18 21 977 575 642 
10
741 416 506 304 405 517 627 158 998 408 
500
15 2
42 0
15 39
15 33
12 15
25 42
10 33
15 44
27 21
43 31
36 34
41 14
13 24
48 25
15 1
5 28
15 9
29 10
36 19
41 9
16 35
2 28
45 17
12 0
5 13
8 20
46 27
23 22
40 30
18 24
19 2
11 24
44 30
9 42
22 24
30 32
25 23
32 18
26 45
3 34
31 32
29 30
31 24
21 6
39 19
10 24
0 37
21 42
46 15
5 43
11 0
37 10
2 46
11 20
22 25
8 41
9 37
30 35
29 2
45 6
43 7
36 2
29 33
45 10
5 36
16 34
11 39
40 38
6 12
42 24
31 2
14 18
16 19
24 39
6 42
26 22
40 41
27 6
9 17
12 28
7 5
30 12
22 11
11 43
37 1
27 30
10 28
46 6
38 12
13 47
35 3
49 9
42 17
29 12
2 5
23 16
3 21
18 8
26 6
4 36
43 32
44 5
9 48
36 30
10 49
36 12
13 15
24 12
2 45
18 0
38 32
7 27
22 32
26 44
25 31
23 28
45 0
41 21
34 10
45 36
38 10
41 30
9 3
11 41
2 39
4 23
42 19
5 23
25 1
14 24
11 38
6 34
30 10
28 15
30 45
3 4
32 17
48 17
8 23
33 39
49 22
7 15
36 13
10 31
38 29
39 38
27 39
22 14
32 27
18 41
23 27
21 45
24 9
44 29
16 36
47 34
42 27
44 49
24 7
34 7
24 32
7 42
21 38
22 16
40 20
27 18
31 8
46 25
18 40
23 31
28 11
46 26
31 35
7 30
5 26
19 32
1 14
43 33
6 7
46 43
14 21
10 47
38 5
19 1
0 39
9 47
39 34
16 14
0 7
19 15
40 26
20 29
17 26
31 39
11 26
15 20
10 25
47 3
33 21
49 18
5 19
11 36
10 11
6 49
17 24
16 0
13 38
12 27
17 2
45 37
4 11
23 19
4 15
38 48
6 13
5 15
47 26
13 2
7 39
45 42
8 13
36 20
48 1
49 37
41 25
22 2
28 36
23 45
29 4
17 31
3 20
45 3
13 37
44 48
3 28
28 9
14 25
27 9
43 19
7 35
41 29
47 29
45 14
1 3
26 24
47 40
24 41
6 47
22 9
37 25
18 45
34 18
11 2
23 35
39 26
17 43
6 22
0 35
34 45
49 8
9 43
34 46
17 5
24 5
8 17
29 23
25 39
31 47
10 0
14 15
40 11
33 38
26 29
46 41
31 5
43 23
23 7
15 47
46 9
19 24
40 25
23 24
35 44
12 2
15 6
22 31
9 45
9 13
12 31
26 4
35 46
26 20
14 35
20 7
49 35
48 33
40 33
20 2
16 15
22 43
4 6
0 38
25 36
7 3
0 23
41 7
19 35
33 14
18 44
5 25
33 30
0 1
46 32
28 46
30 38
44 14
43 2
11 45
31 38
32 5
12 25
12 21
44 19
32 16
2 10
28 34
14 7
13 23
4 32
36 0
22 17
3 12
20 6
11 3
23 49
33 18
18 29
41 13
36 17
1 24
43 21
43 3
4 12
45 27
8 12
46 24
2 47
2 14
33 4
11 5
10 43
49 2
19 0
35 39
17 3
21 29
43 44
27 28
45 47
0 30
26 2
16 49
29 7
33 1
18 20
23 41
20 13
7 33
6 25
21 37
48 43
47 18
14 4
14 47
17 12
31 40
36 14
45 25
5 40
24 38
19 34
16 11
43 1
42 49
30 4
37 44
40 46
27 11
37 31
18 9
15 8
49 41
39 23
35 29
44 46
39 29
18 19
12 42
30 9
4 16
32 45
20 30
16 21
48 11
33 34
17 20
14 49
48 0
18 43
28 20
26 19
42 33
14 40
40 19
34 23
45 7
5 6
14 6
48 26
48 36
6 11
28 37
13 34
10 12
48 42
13 46
45 15
49 47
48 40
31 1
6 1
38 25
35 43
9 8
5 30
49 24
38 28
49 34
46 8
31 4
31 6
30 26
27 49
15 18
46 14
25 0
18 17
6 41
36 27
42 32
44 11
39 44
12 5
38 26
24 29
11 46
28 14
15 38
48 35
0 40
24 20
11 12
35 12
23 36
36 21
42 37
29 6
36 43
1 47
32 9
41 5
4 5
45 46
21 11
20 12
3 48
17 39
43 47
42 47
10 4
35 9
3 30
35 27
49 1
38 27
31 34
46 29
41 15
13 21
32 29
30 24
26 41
7 18
2 9
37 16
15 32
4 18
49 48
21 5
4 45
