50
809 807 250 507 334 675 677 731 29 950 28 301 39 424 921 521 494 111 935 826 600 155 177 623 339 720 393 360 48 907 422 744 465 334 379 602 233 443 416 773 381 692 501 531 425 548 781 257 679 615 
10
396 235 126 347 962 441 249 305 820 811 
500
17 47
34 43
3 43
23 17
43 11
39 17
34 45
37 41
35 42
37 46
40 18
2 26
26 23
41 47
36 37
18 2
45 17
31 13
23 33
24 27
39 29
22 42
23 31
41 31
25 20
12 20
1 25
43 7
48 29
4 43
22 28
42 34
19 42
49 37
27 38
3 46
12 40
16 47
8 48
36 1
49 28
42 20
36 13
46 8
9 15
27 29
31 21
16 37
24 10
22 32
35 31
10 41
34 9
33 36
43 47
9 29
12 6
22 2
43 17
33 4
38 48
25 23
13 39
28 31
22 33
15 6
37 5
41 3
30 40
5 17
2 1
42 18
43 24
9 30
37 3
7 19
34 13
1 4
49 42
44 2
43 9
36 24
36 2
10 22
43 29
0 25
1 21
37 40
8 23
16 44
12 41
14 22
45 36
48 16
22 41
2 42
34 21
17 28
34 29
16 9
25 12
24 35
18 22
3 33
5 29
22 13
15 18
21 3
16 2
47 18
48 43
27 23
16 35
6 27
24 13
23 37
14 6
22 26
24 12
6 31
20 34
26 24
48 26
49 47
10 11
39 28
49 21
10 47
24 7
7 1
41 13
47 27
31 27
19 40
11 24
18 13
47 30
5 1
15 29
9 27
0 8
48 30
23 42
9 38
14 36
49 11
9 25
0 28
8 13
0 11
45 1
20 23
22 23
41 40
9 19
42 26
5 47
16 6
38 34
16 1
7 39
22 48
48 34
23 39
12 46
3 1
28 20
26 7
7 11
10 7
3 23
31 42
6 10
31 30
17 7
26 19
13 27
2 35
18 34
5 35
42 29
42 41
9 33
32 41
30 21
30 32
31 39
13 35
39 2
27 39
19 35
43 1
26 49
9 47
38 31
16 21
12 17
12 47
32 46
45 18
30 10
45 12
40 5
37 9
26 14
19 4
17 35
31 1
38 36
21 22
20 18
7 22
20 29
2 47
27 0
23 45
9 26
26 21
22 40
6 2
46 26
5 28
11 20
49 5
5 0
9 23
48 41
7 30
3 34
33 45
44 22
4 8
0 39
39 48
38 49
35 23
38 44
1 37
43 42
10 0
14 46
34 44
10 13
20 3
31 17
25 28
39 21
19 17
7 32
44 49
12 16
25 16
15 24
15 0
29 14
40 2
18 5
27 30
43 45
8 24
23 41
17 42
29 2
27 2
49 9
27 44
43 10
48 9
4 44
6 44
14 30
14 5
19 11
39 40
33 25
30 28
18 8
12 36
0 36
45 37
42 37
33 47
21 0
33 17
41 44
13 47
27 49
39 22
19 29
8 47
25 15
6 3
45 25
38 28
9 42
48 14
46 13
7 31
30 16
28 19
14 11
40 13
14 42
18 14
27 25
18 28
35 32
16 40
36 49
3 9
24 9
9 21
39 20
5 19
48 17
36 28
43 49
0 19
49 25
12 33
37 25
6 20
17 46
35 9
10 18
16 23
44 13
31 46
30 29
33 46
6 24
34 1
38 14
23 32
20 44
10 3
49 33
4 20
11 37
26 32
2 49
36 29
18 26
38 24
5 26
45 26
14 35
1 9
3 28
8 34
31 49
47 24
43 46
28 7
26 35
35 39
0 2
49 18
4 0
2 24
38 35
45 22
5 9
16 20
35 34
7 27
1 24
48 13
15 45
15 31
14 45
4 16
21 7
15 39
25 46
0 32
2 45
10 4
39 49
15 49
7 4
8 12
33 21
37 38
46 5
20 35
33 40
45 31
30 36
28 26
10 38
12 5
36 19
19 15
19 16
16 17
16 46
27 33
37 2
15 40
38 41
45 48
45 27
19 27
9 20
10 21
38 46
3 29
9 28
11 4
30 2
27 22
20 32
5 41
11 41
28 35
38 12
8 28
49 40
17 38
14 44
8 21
17 49
4 27
5 48
20 40
15 16
19 45
7 23
20 0
41 39
48 37
18 12
36 48
36 7
14 4
20 10
40 28
15 8
26 4
15 43
22 49
33 42
15 5
14 24
26 31
14 8
18 31
27 1
48 12
2 19
20 30
2 34
35 48
45 8
1 19
4 18
42 3
35 1
0 7
13 45
41 33
22 8
29 21
0 14
37 47
42 32
4 25
24 28
41 43
0 3
35 44
37 32
44 12
47 3
12 49
33 32
6 43
8 39
41 0
0 31
44 31
29 0
35 22
8 30
46 41
5 44
46 30
47 25
0 12
5 4
38 15
22 12
2 12
24 39
29 38
30 35
9 31
2 14
41 27
