50
809 187 42 451 614 424 434 707 683 141 126 447 920 956 546 933 879 697 685 121 230 503 603 194 313 864 12 211 90 735 703 814 810 815 109 513 256 633 743 556 95 501 238 852 592 818 880 454 432 746 
10
970 721 957 313 121 296 526 787 173 305 
500
2 11
27 45
8 38
46 31
32 14
4 9
27 18
30 1
5 2
45 2
24 21
2 14
34 3
38 34
41 11
42 24
2 26
1 35
22 30
37 13
26 33
40 23
24 15
29 34
40 30
27 33
32 26
10 40
15 12
11 14
14 6
21 40
31 1
36 26
10 22
9 17
13 31
7 31
23 2
44 46
12 41
29 14
35 38
7 23
0 20
16 31
5 44
9 23
41 5
38 32
37 19
32 25
8 45
11 18
19 3
39 26
49 45
13 8
21 47
6 2
26 15
31 29
43 19
47 18
10 17
43 36
26 24
10 27
0 17
44 49
15 33
10 23
46 24
29 22
0 44
49 17
36 30
15 25
36 21
48 41
10 39
47 20
21 1
36 15
24 40
30 29
45 4
16 48
28 6
0 47
7 9
47 39
21 10
0 43
17 23
0 45
20 9
18 0
4 23
27 41
9 12
28 14
7 19
25 35
41 10
28 21
25 48
11 6
20 3
29 12
12 39
0 12
27 39
12 44
7 28
48 18
3 49
4 25
43 22
44 2
47 22
39 43
43 47
26 4
6 19
48 23
2 7
41 37
34 19
1 14
35 23
34 9
0 31
35 36
31 11
7 41
43 23
6 22
21 13
5 34
34 27
22 2
36 9
32 18
12 23
42 8
43 6
4 17
14 47
46 0
40 15
22 14
40 6
48 46
17 26
25 13
11 42
28 29
38 6
44 32
43 21
36 46
23 21
46 43
47 1
27 13
37 6
5 48
34 44
46 25
25 21
21 19
20 30
5 18
30 2
3 7
47 10
20 32
37 36
11 0
34 33
10 38
23 15
20 42
1 41
7 48
11 28
14 41
44 47
2 13
48 45
42 30
31 45
22 37
11 12
7 26
32 30
26 30
25 28
49 22
16 8
40 36
11 29
24 34
2 47
21 0
22 9
21 14
47 12
8 44
23 8
49 26
13 40
17 45
12 45
45 22
17 35
10 30
30 12
39 28
2 24
28 16
14 3
16 33
19 20
30 31
2 17
15 32
46 33
43 10
18 45
38 36
37 2
36 19
10 49
43 5
5 16
10 0
48 31
46 10
38 4
31 47
9 10
6 46
37 14
44 38
47 35
16 7
8 7
7 15
8 3
30 0
15 31
29 26
24 19
41 33
0 3
24 27
21 16
17 41
27 5
3 26
47 25
37 42
7 30
3 40
33 4
14 35
20 40
22 7
5 17
41 4
37 44
6 27
9 28
37 10
35 12
29 15
12 28
13 48
33 22
24 3
41 15
5 26
2 41
46 12
45 16
21 31
13 15
29 23
4 16
46 45
6 31
37 30
0 23
27 38
29 42
49 9
29 47
11 49
22 48
47 41
38 0
15 21
7 4
9 3
25 45
33 3
45 32
29 5
24 33
29 37
29 10
34 6
6 3
48 47
2 15
20 38
11 22
23 20
49 47
8 26
20 17
15 20
5 19
13 18
48 44
41 44
31 40
28 35
9 30
21 39
33 23
27 40
33 10
6 12
25 24
7 38
45 14
42 36
22 8
34 30
10 20
11 36
40 44
40 29
14 31
49 42
35 6
21 49
12 37
8 9
21 46
16 19
3 4
12 4
2 28
1 34
35 45
29 49
9 45
23 49
20 2
5 20
36 23
31 37
39 42
27 8
11 17
31 19
31 3
4 21
44 7
16 11
26 38
32 24
42 2
17 40
3 18
4 29
39 22
18 23
27 2
49 13
8 24
14 49
3 11
20 11
23 14
38 41
1 17
24 18
38 16
4 22
18 41
0 28
7 11
13 30
23 1
49 24
26 10
17 34
48 8
18 29
40 25
24 17
8 2
2 19
17 22
12 5
13 7
6 7
32 37
46 40
1 49
9 25
36 32
6 25
31 44
36 24
6 45
25 1
43 31
43 28
14 13
36 34
24 30
37 18
13 1
29 39
35 43
8 18
31 20
13 33
4 40
34 28
42 17
6 39
44 18
12 36
0 5
13 22
20 6
4 28
27 19
32 27
12 13
28 24
8 21
12 25
12 21
8 40
25 31
0 13
47 40
46 3
40 28
48 35
44 19
39 19
33 14
18 43
25 43
5 14
41 29
38 28
20 39
14 39
21 9
24 4
2 33
5 11
45 24
46 42
23 31
28 32
30 14
6 1
46 47
22 23
49 0
36 14
12 49
31 5
12 48
49 6
44 23
16 13
49 2
28 10
26 14
28 47
32 10
44 17
9 0
23 37
34 46
30 44
1 8
29 48
