50
559 720 479 435 382 536 553 600 944 533 874 82 906 455 772 50 151 736 149 27 616 868 440 858 955 67 67 283 652 326 276 460 240 434 295 590 846 724 562 867 489 520 849 728 680 125 330 388 537 934 
10
905 999 121 72 102 406 704 375 898 733 
500
3 37
14 18
22 9
37 30
44 31
42 27
44 30
25 40
3 30
13 10
3 25
43 30
26 34
29 27
27 49
7 34
32 34
35 32
15 19
37 46
33 17
33 2
17 6
29 13
48 47
21 31
21 43
26 43
27 12
2 43
10 7
30 46
18 4
0 31
37 11
29 37
34 47
35 11
22 48
48 24
26 12
2 22
21 19
21 4
8 34
45 8
42 14
10 4
46 10
0 29
8 28
19 14
33 27
0 32
35 5
11 3
2 18
48 5
28 23
30 18
6 37
27 24
43 41
29 26
48 46
21 7
42 26
35 49
1 46
19 34
41 21
13 42
15 4
11 43
37 43
46 31
7 25
35 42
41 29
42 10
24 31
10 2
32 44
17 29
49 12
33 3
17 25
33 23
28 27
36 37
18 40
38 12
16 42
22 35
45 31
31 48
13 7
0 18
36 28
38 46
26 1
25 19
10 38
43 44
26 32
7 0
3 35
43 39
21 39
9 3
39 37
14 8
26 17
11 24
25 23
36 45
17 19
41 47
42 46
10 14
36 21
6 39
34 30
45 18
41 22
44 6
46 40
9 39
44 22
23 16
1 48
37 33
19 16
15 11
1 10
17 47
43 27
31 1
28 0
27 32
38 44
0 16
26 48
7 3
29 30
44 49
0 37
28 33
23 27
26 8
25 35
48 18
22 19
12 18
15 35
23 35
43 3
41 8
39 3
31 30
12 46
13 8
11 39
4 1
26 38
47 31
24 39
22 32
27 22
38 14
25 12
5 11
0 40
44 26
13 0
23 7
20 17
36 25
19 35
38 39
46 11
12 33
49 3
29 32
47 42
34 23
21 40
10 5
32 18
21 14
39 19
22 31
45 28
18 1
21 34
17 32
40 41
45 38
11 26
46 27
37 1
17 46
25 47
26 46
6 10
23 21
19 29
33 32
6 18
19 49
19 46
20 1
29 12
26 14
20 29
12 1
2 49
41 4
46 24
11 16
33 39
37 18
35 47
33 36
8 7
30 12
30 16
4 44
7 42
25 0
36 19
4 9
47 30
32 45
5 32
8 27
37 41
12 40
31 5
29 9
49 24
47 1
45 6
13 23
4 19
23 45
4 28
47 26
28 49
33 18
24 10
25 11
43 48
49 47
33 15
38 27
14 13
33 14
43 7
21 42
22 16
39 44
37 27
38 3
39 36
38 1
2 12
25 10
49 33
35 17
30 11
20 34
41 6
47 22
2 30
31 37
24 20
33 21
21 26
16 48
46 45
15 7
12 3
44 12
20 28
19 38
34 44
28 29
12 4
32 16
14 28
31 33
20 32
30 21
49 10
48 44
41 49
15 43
12 48
20 41
29 45
29 48
4 23
39 48
49 42
2 39
36 26
32 24
8 30
15 31
7 37
2 27
44 19
39 30
17 21
36 15
7 27
36 38
40 10
36 46
16 37
33 47
34 18
21 35
16 33
34 29
26 41
27 20
49 34
49 46
40 9
42 8
35 2
35 27
18 16
17 49
27 47
38 6
15 48
47 11
28 10
34 11
22 45
32 2
2 23
48 37
19 23
31 4
1 45
44 33
23 24
17 41
9 0
49 38
9 20
40 27
46 39
38 37
19 27
37 17
9 49
12 20
27 13
29 40
21 8
32 28
10 0
17 34
47 16
3 18
32 14
40 31
28 40
24 43
21 29
49 6
18 35
17 10
27 17
10 39
1 6
20 30
22 30
47 2
16 25
22 40
30 36
3 14
21 32
19 5
3 6
18 8
9 33
32 8
37 45
21 46
22 4
8 38
34 9
17 28
5 27
36 23
24 12
35 41
18 42
12 8
13 5
9 16
38 32
23 32
43 18
8 4
6 23
16 36
1 2
31 32
36 1
26 31
30 5
49 21
2 9
2 40
41 32
29 39
14 47
14 9
19 20
1 14
3 26
21 11
7 6
41 28
17 39
24 0
13 43
4 0
22 38
18 28
30 35
8 17
19 48
33 25
39 34
36 44
21 16
6 27
8 20
39 32
38 2
17 42
44 18
40 16
8 15
14 2
4 35
27 11
42 37
38 34
23 22
12 22
49 31
0 6
36 35
10 21
16 1
11 20
0 2
10 30
32 46
1 21
25 24
38 13
9 19
22 37
39 26
18 49
6 11
37 40
20 48
16 39
17 43
4 47
14 24
1 3
16 17
30 6
30 19
10 11
4 36
21 3
44 21
21 18
2 3
31 2
46 0
16 26
11 1
46 41
23 9
40 3
