50
911 756 675 139 502 295 919 816 928 111 397 461 253 896 663 848 435 313 490 825 230 23 112 132 629 200 866 307 291 460 413 113 801 316 942 785 639 844 686 737 471 64 319 787 629 211 92 649 461 370 
10
307 509 306 744 415 138 895 263 402 943 
500
16 42
21 20
25 49
45 20
23 14
48 28
1 24
1 4
32 38
6 18
3 26
43 42
13 0
25 12
24 35
17 29
0 1
37 30
33 47
10 26
40 21
12 48
41 30
44 31
13 28
12 15
22 48
12 3
26 9
35 27
49 39
10 31
18 45
14 11
23 30
20 31
22 26
27 4
6 41
21 8
8 10
32 1
19 0
43 38
25 35
47 1
25 27
8 6
16 31
22 12
28 3
40 38
25 5
48 4
26 24
36 42
20 25
32 19
34 36
21 32
49 29
18 21
8 4
39 20
10 20
36 35
36 45
12 33
25 11
37 3
26 29
6 23
21 0
39 15
16 5
11 10
30 24
42 48
49 1
7 19
38 36
38 20
8 37
34 0
26 11
37 24
2 37
18 28
35 21
45 47
15 10
31 41
22 21
0 44
30 28
27 8
28 7
20 42
22 31
9 19
42 25
44 2
13 35
29 2
37 36
12 45
5 14
44 7
25 40
29 3
0 18
21 44
26 48
30 43
18 31
20 0
27 43
36 8
22 47
30 26
37 34
35 41
1 41
11 18
12 42
34 44
47 21
3 4
33 19
28 11
13 41
31 42
28 32
24 19
25 43
42 8
24 31
42 44
41 46
38 21
39 8
37 19
34 47
10 2
47 39
19 41
20 35
5 42
29 41
17 41
46 13
3 21
35 17
31 29
48 36
43 10
29 40
14 6
10 23
16 39
17 20
5 28
34 38
7 20
40 49
10 13
32 12
44 6
8 41
28 46
15 22
40 19
44 14
41 14
40 45
21 15
7 49
36 43
34 39
47 5
18 13
35 3
36 12
14 16
31 8
21 12
4 26
2 26
15 18
39 22
14 25
27 1
37 32
32 13
16 1
28 6
21 23
23 9
20 32
22 32
11 39
13 43
16 19
36 18
1 12
43 23
1 31
10 34
43 16
20 33
34 15
1 18
44 46
49 8
2 8
30 25
2 6
18 44
28 26
42 37
23 32
35 10
1 45
37 26
32 47
20 6
44 25
45 30
18 19
39 30
32 11
33 10
16 15
14 12
34 25
30 12
0 2
16 23
4 45
15 5
7 47
33 14
14 49
3 43
31 23
23 15
23 36
4 34
14 9
28 49
34 8
32 34
45 19
43 18
12 46
47 24
42 24
3 17
12 26
13 12
30 29
29 12
14 20
7 43
3 49
47 20
13 39
0 9
13 29
23 48
24 8
12 19
35 9
35 43
1 37
11 47
33 32
5 49
31 21
42 23
17 2
17 12
0 23
31 48
1 42
8 17
49 0
17 37
10 46
7 6
38 31
12 24
47 12
38 8
29 18
11 41
22 34
7 26
8 22
2 42
6 26
14 38
35 18
41 49
13 4
28 25
38 1
6 46
38 15
23 47
17 30
17 34
22 1
45 28
9 27
44 24
21 46
31 12
17 13
45 21
17 26
8 12
33 35
27 2
17 15
21 24
44 12
16 8
13 45
25 22
48 16
30 2
5 1
15 48
25 38
17 46
4 49
22 18
40 1
37 7
47 37
5 19
3 45
40 31
24 0
24 38
27 46
30 22
11 8
43 14
27 20
36 25
17 24
39 41
43 11
1 11
34 13
16 7
45 25
37 31
19 11
19 15
45 43
11 27
41 5
27 39
1 43
0 29
12 39
36 31
7 41
16 30
15 28
13 8
44 5
10 19
39 18
7 12
34 43
26 42
32 31
47 19
39 19
0 41
16 44
18 41
39 26
11 3
26 14
32 5
31 11
35 6
46 37
45 23
29 11
17 6
14 48
23 12
15 13
43 2
29 44
29 45
9 7
6 27
27 42
20 16
4 2
35 15
5 29
48 20
10 42
47 36
19 34
4 42
10 30
44 49
9 17
38 5
27 48
20 15
32 4
2 45
7 14
30 3
40 14
24 18
30 8
40 27
32 16
23 44
32 14
36 5
36 33
28 44
48 47
41 38
4 19
27 44
32 24
6 32
40 32
45 39
6 45
7 33
21 43
40 17
1 7
25 31
24 39
28 31
47 6
37 20
4 21
47 27
27 13
35 37
38 44
2 12
3 19
46 40
12 49
35 29
48 10
9 45
45 49
9 39
23 7
23 8
23 1
36 46
12 37
37 14
31 14
15 4
5 4
44 35
33 9
23 25
9 8
26 43
29 21
21 14
9 49
12 34
9 2
24 6
46 24
1 6
14 34
44 11
44 8
49 37
3 38
36 11
44 15
5 33
10 29
39 44
40 9
4 41
