50
305 671 737 396 757 27 604 149 768 894 838 754 749 436 894 279 133 757 42 81 313 454 290 887 515 555 74 603 779 156 458 794 564 619 491 971 817 327 227 721 51 519 590 529 591 925 471 984 844 837 
10
691 61 627 294 509 560 68 992 379 868 
500
36 8
44 25
46 29
37 5
15 33
19 16
21 0
48 20
43 22
16 24
20 21
21 48
24 4
32 43
36 33
11 23
32 37
4 28
36 7
25 47
31 0
47 14
30 27
45 11
1 11
29 19
11 44
10 21
24 44
49 15
9 27
2 34
2 11
9 36
15 30
12 46
22 47
47 37
7 49
23 13
2 6
8 41
48 38
4 30
18 44
42 27
12 13
38 42
46 39
42 35
49 30
0 8
42 22
36 26
1 32
8 17
20 35
4 1
4 42
23 49
0 25
13 4
16 15
3 16
33 6
26 25
37 15
10 13
45 25
21 7
22 17
18 13
41 10
27 17
24 12
28 47
43 11
24 29
5 42
9 12
1 15
44 26
32 46
9 46
23 34
28 37
25 7
30 39
26 15
13 19
49 26
48 16
18 46
41 17
46 49
20 13
30 24
33 13
6 35
39 22
12 44
46 42
1 26
16 37
49 3
42 39
49 43
42 24
43 39
0 42
47 19
43 26
28 26
28 35
32 22
47 26
26 2
10 38
29 42
45 32
27 20
46 2
11 3
4 21
37 43
5 29
17 2
20 32
23 24
49 31
49 42
39 11
31 40
34 10
32 8
13 25
7 26
6 42
17 15
22 9
16 6
24 13
32 30
28 30
35 38
0 30
2 20
6 3
2 49
46 14
48 32
9 10
21 38
10 30
28 44
41 37
25 18
48 4
10 20
44 39
19 9
8 35
33 5
33 0
37 13
8 19
30 8
46 17
49 4
31 5
17 44
9 26
14 17
45 2
39 23
19 3
3 45
14 16
25 3
21 13
1 37
24 35
37 22
3 34
39 32
13 41
27 36
21 23
27 38
44 37
46 13
18 41
2 7
37 31
34 22
48 33
3 5
47 44
9 16
23 9
42 21
39 13
37 46
34 20
27 23
11 4
40 43
35 25
48 24
8 6
1 47
11 29
24 41
19 14
14 12
47 5
4 15
10 17
43 3
23 10
1 34
17 34
8 16
16 49
43 5
34 16
41 28
2 32
14 32
3 26
24 40
20 9
1 48
45 33
36 48
15 14
29 15
47 41
27 21
29 37
32 24
37 49
25 29
8 20
23 29
23 18
37 42
21 11
37 45
25 28
1 41
38 20
17 31
15 44
36 29
16 46
15 32
25 12
18 17
47 45
5 20
21 19
8 29
42 31
5 13
40 41
39 17
49 35
43 31
15 48
33 27
24 27
14 49
30 33
31 14
38 25
6 30
36 28
5 35
3 29
43 47
31 36
17 9
14 11
42 16
10 1
12 48
12 22
6 37
35 10
31 39
49 19
21 34
29 13
26 23
11 6
23 16
28 27
48 40
3 13
31 20
13 1
22 24
3 7
11 32
4 47
40 13
30 48
44 31
44 38
24 11
17 20
7 47
23 43
3 44
7 41
19 46
40 35
24 26
46 38
8 23
7 38
10 33
21 15
31 38
37 4
2 10
17 37
35 19
42 41
3 17
13 43
12 29
26 48
10 22
28 5
38 22
33 38
49 34
9 31
32 42
18 39
29 18
22 13
36 42
33 25
33 41
23 22
0 35
36 21
40 44
3 47
1 9
39 33
41 30
21 3
32 6
17 21
14 10
27 10
35 14
16 33
47 24
9 49
1 14
10 25
21 25
47 29
1 39
36 16
44 14
48 5
1 27
0 3
49 29
39 14
28 20
40 17
10 43
42 17
18 40
26 14
6 13
23 1
40 25
30 3
24 39
40 9
38 17
42 2
10 37
20 43
40 36
19 37
16 44
18 21
19 32
23 38
9 43
1 3
45 49
1 6
18 16
16 39
2 43
48 6
49 6
0 40
9 28
48 0
9 7
11 9
37 40
17 7
46 5
29 41
7 46
4 39
39 25
12 0
31 11
36 44
0 26
5 45
34 14
6 40
28 48
43 28
12 19
31 28
3 14
15 11
33 29
13 49
18 6
47 17
21 26
6 31
26 40
5 32
0 34
27 43
0 49
33 8
28 46
13 17
48 11
11 10
19 39
8 28
14 37
15 31
11 17
22 45
7 30
24 7
15 10
22 2
17 26
34 48
24 45
33 47
13 44
45 10
28 21
34 9
40 46
32 7
46 4
43 35
12 11
46 1
41 4
5 1
40 47
38 8
23 45
33 9
13 2
5 41
40 8
30 31
0 10
40 34
43 42
6 15
25 27
24 3
20 7
21 32
27 47
24 37
32 44
17 29
14 2
32 35
28 15
18 8
20 11
14 5
