50
223 153 580 124 344 463 89 76 853 481 27 194 799 426 185 105 966 432 553 150 856 416 750 276 561 915 643 507 103 706 548 521 968 276 539 427 505 101 723 720 518 816 943 989 581 140 667 778 838 885 
10
546 743 584 470 685 991 859 76 516 546 
500
38 44
44 5
48 14
38 30
33 41
18 2
37 2
26 10
15 25
33 27
24 34
36 44
4 39
16 42
32 16
47 24
12 21
11 1
36 27
7 30
18 36
47 14
25 1
33 35
5 45
16 49
18 41
10 9
14 18
34 38
35 16
20 7
14 36
37 10
22 7
36 38
24 49
9 11
5 14
4 25
41 1
5 3
47 16
22 5
48 36
34 10
36 7
46 10
37 17
15 42
44 32
31 13
20 11
12 45
28 43
4 28
22 10
15 27
3 35
14 45
39 34
32 48
7 34
27 30
6 11
28 2
13 22
21 11
37 47
10 2
46 35
12 15
39 21
22 2
17 6
13 32
19 9
10 29
41 38
12 44
0 20
42 48
15 16
23 3
43 10
27 31
28 37
13 24
7 47
46 27
46 19
5 11
31 26
2 21
38 42
31 14
11 25
1 47
20 23
1 37
35 13
37 26
22 16
37 8
8 16
39 31
20 28
40 48
46 30
18 34
34 4
45 8
19 36
40 49
9 20
40 9
35 48
47 20
30 28
6 24
41 0
30 24
39 45
10 13
49 1
35 28
3 49
5 40
14 26
18 3
41 23
34 28
3 24
26 23
23 31
16 34
41 47
15 7
10 16
35 5
49 6
21 41
28 1
18 38
38 39
3 42
48 46
46 15
47 10
45 21
22 11
38 10
7 17
9 24
45 15
16 19
11 13
15 48
19 3
49 37
12 9
3 32
1 32
41 11
14 46
43 16
15 49
3 15
14 8
10 14
25 13
8 41
2 49
12 19
29 31
44 26
16 14
41 48
43 12
16 18
37 36
5 16
9 29
13 20
4 10
20 8
4 48
12 18
48 2
15 32
9 14
2 0
21 15
16 20
0 35
21 47
20 43
41 29
2 1
40 33
18 7
27 37
2 26
3 13
40 15
11 33
36 12
32 7
23 45
40 35
12 29
49 42
41 19
46 18
48 37
1 13
42 30
8 38
30 20
35 24
37 23
43 18
27 25
8 34
2 36
43 44
36 20
25 26
30 22
24 8
17 40
46 16
5 24
37 19
24 40
9 39
26 18
13 26
31 0
30 32
22 44
3 20
15 8
24 14
48 13
10 21
27 0
26 35
42 10
39 6
30 25
45 29
0 44
19 40
15 10
43 31
15 26
6 38
7 1
0 1
17 26
6 35
3 21
32 20
25 14
23 17
16 29
38 19
19 23
47 6
45 36
49 14
5 36
41 35
28 6
12 25
18 31
26 46
30 21
0 12
18 39
42 32
6 30
46 39
9 2
49 22
48 31
41 25
19 42
33 29
30 26
31 7
6 45
30 14
21 25
7 33
26 19
16 11
14 15
26 29
15 44
7 44
31 4
33 10
41 40
17 29
43 46
46 2
46 41
32 6
14 19
19 20
13 34
2 43
27 9
10 32
38 23
13 16
14 42
17 18
13 23
8 4
31 12
28 19
36 1
21 36
42 27
26 24
3 12
34 30
0 40
38 32
22 24
20 5
18 20
23 30
8 30
0 23
16 9
9 36
22 38
8 26
2 34
42 20
25 43
31 40
0 37
29 3
42 34
7 41
27 4
6 44
38 3
41 2
24 12
35 49
2 8
41 24
39 43
16 40
45 31
40 1
45 11
15 37
4 46
30 45
7 26
39 33
7 39
25 17
32 36
3 2
7 12
35 15
24 21
12 46
36 41
8 39
27 41
45 44
4 49
32 2
20 21
49 7
20 37
41 17
33 6
27 35
3 9
26 43
15 20
4 37
35 9
22 45
42 33
28 9
37 44
38 45
40 21
20 33
39 49
45 37
40 20
7 3
43 4
47 32
32 18
29 8
12 13
40 10
21 8
29 25
4 38
33 45
9 15
7 10
32 4
27 48
16 28
29 21
8 42
15 2
46 21
32 37
7 8
35 12
27 12
46 22
23 21
43 47
45 2
42 23
20 35
39 25
22 40
25 47
32 25
7 4
20 49
14 39
25 42
38 43
35 4
16 48
1 6
23 35
25 45
41 42
43 34
16 6
30 31
11 19
28 18
39 35
1 42
15 47
23 7
23 8
11 0
3 14
27 8
22 34
16 24
33 17
23 43
13 0
19 17
48 21
37 11
43 13
23 22
46 45
27 40
33 32
1 33
34 29
22 8
33 48
30 18
13 29
28 7
0 26
27 22
40 23
17 15
5 28
6 4
10 24
24 25
11 2
31 44
31 10
45 20
40 29
35 18
45 26
22 15
3 30
40 11
44 21
