50
954 251 341 731 826 696 603 5 783 106 229 866 111 534 882 720 589 596 394 968 402 846 925 695 838 203 712 21 957 52 808 681 564 578 725 614 162 975 275 297 685 906 706 524 583 744 540 97 215 234 
10
997 218 495 410 790 16 977 64 437 273 
500
40 42
37 4
25 48
45 3
17 40
33 43
8 15
45 27
12 28
43 12
28 14
22 17
43 7
49 11
32 20
32 12
46 33
12 23
35 19
28 7
29 16
15 14
3 35
3 41
24 44
36 39
15 47
11 23
27 29
45 40
28 33
49 22
11 38
38 37
41 38
19 36
21 36
5 49
23 26
24 13
4 43
48 0
49 40
21 29
28 30
17 46
16 49
29 47
18 31
1 3
6 27
4 25
0 23
38 18
5 37
31 41
19 26
12 20
19 4
3 9
37 24
27 7
34 24
44 31
14 31
13 49
15 4
7 13
24 42
32 21
26 35
41 19
41 5
12 30
22 10
23 43
13 21
5 23
9 12
47 9
1 18
8 23
49 37
36 1
10 49
23 24
11 46
13 2
47 43
16 8
41 11
30 7
32 35
34 2
9 4
9 22
33 41
26 17
44 18
35 13
22 18
15 0
36 12
6 4
26 32
9 38
5 34
45 1
15 13
33 24
33 13
3 36
46 18
34 40
8 13
15 5
41 29
6 47
8 37
38 16
5 2
34 30
49 20
1 26
27 1
5 30
9 23
0 7
11 21
20 48
9 18
46 32
22 36
24 40
5 32
49 48
37 30
22 40
17 7
9 6
0 46
21 43
27 10
30 22
14 38
3 24
27 25
11 33
37 18
45 43
17 12
38 5
31 47
41 27
43 39
28 1
28 10
33 5
18 11
16 26
11 12
8 17
48 9
22 44
41 1
15 29
7 26
39 34
20 39
27 19
17 45
2 15
25 15
25 37
9 44
42 20
27 40
47 16
7 8
43 40
18 43
21 23
35 42
35 41
27 37
12 42
37 7
21 25
5 1
25 44
34 25
49 45
10 42
7 46
42 22
19 39
13 12
34 15
44 38
45 35
29 42
45 6
48 42
5 19
13 20
1 30
43 3
45 28
4 36
4 26
25 0
47 3
26 29
41 43
40 39
19 49
8 0
47 37
40 36
27 3
28 42
11 34
44 23
36 17
47 48
5 11
47 28
4 41
48 13
41 26
9 13
37 43
23 49
34 43
7 31
38 0
20 19
1 44
16 41
25 35
14 2
24 12
16 14
16 42
33 27
1 23
14 47
6 12
23 37
41 15
49 35
35 43
49 6
33 48
0 5
15 6
44 32
10 35
2 40
25 36
36 0
39 16
41 37
19 43
40 46
20 5
45 26
6 18
6 35
15 37
45 41
27 31
47 49
49 44
22 12
29 48
22 31
8 22
45 13
4 44
9 11
36 9
9 31
8 36
3 13
28 41
2 21
3 23
45 38
12 1
19 23
38 26
21 46
45 44
14 44
21 15
49 15
22 32
31 30
47 7
2 6
43 31
43 38
18 21
13 5
16 31
16 24
0 39
44 13
19 15
26 40
14 46
37 1
21 8
22 24
23 10
0 49
32 14
14 43
43 29
7 14
41 36
42 19
3 32
16 15
0 20
37 44
49 41
46 25
42 5
42 37
42 36
47 34
25 49
31 45
38 31
49 9
14 25
34 26
19 1
43 36
5 40
19 12
37 13
25 24
7 19
35 31
33 42
3 16
10 20
37 34
21 30
18 23
28 27
46 45
40 38
24 46
44 39
46 12
43 30
24 43
27 11
4 13
41 10
22 3
49 30
2 43
48 6
30 15
20 38
36 6
20 36
49 24
34 48
45 20
47 25
40 23
44 6
40 10
41 21
32 31
32 28
35 14
3 46
16 12
18 32
34 28
0 17
16 32
1 42
30 6
14 19
30 44
48 14
10 48
33 30
32 36
16 46
44 15
9 28
33 19
37 11
10 19
7 35
20 2
11 32
27 47
24 17
27 36
26 49
22 13
21 44
6 25
24 0
19 48
15 17
34 12
39 27
19 6
35 44
0 18
1 29
16 13
28 17
9 21
15 22
17 18
25 8
34 41
19 21
39 32
15 31
31 4
41 42
1 39
9 40
15 20
17 11
29 19
40 18
12 26
43 48
4 11
15 43
3 33
43 6
16 22
14 6
43 20
33 15
49 31
16 40
23 25
28 38
26 42
5 45
49 3
23 6
18 7
14 0
0 12
21 27
5 25
3 4
22 0
35 8
7 29
31 0
26 10
4 27
10 0
26 48
35 46
5 21
49 38
20 3
34 17
39 30
17 42
46 43
11 36
22 46
32 17
22 26
2 9
27 15
22 20
34 36
2 18
19 25
41 2
48 40
22 5
1 24
35 39
3 12
47 35
1 14
30 40
49 12
