50
483 476 70 784 913 744 794 818 775 611 802 743 509 160 816 804 31 49 630 122 79 363 963 5 340 797 877 823 663 720 388 626 30 46 314 704 284 27 660 313 771 187 570 565 410 903 940 897 635 30 
10
4 480 608 104 70 422 995 467 209 300 
500
27 22
3 10
42 44
31 30
1 37
28 26
8 7
28 44
46 0
20 7
26 21
34 1
1 21
14 8
22 7
15 28
11 26
27 9
49 18
12 35
22 35
26 14
18 4
3 37
40 43
13 0
1 6
28 8
30 39
39 13
35 31
14 41
35 42
17 24
44 29
30 8
17 26
6 43
3 47
16 4
26 29
17 9
23 44
18 48
4 1
28 41
23 38
9 8
9 30
11 0
6 11
34 15
17 14
17 6
36 31
30 15
40 32
3 22
23 37
0 2
17 16
0 21
39 40
43 9
10 43
11 15
5 33
23 45
29 19
36 11
27 35
39 10
0 43
28 37
44 47
25 10
43 48
42 16
21 11
15 14
43 34
12 37
26 8
22 31
30 36
40 46
24 9
1 41
11 20
3 40
36 14
23 3
24 26
29 48
36 42
10 14
20 19
35 2
16 49
8 43
41 7
46 28
14 16
27 33
23 5
0 44
29 15
46 1
22 17
18 33
23 33
14 35
40 38
33 14
13 2
29 12
30 34
21 30
16 47
36 27
6 24
40 31
5 0
18 13
44 35
47 39
13 9
36 26
5 35
4 14
30 16
22 8
12 40
42 39
32 29
31 46
32 3
10 21
39 32
40 42
26 4
36 41
2 28
29 4
31 32
45 6
39 7
10 37
32 1
28 22
6 18
46 35
37 2
32 37
14 46
33 3
44 37
11 30
16 22
1 30
28 42
13 28
21 6
14 32
43 20
45 10
17 48
16 6
0 15
31 6
24 7
36 15
44 8
45 44
16 28
20 6
18 39
15 47
30 48
48 40
42 17
4 24
0 8
47 37
13 47
36 40
8 3
43 13
4 49
14 13
21 16
2 47
29 22
6 22
7 17
34 11
41 22
2 31
12 26
35 45
21 39
31 24
10 18
45 13
43 3
6 25
1 31
47 26
40 8
39 35
22 19
28 45
0 23
5 36
21 5
13 3
38 49
5 34
4 37
48 13
1 43
29 17
17 32
47 12
32 48
27 5
46 44
1 27
5 4
13 46
19 36
20 9
7 26
37 26
19 4
20 37
36 44
49 41
23 42
0 26
36 10
29 11
35 25
15 6
24 45
46 48
43 30
48 47
48 2
12 41
46 21
47 38
32 7
37 13
35 28
35 43
25 12
4 9
48 38
34 46
20 27
10 33
41 26
38 9
43 31
4 21
48 8
5 44
23 10
33 44
19 5
27 10
34 3
41 18
41 34
19 33
12 4
44 13
38 2
1 2
49 1
9 29
4 23
24 28
32 28
37 19
12 44
32 25
49 31
17 4
49 47
0 4
21 40
11 9
10 26
12 36
18 29
36 33
40 44
46 32
2 16
33 28
17 46
7 28
25 15
20 14
19 12
41 3
7 19
42 26
7 11
30 3
2 46
23 43
49 6
17 21
12 24
32 23
47 27
10 22
45 40
16 26
5 13
33 48
6 41
1 0
17 47
8 25
49 9
44 1
21 49
33 43
38 41
37 8
8 36
28 43
24 14
10 12
30 0
18 12
20 15
11 39
7 49
11 45
47 46
44 16
5 29
23 46
37 5
20 40
42 6
8 35
30 25
24 5
28 17
19 0
27 26
21 43
21 23
47 25
16 24
25 36
12 48
40 47
33 7
18 3
17 37
46 6
33 1
33 0
6 0
12 5
1 17
45 36
31 13
45 17
0 10
43 5
47 5
24 3
31 25
17 2
21 33
13 25
33 42
12 7
22 26
38 14
22 1
23 17
14 3
3 39
32 45
45 15
23 15
13 23
4 27
7 3
28 4
46 33
46 5
14 25
7 29
1 5
41 11
46 49
16 1
46 39
21 20
20 16
44 21
19 21
10 47
45 25
2 5
24 44
10 17
44 4
49 3
11 4
31 20
16 27
13 11
16 29
23 27
35 34
23 12
32 15
31 38
40 0
32 47
42 29
42 34
25 5
0 25
46 9
17 44
19 23
31 16
13 33
22 15
46 16
32 30
29 31
49 2
22 40
46 43
43 2
6 33
0 17
21 3
13 4
40 24
47 28
40 9
28 6
41 20
25 44
18 25
48 10
30 40
38 20
45 46
10 8
39 5
40 16
38 43
37 16
19 18
29 25
15 33
42 4
39 27
27 2
23 18
5 11
9 6
43 29
19 9
3 12
31 15
34 32
45 41
37 41
3 20
17 19
36 24
6 19
39 34
27 28
4 31
42 22
9 42
18 47
0 47
45 16
48 21
1 14
17 3
4 2
