50
862 249 631 827 589 566 410 747 684 518 366 895 148 532 33 116 481 557 583 667 472 197 401 763 922 194 675 186 615 881 677 915 980 463 819 844 356 10 833 388 579 894 714 51 760 407 752 462 382 397 
10
93 335 622 357 37 796 859 808 374 992 
500
46 8
32 3
11 18
10 11
25 8
11 21
15 45
46 49
33 45
29 45
30 48
20 21
8 48
37 38
44 31
44 41
39 32
18 6
36 11
33 49
33 28
26 24
41 7
0 11
35 30
22 34
44 17
2 41
13 12
46 41
15 17
0 27
44 2
2 21
31 9
35 42
12 22
14 24
19 38
42 19
21 39
30 46
6 10
18 35
12 45
4 20
12 41
5 17
48 5
35 37
2 40
10 40
15 36
38 12
13 47
34 33
1 49
7 25
31 41
18 12
17 13
48 29
37 8
22 30
10 42
29 41
0 14
9 30
25 21
47 33
5 9
46 11
15 1
29 7
17 35
48 3
37 19
16 46
25 30
13 30
35 24
22 29
16 10
0 22
3 39
0 17
26 14
9 44
40 28
37 34
16 34
31 48
25 46
16 37
5 8
7 17
47 23
9 11
36 10
7 0
48 6
48 33
10 32
40 46
23 39
38 28
1 25
19 16
44 13
18 29
46 3
16 27
12 8
24 42
35 6
10 31
48 28
18 28
14 34
43 41
16 0
40 8
47 38
6 2
26 8
47 41
13 4
47 15
4 39
1 36
10 38
40 32
34 42
13 0
11 44
30 42
45 25
14 39
34 18
20 38
3 14
25 43
19 46
31 35
33 26
15 24
1 4
2 38
3 13
36 21
3 44
39 18
10 4
21 1
42 7
31 18
27 12
10 15
38 3
17 45
4 42
47 1
19 18
30 43
39 49
28 19
24 4
37 14
35 39
38 0
31 2
42 44
0 30
42 31
5 6
47 35
3 6
24 39
25 19
38 23
41 8
28 31
37 15
2 7
46 27
45 40
34 32
32 7
0 33
22 28
35 2
18 3
19 2
33 36
11 13
36 35
44 30
26 47
43 5
43 9
16 6
35 44
27 29
24 0
46 20
33 27
5 1
36 24
44 7
12 37
11 3
22 20
40 33
14 44
12 6
5 30
49 9
36 44
18 9
41 30
11 25
46 4
30 31
27 23
26 38
17 42
46 33
4 49
37 27
16 39
4 48
36 2
22 42
39 33
15 23
47 37
37 44
10 30
45 39
21 5
47 0
25 16
29 47
30 38
7 24
49 6
31 22
41 15
43 17
34 27
44 33
21 12
19 15
26 41
13 18
49 45
9 48
37 28
8 36
2 29
43 14
33 22
20 10
15 46
12 40
40 0
34 38
40 16
41 18
41 38
18 16
36 32
44 20
16 30
41 33
20 18
4 12
47 3
1 17
41 20
34 47
2 48
1 42
21 29
28 21
40 3
32 46
9 10
20 43
5 32
0 49
45 32
24 32
19 12
42 14
21 35
9 2
8 39
8 17
37 40
44 32
31 4
42 5
13 8
46 7
22 5
25 47
10 17
48 21
37 31
19 27
12 35
27 30
48 26
39 31
10 43
43 7
9 27
15 22
6 42
38 48
11 32
20 23
42 41
45 18
34 49
49 11
43 21
43 0
5 20
36 29
26 18
12 26
15 6
36 23
12 33
29 35
0 32
34 19
13 38
19 8
24 2
40 5
31 26
43 3
45 8
42 11
26 0
20 14
39 15
23 29
46 42
30 28
24 31
17 40
32 35
2 34
36 6
6 11
18 25
41 37
18 2
0 46
44 19
13 21
29 30
27 8
46 28
2 30
1 46
12 28
40 20
13 43
19 31
17 25
29 38
29 25
25 36
38 49
11 43
19 36
49 36
26 32
4 43
15 26
42 48
22 18
42 39
26 21
36 28
11 22
6 29
20 2
17 16
44 5
46 39
47 28
16 5
15 30
4 33
1 20
43 18
17 36
13 32
47 12
47 8
13 25
6 37
25 26
30 21
37 20
8 4
10 24
46 36
48 1
13 31
18 44
17 39
32 28
1 39
36 13
37 48
46 31
40 18
42 15
33 3
6 21
24 43
13 16
43 34
24 47
24 11
14 11
21 0
10 14
4 34
10 37
28 0
43 36
12 20
27 17
15 11
32 12
8 21
28 8
9 47
7 6
5 0
12 48
2 25
27 48
23 8
0 18
45 5
2 14
41 16
45 1
46 13
37 5
41 25
0 31
13 7
24 17
47 49
7 4
12 49
3 8
46 29
34 1
14 36
35 10
32 8
40 1
44 6
14 46
27 15
28 26
10 12
45 11
19 22
17 34
15 20
26 40
13 24
7 26
1 44
12 29
13 33
12 23
44 24
3 23
31 45
25 10
20 8
24 37
11 37
25 24
31 1
36 40
19 3
