50
13 631 12 248 610 471 565 780 691 629 337 130 31 280 819 703 720 427 679 582 524 822 615 794 347 468 88 319 237 417 484 617 634 510 63 825 1 92 62 52 794 954 382 522 862 324 560 452 786 391 
10
452 39 130 242 479 314 817 11 412 980 
50
12 24
48 46
44 28
30 13
19 47
13 46
1 18
32 14
20 34
39 2
23 38
4 31
38 29
6 24
14 3
46 44
19 21
15 5
31 7
17 1
16 44
48 29
3 25
20 26
49 43
15 8
41 26
22 3
10 37
15 26
23 2
49 9
17 15
2 24
30 18
15 19
30 48
36 44
21 18
40 31
45 21
18 48
22 0
45 47
21 34
32 49
33 22
41 21
16 18
16 35
