50
574 251 852 413 805 99 324 594 628 40 652 579 469 253 267 672 396 936 820 574 493 650 297 521 531 570 552 551 759 647 620 352 666 636 196 483 298 345 538 396 723 512 232 78 611 813 779 580 847 272 
10
385 517 108 675 716 539 249 602 480 984 
50
1 47
38 25
42 22
44 13
37 34
11 45
42 19
32 28
24 17
33 2
27 33
16 15
19 0
14 10
33 25
29 42
18 24
37 17
8 28
20 3
42 15
49 7
0 41
45 40
28 37
22 18
27 20
46 29
16 7
12 35
9 1
43 45
28 10
9 4
37 23
13 1
16 17
34 38
17 33
34 23
3 6
33 16
47 35
43 47
15 4
11 20
36 45
2 18
38 23
48 7
