50
491 583 852 687 14 843 314 567 183 935 784 257 59 300 623 499 696 724 579 970 288 312 616 953 146 91 661 645 755 982 261 529 192 736 522 143 590 408 242 168 394 754 957 606 410 614 127 698 543 277 
10
80 82 950 305 6 124 200 186 999 893 
50
38 41
38 30
14 22
35 38
1 49
33 43
27 25
15 40
5 29
3 27
6 5
22 0
2 32
36 13
15 41
11 16
3 9
12 40
46 24
44 49
20 8
18 13
12 37
8 15
8 19
8 5
7 15
21 41
22 19
47 7
44 43
40 29
25 41
34 24
30 14
44 10
19 9
38 9
22 2
29 30
41 44
46 45
34 4
30 8
33 8
45 20
47 39
36 32
20 18
10 8
