50
815 533 618 665 72 888 429 368 482 729 85 310 792 492 514 311 831 525 484 781 333 553 519 962 651 891 880 694 805 783 812 847 75 951 825 415 175 193 339 487 215 729 80 667 96 774 285 681 351 907 
10
884 503 992 927 664 634 901 268 203 429 
50
20 14
29 8
24 29
28 36
6 19
12 22
2 13
29 10
13 27
34 41
46 31
15 12
32 13
40 27
41 25
43 10
15 2
8 22
2 38
0 36
46 45
13 22
26 23
20 43
32 11
4 3
36 21
43 41
38 6
3 49
6 47
21 4
38 11
19 24
47 46
17 26
24 22
12 38
14 41
41 39
32 34
0 1
45 15
35 20
25 24
49 44
11 43
49 8
16 14
34 37
