50
4 508 779 488 799 74 312 96 530 620 553 169 61 405 742 679 762 701 778 375 30 694 966 526 300 906 824 760 743 813 108 733 589 109 796 601 716 782 998 934 544 44 524 766 335 663 803 452 915 824 
10
261 874 825 303 811 283 871 999 913 458 
50
22 37
26 8
45 34
18 20
18 32
29 26
32 35
34 28
45 36
19 18
13 17
2 23
5 38
9 19
38 1
15 8
26 27
36 30
24 39
46 11
5 14
7 28
46 13
40 43
0 27
22 24
1 45
36 31
28 0
27 43
6 0
31 39
38 26
26 30
46 47
8 0
28 4
5 18
2 17
34 26
33 44
40 25
24 4
8 42
37 15
2 15
21 40
21 45
39 4
22 49
