50
112 188 680 243 359 442 460 548 863 60 898 950 674 655 517 578 369 941 344 96 252 478 657 633 869 35 961 569 252 70 724 43 942 543 446 76 763 565 658 691 82 748 311 175 116 204 923 268 978 156 
10
721 118 986 310 650 162 911 272 55 796 
50
45 6
30 12
12 36
36 39
41 8
30 28
19 21
11 46
7 28
17 33
45 39
25 42
24 48
7 19
28 37
29 11
25 3
2 45
33 38
32 28
12 18
29 22
13 46
49 26
44 12
44 20
42 26
0 10
0 16
13 34
47 17
44 31
25 27
38 19
47 37
38 5
18 20
36 10
10 1
14 48
17 0
47 39
25 43
21 5
31 33
15 26
16 42
22 9
16 43
37 1
