50
273 983 728 702 705 620 918 877 750 231 108 596 624 864 772 495 814 293 740 923 428 963 472 397 711 928 138 919 584 930 195 346 934 466 416 247 73 803 60 983 904 229 710 345 313 756 55 414 234 508 
10
383 986 488 612 905 201 489 28 668 783 
50
19 43
6 49
20 9
32 39
12 25
30 6
43 14
26 46
21 19
1 22
8 49
23 26
13 18
30 41
30 22
8 33
49 10
20 28
31 12
21 6
26 13
5 29
11 32
48 31
17 10
27 25
1 29
18 11
30 15
19 42
42 17
21 45
34 5
15 10
45 44
32 18
29 38
33 17
7 37
42 30
32 48
24 23
10 22
11 26
26 16
22 8
13 14
21 4
7 48
38 13
