50
277 658 847 180 524 250 924 775 622 916 679 752 868 824 539 503 846 83 348 388 739 942 27 507 875 906 168 300 99 212 22 743 603 586 40 457 184 459 436 871 746 375 386 294 450 994 893 776 89 363 
10
548 142 492 215 998 748 835 947 272 816 
50
6 22
0 16
30 6
39 24
12 34
47 43
3 25
11 13
21 13
46 15
15 7
6 24
31 14
17 2
47 4
38 29
23 44
15 36
48 44
19 25
3 24
32 26
35 24
36 41
21 18
4 48
6 47
40 43
0 31
7 29
11 44
4 17
9 45
39 6
13 44
13 46
17 20
33 19
47 0
8 33
7 45
43 3
9 36
34 28
18 47
32 22
20 15
2 30
4 45
36 17
