50
100 850 280 956 682 559 893 284 215 968 24 756 524 312 127 386 230 560 880 461 130 410 425 26 457 731 84 421 696 759 63 482 660 870 890 680 424 87 618 381 697 178 45 44 282 175 724 584 285 377 
10
197 390 384 250 417 947 586 988 454 510 
50
7 10
26 8
18 22
12 19
11 17
12 3
2 34
23 30
32 42
9 23
49 4
25 16
25 2
20 39
24 5
0 38
23 35
42 19
20 3
10 28
26 19
8 41
39 31
25 5
44 11
23 40
7 34
9 6
33 8
14 36
43 39
20 31
23 42
24 41
7 4
35 20
37 45
20 45
15 38
4 42
0 8
7 37
4 31
49 34
30 32
25 15
0 48
12 32
44 26
40 47
