50
863 695 120 751 453 812 894 270 987 744 948 647 738 116 97 794 675 371 387 849 789 30 684 47 181 975 667 811 523 386 45 186 575 143 900 532 182 267 196 193 269 453 878 983 313 565 807 915 168 426 
10
441 228 401 178 227 927 457 997 983 633 
50
11 42
27 14
14 9
40 35
18 36
10 28
0 28
8 19
36 13
7 27
21 48
3 23
3 5
11 18
12 27
30 13
36 1
40 27
28 3
23 15
2 14
39 11
35 43
22 14
19 40
8 40
42 41
44 26
9 2
3 2
22 5
8 48
17 34
3 36
26 27
14 44
11 41
12 47
20 41
14 43
40 13
3 47
11 33
33 40
7 10
42 14
47 45
42 37
35 34
21 19
