50
392 188 709 80 826 853 395 717 523 89 415 221 886 534 264 171 408 940 166 592 627 109 456 285 577 196 184 452 925 508 189 280 28 919 929 493 168 125 287 353 197 540 871 650 189 882 722 736 591 312 
10
926 207 272 752 636 895 991 36 47 524 
50
22 30
10 37
21 49
47 16
2 43
5 24
25 7
0 49
41 33
19 8
3 26
37 2
9 25
3 32
14 33
13 45
10 32
15 37
33 21
8 4
25 11
17 43
19 0
46 14
35 48
21 13
37 44
2 16
38 22
46 16
2 18
18 42
33 19
18 44
33 1
36 4
8 33
31 17
27 16
11 18
33 28
28 27
24 46
16 45
6 20
42 47
13 27
13 33
0 40
3 35
