50
940 555 863 607 713 899 807 885 286 372 694 724 216 299 747 784 406 113 640 585 227 602 913 467 357 192 131 290 944 163 168 804 921 849 906 222 286 263 100 648 221 313 347 896 264 155 363 652 58 356 
10
619 261 393 289 771 232 814 854 995 783 
50
25 23
48 18
8 46
48 44
43 8
4 1
23 4
26 47
48 42
13 34
28 49
11 30
12 44
8 13
32 43
39 45
10 0
48 11
2 19
10 29
10 17
39 22
29 6
22 47
43 41
21 4
11 32
1 36
46 31
18 9
1 29
2 28
15 18
22 30
31 43
0 33
40 5
9 22
26 15
47 43
38 43
20 36
15 20
2 1
18 24
13 36
16 0
39 9
19 39
43 23
