50
563 283 22 73 895 176 647 791 668 910 634 131 499 14 241 384 764 349 471 808 576 312 559 464 92 748 763 155 693 932 448 464 20 70 197 623 661 959 699 653 661 743 210 431 722 211 108 42 251 688 
10
312 42 715 650 582 626 264 703 609 983 
50
26 45
13 45
45 43
44 4
41 1
43 42
38 9
7 26
10 24
4 17
15 0
22 19
35 13
21 44
28 13
30 12
47 33
1 12
3 12
21 7
35 40
31 47
19 28
9 30
29 15
9 43
40 11
3 45
0 16
28 21
18 45
35 38
23 33
19 24
35 27
4 48
49 28
20 34
12 40
3 0
28 26
22 25
24 37
26 34
33 41
34 35
44 37
8 48
25 19
11 33
