50
478 408 715 922 871 423 662 919 111 733 392 609 504 259 918 201 250 619 936 122 913 554 70 685 652 841 30 670 323 284 51 657 62 136 665 717 244 468 323 676 501 955 821 670 602 9 518 118 140 601 
10
813 545 944 608 371 957 781 837 92 840 
50
0 20
46 12
45 22
26 0
44 9
23 38
34 19
12 5
1 4
34 6
29 24
14 38
14 1
48 11
43 46
39 40
27 5
21 22
12 39
31 49
15 47
31 27
24 30
1 43
41 35
4 49
22 24
31 34
46 22
26 6
7 24
3 6
1 45
32 1
40 28
25 46
47 14
43 7
3 17
29 26
0 43
44 20
6 45
31 23
14 13
37 7
47 48
47 25
16 12
29 5
