50
635 632 124 578 907 715 727 782 121 798 174 655 129 953 609 595 800 970 321 257 184 292 650 465 483 345 283 337 538 605 648 816 911 693 796 713 91 629 783 400 281 833 286 421 673 642 750 431 733 902 
10
895 271 662 554 720 960 549 988 400 916 
50
14 12
6 11
1 3
21 27
30 32
3 31
41 30
15 28
35 5
32 11
19 22
21 46
45 22
47 44
22 3
19 9
26 30
6 38
1 16
9 5
14 30
25 28
24 0
10 31
46 29
16 17
10 35
48 1
48 20
29 9
17 1
4 7
17 37
4 46
38 10
13 11
26 7
25 46
26 13
27 45
19 25
11 8
14 34
18 37
11 36
1 45
11 1
8 3
34 27
48 28
