50
221 251 706 422 811 242 103 438 715 240 858 472 950 340 920 721 836 37 372 86 462 96 48 137 96 208 556 245 424 175 149 155 759 335 526 554 73 778 480 894 426 452 125 467 317 504 913 110 913 906 
10
286 660 453 985 207 702 658 909 834 813 
50
3 33
41 24
10 0
8 14
26 20
46 25
14 2
16 29
20 28
36 9
2 44
15 3
21 44
12 5
48 24
22 29
20 15
28 8
36 29
9 5
7 46
16 11
6 25
38 9
9 20
40 37
31 2
21 42
16 43
11 3
32 22
6 49
3 40
18 33
41 2
40 26
29 4
14 45
25 43
25 45
31 24
1 43
41 10
3 2
37 31
27 8
32 29
2 6
40 29
1 14
