50
723 739 778 975 425 377 346 611 269 250 571 728 271 592 499 453 856 901 318 745 242 864 560 490 813 257 973 676 336 82 34 835 537 665 792 141 20 855 915 241 20 748 645 223 120 235 304 830 457 782 
10
325 110 444 904 388 687 759 225 977 458 
50
6 24
35 16
34 29
15 48
11 17
2 25
19 14
2 15
41 36
29 41
38 16
11 0
5 24
19 34
11 26
17 42
8 2
31 15
49 43
6 19
41 22
3 19
28 27
45 47
27 39
33 49
42 6
7 24
15 45
44 46
33 31
9 29
22 33
19 23
3 22
36 2
38 41
41 7
35 23
19 16
27 20
8 37
33 46
18 5
1 27
41 20
48 35
7 21
8 5
10 28
