50
615 964 466 756 695 65 96 804 426 59 310 168 641 572 322 867 268 38 157 41 413 186 815 163 67 465 534 904 66 602 97 181 153 860 422 573 257 403 473 517 707 60 846 962 158 518 98 259 953 807 
10
458 824 184 918 127 297 988 567 622 902 
50
34 46
22 1
40 49
15 45
27 20
49 41
42 45
48 20
22 49
21 20
25 6
39 6
21 7
28 37
22 30
33 35
49 28
15 26
47 41
31 49
8 0
15 37
45 1
25 42
49 3
49 37
30 23
45 48
39 46
43 25
30 17
42 44
43 21
0 46
49 34
18 40
40 16
7 9
42 39
36 30
19 15
3 12
7 35
42 6
3 28
7 37
22 13
23 42
29 34
23 28
