50
49 613 601 273 702 919 931 100 972 315 255 674 280 476 860 406 361 847 84 703 947 662 96 948 43 900 550 831 321 22 675 461 811 298 208 95 447 37 489 848 527 401 912 448 755 381 876 735 25 678 
10
480 419 482 241 987 305 694 921 167 200 
50
33 30
17 1
48 38
22 33
44 29
16 49
44 47
19 27
2 9
49 24
38 42
48 15
3 28
14 15
37 8
40 31
7 16
38 24
30 23
45 28
39 18
14 24
7 24
23 22
19 10
23 44
43 3
36 12
28 1
27 45
8 9
7 33
1 3
29 45
12 9
33 46
16 45
8 47
23 16
42 23
34 7
31 3
4 1
21 19
29 1
11 8
6 39
41 34
21 36
6 2
