50
893 859 47 768 243 716 518 195 583 910 163 387 926 49 627 924 402 863 318 994 541 438 765 297 870 611 772 543 905 561 222 662 221 725 549 770 516 241 440 660 973 218 410 602 35 181 38 650 353 557 
10
997 268 124 37 775 194 229 4 111 528 
50
23 31
37 2
36 4
36 17
8 35
25 42
31 6
35 46
21 28
8 32
38 44
25 37
31 33
28 24
40 28
18 44
32 25
22 5
11 19
33 20
23 34
0 7
11 40
27 19
2 13
43 5
42 41
10 7
1 0
33 30
35 34
0 11
16 30
23 29
43 24
16 18
25 33
16 17
2 26
36 7
7 18
2 49
49 40
29 33
24 23
33 40
33 1
5 14
27 13
34 26
