50
296 59 544 240 393 780 726 101 282 102 503 228 610 245 561 788 706 115 865 282 553 173 981 851 26 741 127 341 884 335 600 657 816 88 921 132 56 651 885 339 323 612 446 196 709 242 282 697 802 210 
10
599 55 2 64 426 320 988 5 429 1 
50
11 4
31 2
45 44
35 33
8 30
0 8
2 0
46 19
13 10
36 33
28 35
11 25
20 31
40 42
3 19
47 5
28 42
3 13
21 9
43 12
31 42
31 14
35 37
24 40
9 11
30 19
14 8
4 9
21 3
30 16
3 23
25 22
22 47
28 45
18 40
30 25
38 10
29 9
39 19
46 39
2 32
24 17
15 27
11 39
31 29
43 7
6 14
49 35
27 40
38 16
