50
900 722 546 284 695 19 913 658 199 340 153 330 203 519 754 478 332 212 160 873 154 636 671 863 601 147 669 551 397 193 935 858 946 551 528 716 242 393 101 254 347 752 607 778 756 491 208 301 531 651 
10
447 418 512 301 952 374 314 906 730 530 
50
4 45
40 14
25 16
24 12
43 11
21 47
45 2
28 44
24 40
4 17
23 33
18 25
37 3
40 11
18 35
5 48
21 18
48 19
43 47
42 47
47 15
28 14
6 11
39 44
0 26
38 45
40 41
4 10
49 39
21 0
18 7
32 15
31 12
26 44
11 42
38 28
1 8
23 22
26 40
6 30
13 1
43 48
47 17
8 16
6 2
37 43
45 49
3 20
35 47
29 1
