50
959 757 199 846 718 435 271 707 790 982 82 406 147 94 142 784 742 109 543 565 870 822 549 705 455 112 505 388 423 311 578 751 741 806 833 364 302 844 78 836 493 771 967 240 67 862 767 480 982 156 
10
435 72 36 197 388 398 619 865 997 520 
50
31 2
42 21
4 6
31 39
23 31
27 14
46 13
36 9
9 32
27 19
16 22
5 1
41 9
15 7
25 18
38 20
26 22
31 25
4 28
33 26
29 39
38 42
34 25
44 22
32 8
9 6
44 18
24 28
4 42
20 7
47 44
14 17
15 34
40 41
20 37
45 31
40 23
3 11
41 19
28 13
33 32
4 12
19 17
3 15
25 35
10 1
38 10
36 30
30 10
11 35
