50
156 126 691 387 540 555 393 228 918 4 877 440 587 366 688 841 388 17 963 981 505 151 890 177 996 51 540 708 125 398 966 803 337 694 857 833 482 879 612 655 725 801 430 934 105 795 424 507 410 185 
10
886 5 286 573 790 618 107 256 998 518 
50
17 30
20 18
34 35
32 12
19 31
23 16
24 40
29 44
10 37
48 37
0 23
7 24
24 20
2 16
6 49
22 27
14 36
41 6
6 47
38 31
17 15
18 17
5 19
4 41
30 49
15 1
23 24
18 39
28 33
4 35
28 49
6 22
29 12
23 11
28 39
19 15
16 13
27 30
44 35
35 6
36 47
34 43
44 5
22 47
16 4
13 34
38 0
45 43
44 20
5 35
