50
865 828 402 520 650 330 479 828 325 941 697 900 883 597 250 43 622 899 286 494 779 543 581 712 368 542 420 365 111 664 910 320 345 169 392 693 717 701 847 494 440 876 364 443 385 725 471 492 199 65 
10
715 946 119 693 588 707 718 749 917 127 
50
29 15
9 19
15 13
10 43
28 43
8 37
41 5
28 12
40 46
40 10
43 41
46 20
8 9
42 14
12 13
35 22
35 48
22 17
44 43
29 40
15 42
41 0
31 25
40 33
7 21
48 13
29 33
49 40
2 46
2 10
46 8
47 30
49 12
34 15
40 42
7 15
38 17
18 41
14 27
24 2
12 33
31 7
13 34
7 3
25 34
47 42
23 19
36 7
24 48
49 23
