50
134 868 953 80 480 284 96 26 8 518 69 666 718 818 530 752 697 981 323 771 115 750 750 800 452 576 969 40 321 624 47 535 118 218 381 480 554 151 774 52 975 32 907 473 697 838 812 556 98 797 
10
642 14 952 273 648 575 875 990 836 893 
50
0 24
28 22
5 46
18 6
12 45
14 44
23 11
49 44
23 44
40 36
8 2
39 13
10 22
4 24
15 33
0 33
9 6
18 2
31 1
19 7
44 28
19 18
49 47
2 12
1 34
38 28
1 45
9 31
20 6
6 11
38 33
4 28
12 8
40 30
10 43
26 12
26 28
39 2
20 10
15 18
40 32
6 49
5 28
42 34
22 0
4 1
25 44
11 32
1 38
47 45
