50
200 54 274 730 120 543 763 862 641 53 926 525 775 792 127 161 128 704 955 551 273 260 781 429 796 881 223 527 86 106 868 572 856 688 575 76 67 830 81 703 424 780 275 911 72 616 190 974 197 973 
10
251 728 762 657 485 982 379 924 375 409 
50
46 44
1 34
36 39
42 45
42 36
49 36
18 25
17 29
5 15
46 33
36 35
31 13
49 22
30 47
24 41
34 7
18 0
26 47
29 1
1 13
47 9
8 42
33 30
3 14
15 22
49 43
47 15
13 19
45 38
11 18
24 35
42 18
0 8
32 4
26 27
7 26
11 35
3 46
11 38
31 6
39 45
45 14
5 34
9 6
3 7
40 13
18 30
13 4
37 2
36 34
