50
236 880 672 869 817 483 569 964 138 324 708 58 355 842 946 105 943 860 30 921 204 46 445 572 701 339 182 682 818 212 968 958 42 83 654 975 165 52 249 730 462 121 5 648 80 828 265 288 606 9 
10
982 228 6 730 741 909 862 25 129 892 
50
2 41
40 30
35 30
33 36
7 19
13 30
42 24
3 47
29 15
37 21
36 5
18 35
23 37
5 19
16 11
38 24
19 1
9 37
23 22
44 33
9 32
2 45
40 7
17 18
4 23
44 19
44 17
20 32
37 5
45 15
46 23
35 33
1 30
41 43
31 22
44 41
31 41
46 0
12 0
6 5
48 29
0 6
22 1
39 24
12 13
45 7
33 30
4 1
47 19
43 49
