50
197 875 802 576 143 16 116 721 986 265 198 699 14 830 963 520 654 712 451 140 462 858 283 152 301 775 233 709 477 174 926 628 491 775 921 352 491 459 128 878 461 620 687 748 557 319 906 742 233 19 
10
698 466 844 717 996 400 336 954 202 973 
50
5 19
3 12
21 44
31 0
41 18
35 32
4 3
30 47
8 45
23 8
27 47
42 5
28 25
33 36
13 2
7 18
0 7
46 1
12 32
17 19
10 42
15 0
49 44
17 12
10 36
36 48
47 6
8 1
43 7
16 32
13 46
47 35
42 7
32 39
12 26
21 42
27 30
1 12
2 33
4 44
36 21
49 11
43 34
35 20
34 24
40 41
2 5
42 23
15 13
32 45
