50
876 500 868 804 784 971 655 778 814 424 589 650 224 714 521 287 126 770 110 25 143 560 415 160 419 89 364 301 190 324 150 108 838 668 35 34 747 180 505 456 551 651 130 405 473 755 772 99 757 545 
10
489 67 272 73 972 377 288 371 684 272 
50
30 15
35 19
7 40
38 3
21 23
12 20
14 19
16 29
30 8
9 11
45 22
4 6
28 10
27 29
6 14
36 11
4 33
3 5
20 27
28 15
23 46
15 41
44 9
36 3
44 31
33 19
43 3
11 22
7 10
36 38
8 45
42 44
42 31
40 20
5 18
4 17
12 10
16 35
17 34
4 11
32 27
24 22
10 33
7 41
34 30
12 32
7 25
28 30
7 39
30 17
