50
882 274 621 333 387 558 651 881 341 268 128 926 100 204 404 917 792 742 858 404 865 877 301 744 277 753 284 423 309 821 665 775 817 604 161 288 519 487 410 217 912 902 529 483 513 74 52 60 885 613 
10
203 138 565 460 110 895 251 995 442 936 
50
44 5
21 25
38 35
36 23
7 39
28 7
42 34
42 46
40 46
28 10
31 33
26 41
12 4
29 17
19 49
35 41
15 10
31 20
17 42
19 4
0 28
4 13
44 49
27 15
49 1
15 21
41 28
28 49
44 26
4 43
42 18
1 8
23 32
29 48
3 23
36 33
0 37
13 29
27 45
2 23
44 32
41 2
40 10
12 6
12 37
43 1
17 39
24 40
39 11
38 6
