50
586 177 540 172 263 84 585 427 222 752 609 174 486 168 756 863 860 286 385 253 96 310 186 495 290 833 826 619 740 83 12 702 764 634 625 811 633 554 418 940 336 74 35 436 40 554 914 323 714 667 
10
702 752 78 309 475 626 545 267 470 985 
50
21 24
27 43
49 29
15 10
11 19
28 24
12 45
30 39
20 18
37 25
0 5
18 28
36 19
12 31
8 36
41 9
40 42
35 26
2 3
49 45
44 36
37 12
4 7
34 8
20 14
28 14
13 45
25 48
47 31
40 14
30 46
33 20
8 44
3 38
25 8
42 43
22 47
7 37
12 6
44 48
33 5
4 3
32 39
29 8
41 47
48 27
26 39
22 46
42 31
44 34
