50
187 607 942 755 91 679 670 699 596 824 440 366 160 726 816 56 720 170 845 512 513 302 766 83 332 527 787 451 507 912 505 442 583 553 141 660 769 442 318 87 949 580 97 829 599 349 422 914 950 505 
10
58 460 193 190 277 98 855 763 962 30 
50
41 13
32 5
3 13
11 44
5 23
20 35
40 23
25 20
0 9
6 43
41 18
49 36
49 17
5 11
6 20
20 9
35 38
2 15
12 45
24 14
16 6
33 17
14 8
8 34
40 1
41 38
24 10
14 33
6 10
7 45
44 1
4 11
24 7
38 49
18 37
5 17
26 13
22 21
25 33
29 11
35 11
30 4
49 22
46 20
30 18
0 6
16 27
41 1
8 43
44 21
