50
764 899 10 693 279 380 130 32 645 323 414 323 518 521 429 72 891 697 186 572 837 581 22 914 777 635 386 612 676 364 744 624 501 478 932 573 721 818 860 793 232 563 764 868 697 290 710 375 135 464 
10
36 21 136 840 256 528 188 300 974 444 
50
40 22
17 1
16 26
36 47
21 17
26 30
2 42
44 24
22 23
3 35
22 39
47 30
39 1
22 24
34 5
29 47
12 34
17 4
33 45
43 37
34 0
36 45
34 15
45 1
45 35
10 16
31 5
8 6
42 39
34 19
46 21
7 23
46 44
5 3
1 8
6 38
10 15
34 47
33 12
38 47
32 37
25 29
48 14
4 14
24 6
3 43
26 23
46 17
26 39
46 16
