50
489 904 626 515 440 248 426 448 863 816 623 146 335 392 459 683 10 627 361 106 943 877 977 78 850 426 900 728 708 42 529 351 488 540 556 157 778 898 185 493 846 590 620 353 782 213 980 674 128 778 
10
791 315 414 405 766 494 882 996 95 685 
50
43 36
26 12
25 28
48 13
34 40
3 14
13 45
17 23
37 2
33 2
30 29
33 7
2 22
14 40
16 11
23 41
0 10
30 19
1 35
49 27
40 25
26 5
2 19
34 1
21 18
39 4
29 46
10 20
29 42
46 39
30 32
9 39
16 25
45 21
47 11
47 13
7 13
35 11
16 37
28 42
40 27
3 21
43 23
7 31
36 11
12 49
21 41
30 40
35 33
33 11
