50
537 315 496 689 572 227 189 174 616 908 409 148 322 866 851 362 159 191 84 70 680 188 283 10 74 154 765 215 409 154 116 177 904 970 961 587 27 188 855 199 301 615 501 221 961 92 243 855 678 340 
10
29 129 538 302 932 464 351 901 994 892 
50
44 8
6 20
3 16
9 15
0 49
19 9
14 11
13 2
7 8
5 40
42 26
42 15
21 43
27 32
9 12
15 38
42 18
15 1
29 9
13 20
19 29
10 45
12 44
11 21
11 45
25 31
45 17
16 20
10 36
20 46
22 4
17 23
41 17
5 17
3 24
27 1
29 34
14 15
30 40
20 17
17 11
6 45
10 27
9 16
29 18
18 45
17 44
32 38
28 25
11 27
