50
588 78 508 656 584 568 282 113 909 643 729 735 652 736 369 170 280 675 664 449 517 198 880 669 742 412 528 941 586 300 550 19 879 200 62 295 294 256 597 805 70 852 554 729 918 832 533 412 238 65 
10
896 946 327 401 926 246 990 900 580 189 
50
25 14
45 13
23 15
41 20
32 33
31 27
3 38
3 42
24 31
10 0
16 30
23 5
37 35
44 41
22 43
26 1
17 14
41 10
35 0
18 16
49 22
0 6
9 2
12 31
38 23
45 23
27 25
45 20
48 45
49 47
45 46
25 43
46 43
16 20
41 25
19 9
2 8
33 21
17 6
2 18
20 32
29 49
43 21
22 20
27 30
19 29
2 28
0 16
40 32
36 15
