50
921 53 394 943 806 342 481 505 875 415 820 320 609 31 530 358 471 967 339 232 237 105 791 61 245 967 647 740 431 567 560 69 101 728 342 179 719 108 221 484 542 671 935 644 491 552 87 228 266 866 
10
510 977 519 181 257 468 559 448 63 146 
50
2 21
40 28
47 45
17 40
0 32
49 1
42 18
43 38
12 8
32 38
27 8
41 49
42 3
30 1
43 3
1 4
44 25
19 5
0 27
42 28
41 46
35 31
21 45
46 4
2 22
46 26
29 17
12 5
34 13
42 45
33 26
0 42
1 39
12 17
19 27
5 44
39 13
14 16
24 25
13 45
38 0
34 20
20 48
28 32
41 22
45 25
45 28
4 30
19 17
13 1
