50
351 271 807 209 834 207 86 239 333 859 48 552 27 311 271 693 361 116 859 70 844 998 639 250 484 24 726 213 61 199 193 370 459 263 229 68 284 418 715 203 906 708 393 890 342 455 852 146 570 896 
10
378 740 635 391 595 891 999 849 675 609 
50
47 17
15 16
21 46
16 24
2 48
23 19
11 26
42 11
40 12
1 38
31 11
20 1
23 36
11 21
5 33
8 22
15 6
4 34
2 0
6 23
33 15
8 37
13 12
29 6
13 24
34 12
18 0
46 16
5 10
38 17
25 38
20 48
28 14
39 12
41 25
44 16
33 32
23 10
3 27
7 17
19 49
11 16
8 36
24 27
10 27
47 19
42 30
5 3
30 26
44 33
