50
27 480 444 213 121 954 241 925 789 434 324 704 636 463 262 594 362 575 68 440 3 222 565 203 709 894 848 486 570 899 687 954 867 811 815 425 785 189 461 913 844 24 755 743 4 225 578 106 177 250 
10
933 563 512 849 337 187 997 191 279 865 
50
46 23
38 37
36 15
9 5
11 19
25 41
13 37
39 10
5 25
47 8
38 9
26 12
37 8
1 6
17 4
28 49
36 14
4 46
0 14
5 36
11 24
26 37
13 33
10 26
13 17
2 45
24 41
46 40
40 6
11 2
23 49
30 14
3 36
7 28
37 22
39 42
8 0
5 44
14 19
24 47
15 8
30 16
23 38
34 14
41 18
48 15
8 19
8 40
13 2
20 4
