50
538 653 527 573 840 610 388 496 569 879 235 893 519 521 440 151 927 876 161 698 180 567 91 399 331 196 855 412 920 28 577 308 596 291 966 743 311 55 178 359 632 419 508 596 121 323 750 778 777 343 
10
602 390 374 242 592 937 953 42 982 733 
50
48 14
10 37
40 31
39 37
45 43
2 36
26 12
46 47
19 33
40 2
23 21
34 2
37 5
23 20
0 26
42 1
48 1
11 48
23 43
24 39
35 25
41 12
41 37
40 27
6 35
10 6
27 49
11 40
1 22
21 8
13 34
40 0
30 41
13 29
34 11
38 21
11 22
7 13
11 4
40 34
44 42
6 38
12 34
34 15
20 12
19 35
29 42
5 42
5 23
25 48
