50
381 902 109 13 772 366 874 753 265 42 330 215 304 619 125 13 396 143 592 776 278 361 700 820 906 858 729 138 183 284 570 725 413 787 74 181 778 106 660 70 349 69 176 285 825 689 602 110 113 164 
10
671 555 857 940 217 293 88 309 273 541 
50
49 19
14 6
7 28
1 33
12 11
32 4
22 29
27 29
35 45
0 48
18 22
34 6
7 18
32 41
40 28
3 42
47 48
5 49
8 36
29 28
15 10
33 32
12 13
3 23
0 8
19 17
6 12
24 4
31 13
42 24
14 5
17 31
17 26
7 23
31 41
17 38
39 35
42 38
47 42
20 10
44 6
16 38
40 2
30 4
26 45
32 11
45 30
4 5
3 37
25 22
