50
398 238 128 316 644 95 877 142 32 938 129 315 969 370 487 218 17 277 688 940 749 99 931 468 740 546 906 674 518 656 412 892 597 617 0 433 828 830 936 797 384 737 446 637 188 851 52 633 647 571 
10
346 819 595 970 277 549 222 298 231 278 
50
20 36
3 30
1 44
9 29
20 3
11 1
6 4
38 33
13 44
19 43
4 38
7 6
36 17
27 26
10 44
41 11
15 9
21 49
2 32
25 27
29 27
26 49
35 44
35 8
48 37
26 24
5 31
41 16
46 16
45 48
21 10
36 8
29 33
27 45
16 36
47 12
33 0
1 13
20 5
49 41
13 39
33 43
10 29
46 3
46 21
22 41
24 46
3 48
23 16
46 30
