50
775 881 743 836 946 544 656 121 863 561 552 445 269 287 772 110 183 942 609 6 488 41 584 628 171 571 307 893 337 325 955 961 213 642 558 736 25 347 798 777 310 138 300 152 743 398 346 139 227 191 
10
451 989 519 807 847 240 93 259 820 796 
50
13 3
8 27
22 15
28 36
47 34
18 9
15 40
9 43
6 47
7 17
26 20
35 48
27 37
22 32
11 28
18 24
29 5
20 36
21 7
47 26
28 17
49 3
33 19
9 36
45 21
27 3
13 21
12 44
32 45
33 29
41 1
6 5
42 23
7 26
7 37
14 43
12 47
33 47
3 35
32 8
18 16
13 38
6 39
14 18
48 11
35 23
38 0
47 4
43 1
40 22
