50
526 556 439 733 362 626 76 386 534 78 950 203 442 758 811 402 404 542 47 595 820 664 320 307 244 441 950 941 193 134 596 98 174 797 594 218 14 158 651 167 324 231 697 115 962 965 100 920 495 242 
10
331 97 438 742 964 977 485 600 758 854 
50
7 13
42 38
23 1
14 22
41 3
38 17
12 34
43 48
47 40
13 14
12 30
45 22
40 35
25 8
28 42
31 13
0 44
17 46
13 43
40 1
20 41
40 17
42 40
33 26
3 18
24 20
39 12
47 4
0 23
15 31
33 3
39 46
6 43
39 6
0 39
12 13
28 47
14 12
15 21
37 9
23 44
46 23
43 26
23 43
28 38
35 0
5 7
21 23
12 10
10 2
