50
673 876 666 767 404 429 899 598 58 206 692 384 898 244 206 127 883 698 706 924 413 584 952 939 570 672 293 605 20 815 458 476 629 481 169 37 108 726 372 89 831 606 338 561 200 18 5 873 166 788 
10
957 276 528 962 73 107 225 470 938 272 
50
10 37
5 43
27 21
49 7
35 33
15 7
41 2
5 30
14 48
12 25
3 9
7 20
44 49
38 28
23 45
41 29
42 16
15 47
13 47
14 42
32 37
20 42
12 2
33 30
22 29
30 40
6 45
39 23
41 40
47 21
15 29
0 13
35 28
45 19
32 19
34 7
29 8
20 10
37 3
16 36
14 1
19 28
33 24
16 28
1 46
43 1
3 42
24 9
48 13
46 15
