50
110 684 660 493 891 758 376 786 80 607 933 825 544 543 399 985 310 735 791 112 742 550 58 961 520 714 156 709 92 11 196 565 564 285 729 682 609 912 642 221 858 355 91 380 415 266 236 130 621 38 
10
862 944 991 199 777 259 552 389 321 855 
50
47 37
22 30
39 20
44 35
44 1
0 15
47 18
44 18
46 47
49 46
47 48
41 14
23 12
32 49
31 14
16 38
21 10
48 1
45 29
15 13
19 39
39 27
5 45
49 20
34 13
15 27
34 44
40 49
42 25
32 31
29 24
37 36
8 22
18 12
30 6
15 24
40 13
25 3
40 22
20 7
6 34
37 35
24 9
21 30
48 38
11 22
29 19
31 6
2 31
4 43
