100
467 957 965 676 46 487 735 110 751 668 309 777 231 399 504 146 978 1 947 723 64 397 845 405 260 592 538 120 95 80 75 414 892 150 608 650 14 151 89 758 201 219 50 432 260 884 632 65 436 249 429 906 320 530 955 264 361 387 393 229 846 637 129 50 951 502 637 130 766 383 426 688 105 524 619 193 959 40 2 307 570 908 718 990 131 362 137 892 495 11 228 537 748 734 209 77 135 14 915 740 
20
418 752 22 179 25 658 505 360 993 493 653 653 124 944 209 651 284 621 149 301 
100
60 87
15 68
95 4
86 15
3 62
39 97
46 48
16 80
97 45
67 64
5 23
32 85
93 73
46 6
54 56
53 75
93 95
48 16
38 13
57 5
43 94
52 50
96 60
96 17
70 87
76 63
46 71
76 13
6 26
36 16
3 94
50 59
90 96
15 97
65 56
61 47
75 15
71 59
66 40
71 2
74 44
86 56
28 88
48 0
72 91
99 82
58 79
63 80
83 84
13 71
99 78
3 24
90 78
3 41
72 69
36 88
95 74
44 10
43 51
17 64
0 6
63 6
39 69
79 90
1 41
74 98
15 65
17 35
42 30
5 38
1 30
47 79
69 37
37 71
46 58
81 46
28 38
51 94
83 29
81 25
22 4
6 86
52 72
95 38
62 67
22 1
18 17
27 9
51 96
66 3
90 88
35 59
46 96
39 10
85 27
52 33
7 86
91 92
68 4
38 8
