100
950 546 724 2 579 930 590 299 323 924 272 745 971 920 462 35 954 139 125 881 899 826 434 115 111 439 786 464 326 196 734 536 956 283 637 347 299 931 529 459 519 137 996 376 17 563 245 949 165 243 561 141 871 611 644 397 955 375 785 20 497 370 922 525 490 412 399 678 605 83 426 428 391 385 849 993 817 167 928 397 19 151 208 800 226 857 383 322 967 718 686 77 572 220 322 113 478 260 137 663 
20
780 526 998 696 387 845 636 180 150 255 143 389 449 79 80 525 329 420 329 483 
100
56 0
51 97
35 46
99 45
65 55
7 31
67 47
20 89
84 97
10 75
92 94
37 92
44 6
99 89
62 55
40 55
79 3
99 87
88 50
18 94
50 12
84 26
87 38
54 22
36 8
69 78
69 35
42 74
95 74
43 85
60 17
42 36
98 45
27 45
29 51
8 55
11 41
2 79
24 21
24 22
68 35
55 39
86 75
78 46
20 73
35 51
92 33
50 98
87 72
83 30
48 99
80 64
42 73
61 74
95 38
63 42
91 50
82 18
91 26
2 97
13 68
36 73
12 34
39 19
33 5
59 22
24 3
4 46
38 81
64 82
17 23
70 18
4 77
29 22
17 18
2 0
86 3
92 89
57 80
57 89
59 55
6 71
37 29
89 72
35 23
45 85
22 95
36 3
92 2
7 80
40 85
62 36
26 31
2 46
9 87
46 45
60 32
32 10
20 8
74 83
