100
199 110 785 793 300 415 478 495 198 110 753 219 518 796 153 603 186 889 459 546 356 151 636 842 987 851 135 466 416 694 751 530 978 548 395 788 675 128 715 731 87 197 717 924 306 550 475 442 747 341 900 338 593 45 390 691 7 342 281 441 121 652 175 167 337 30 426 283 813 613 142 176 896 587 141 127 779 957 455 507 822 193 98 385 233 167 625 847 156 356 40 867 748 183 675 699 588 761 357 588 
20
919 998 437 948 109 701 361 605 345 518 68 15 41 318 799 469 152 586 724 462 
100
76 65
89 13
18 44
35 16
6 61
16 19
15 11
33 19
16 57
32 28
73 84
38 6
29 55
8 6
90 31
16 55
48 8
33 84
20 79
32 80
90 48
97 73
42 67
97 77
26 3
13 10
3 75
51 50
97 6
53 98
33 11
80 70
91 79
2 38
31 0
66 85
98 1
71 48
51 31
34 20
6 66
24 87
46 54
6 10
70 65
16 94
52 90
37 54
96 63
57 39
10 12
54 89
90 41
20 7
47 99
54 75
90 49
33 70
47 62
38 93
38 92
22 89
37 69
60 30
92 82
86 22
58 23
88 43
12 74
68 62
77 32
62 36
63 58
47 63
41 3
70 8
91 13
34 37
98 12
99 50
27 76
60 54
14 92
30 77
94 13
46 85
52 71
29 94
92 34
77 98
98 81
38 58
28 61
61 59
73 50
44 38
34 1
84 47
66 75
62 67
