100
607 352 599 753 64 258 214 164 873 760 933 413 414 409 929 575 514 360 850 549 180 300 445 132 486 983 568 100 102 909 928 235 641 218 452 608 16 934 710 56 235 741 498 524 670 451 240 373 890 92 126 534 279 20 652 213 48 675 532 134 679 189 964 694 679 593 305 853 411 188 311 492 894 906 1 58 101 821 51 734 346 777 754 201 738 557 106 182 877 721 89 852 747 789 975 908 549 163 176 750 
20
339 248 470 845 993 40 725 71 65 986 281 971 440 309 41 805 241 584 266 573 
100
19 78
72 40
19 25
63 15
16 19
39 24
73 7
33 38
73 70
5 72
5 14
90 4
92 27
95 69
87 62
16 14
23 78
19 69
80 16
93 97
67 91
60 76
45 56
48 93
74 38
8 97
99 9
65 75
52 17
4 10
73 27
90 27
52 62
33 14
36 49
3 69
69 35
43 30
52 0
32 96
5 26
98 9
57 51
17 51
53 13
9 37
15 7
21 37
26 88
41 19
87 40
32 54
0 6
83 8
14 15
66 57
1 2
31 69
8 35
5 88
29 20
20 78
71 30
79 88
52 12
96 9
17 72
86 70
59 99
27 46
62 5
36 70
54 40
59 68
6 23
42 68
5 50
76 57
36 55
49 81
69 29
27 39
29 58
42 22
76 15
66 73
30 77
81 23
12 77
94 92
18 16
11 88
62 16
32 71
97 79
29 72
41 71
49 31
42 1
59 43
