100
643 189 402 480 468 564 22 470 586 876 84 675 465 333 4 827 806 434 431 778 25 25 49 963 492 555 723 294 943 683 384 442 358 139 25 739 523 433 200 909 70 827 489 580 400 975 139 623 373 747 167 786 689 353 607 754 565 962 13 456 14 468 85 460 521 954 323 589 638 129 591 524 273 574 775 969 173 847 372 239 382 899 466 96 730 694 162 822 497 618 536 440 244 739 680 43 8 567 833 417 
20
652 830 353 92 993 587 675 184 241 171 830 720 580 418 808 564 12 812 967 172 
100
3 39
6 21
10 90
28 49
64 96
92 50
39 1
18 9
38 11
7 12
17 58
71 54
44 32
99 26
17 7
77 32
13 8
58 19
92 97
57 0
22 33
6 40
21 60
46 5
32 63
67 66
46 72
86 37
97 70
1 22
82 68
44 63
0 63
19 11
80 92
82 50
20 0
90 98
82 54
7 63
65 6
50 45
36 52
17 25
21 44
18 1
18 84
11 30
73 70
97 2
97 46
79 95
53 87
54 97
70 81
64 52
47 95
28 88
84 10
57 7
38 53
68 36
49 19
25 43
46 77
33 4
36 17
39 28
98 84
81 28
51 64
87 2
28 60
5 15
20 22
96 95
10 89
83 2
98 92
91 94
76 70
41 33
0 7
23 43
33 93
88 12
46 20
20 19
21 34
41 89
11 89
77 61
40 99
32 73
85 97
52 91
62 88
36 53
97 34
28 22
