100
212 560 571 910 169 221 339 387 848 24 94 854 211 542 256 709 281 614 796 221 59 480 118 382 175 510 649 936 723 285 815 2 689 544 680 544 25 183 16 585 703 25 949 602 643 620 608 207 14 540 73 725 732 574 338 45 858 653 971 803 990 366 956 478 865 775 963 502 273 769 799 672 222 13 929 255 344 748 210 856 633 329 862 529 375 93 814 451 701 72 100 381 889 506 68 888 831 398 259 562 
20
102 468 859 619 42 229 70 515 845 108 562 732 914 27 871 777 170 736 126 994 
100
56 61
28 68
51 70
45 59
39 69
78 76
8 97
38 69
87 88
25 45
14 47
67 27
25 51
13 33
70 87
89 22
99 41
76 19
72 30
82 66
85 12
63 13
62 36
13 58
42 14
91 25
47 63
82 28
35 62
19 28
90 64
25 0
30 76
93 12
23 53
58 57
8 77
27 55
40 91
44 94
66 35
27 98
80 16
19 68
66 17
55 78
49 4
14 63
44 91
5 60
49 58
25 37
53 76
26 30
20 30
64 98
39 84
72 95
93 58
66 31
46 70
7 54
15 50
65 36
61 80
70 31
50 9
50 41
77 29
18 44
36 39
46 87
39 72
0 93
89 48
99 4
24 73
56 6
16 36
66 86
37 64
15 88
55 88
6 62
92 10
1 51
64 62
52 7
37 43
58 20
70 42
41 49
80 43
75 71
12 17
47 85
41 37
38 62
86 48
11 23
