100
507 932 668 438 120 349 664 482 970 379 343 430 292 651 866 896 184 419 968 863 390 684 276 363 306 734 296 342 655 930 453 856 644 360 942 679 567 351 365 262 891 695 278 444 38 852 540 166 244 156 263 626 958 320 812 728 185 889 760 131 956 497 717 902 615 777 324 209 744 371 360 202 933 529 389 332 164 120 309 733 74 566 665 853 754 328 60 501 814 214 327 170 590 648 219 564 893 858 246 285 
20
463 42 684 684 982 424 946 716 175 552 107 114 847 777 830 716 854 954 96 964 
100
10 73
51 47
33 6
72 40
11 59
91 83
33 90
88 58
89 76
93 45
31 12
79 22
27 44
54 62
82 14
25 96
75 30
85 31
92 71
17 32
32 63
18 80
88 10
38 30
38 59
67 95
8 40
77 48
77 43
95 18
6 67
0 85
82 76
23 5
84 73
68 13
24 2
56 6
58 44
79 20
73 26
40 54
42 98
17 50
18 90
21 57
8 57
6 85
86 44
26 21
88 41
77 79
87 15
75 77
26 96
95 68
95 79
23 24
81 54
75 42
48 67
89 52
0 71
14 22
71 32
89 71
1 32
28 62
42 12
42 13
24 94
26 78
51 82
20 94
77 61
72 50
47 54
43 92
51 65
87 91
38 96
24 98
73 71
90 42
18 93
26 64
14 69
45 96
50 18
21 29
84 26
77 25
90 20
17 89
38 7
39 16
93 50
42 65
2 31
92 97
