100
543 55 383 8 13 12 765 212 25 485 589 656 75 80 536 824 445 84 425 329 219 453 445 711 869 657 186 901 162 666 790 131 140 361 749 401 898 694 669 244 128 410 736 721 415 479 570 91 429 296 5 580 90 931 624 951 270 416 23 792 614 219 7 639 759 924 376 106 447 215 58 726 668 762 107 91 164 830 627 588 880 725 535 122 772 738 214 151 287 377 484 183 3 88 586 56 237 930 956 369 
20
703 756 291 610 754 127 692 104 922 313 834 55 745 993 194 178 555 189 837 543 
100
70 52
79 4
36 43
74 92
27 1
2 85
98 28
59 40
12 66
70 19
15 99
44 34
9 98
23 24
6 14
60 3
18 23
10 8
74 76
49 35
62 44
69 76
49 1
92 35
5 68
12 5
13 22
36 34
94 89
82 0
60 59
69 64
70 59
3 75
14 61
71 63
53 11
9 5
24 39
89 91
77 15
36 48
79 23
96 67
79 28
13 27
90 95
81 9
62 28
9 48
14 51
59 24
1 45
81 1
58 35
70 87
11 35
74 19
28 26
70 26
48 19
67 88
71 77
29 50
47 91
70 89
45 68
52 23
84 49
29 51
47 33
20 75
17 41
83 23
63 12
70 21
47 77
76 30
24 35
15 7
30 16
52 71
52 53
23 60
87 92
51 93
77 38
88 79
60 70
82 85
91 83
16 62
49 5
33 84
1 61
51 18
20 12
2 83
80 89
59 47
