100
627 680 648 712 376 682 224 22 293 302 744 72 832 551 113 960 958 950 69 102 789 409 502 555 70 315 403 801 798 865 711 495 35 983 624 475 370 617 812 856 938 125 413 954 336 756 761 641 640 49 507 56 322 709 858 914 441 345 157 649 314 57 149 216 116 723 735 174 713 631 833 505 662 58 79 623 932 937 286 995 501 496 585 699 179 956 687 133 574 47 33 15 160 885 168 773 28 510 701 146 
20
711 666 276 687 488 52 100 341 277 999 21 305 922 642 246 882 561 279 636 414 
100
31 78
13 76
35 50
73 68
33 45
73 96
50 9
6 54
2 8
89 8
81 60
41 44
98 40
3 53
91 36
88 47
47 27
21 55
25 1
99 83
6 2
46 14
55 87
93 96
2 1
22 84
29 92
99 32
55 79
41 46
35 22
6 64
13 11
73 97
86 90
39 55
44 1
15 49
30 14
52 98
23 70
42 45
25 64
60 36
9 23
61 36
18 19
91 17
95 50
79 42
18 46
91 6
89 0
50 55
15 40
15 72
26 96
8 3
42 92
47 25
61 94
5 65
87 10
2 22
99 57
96 87
44 19
83 85
88 3
27 0
38 20
96 31
16 87
76 79
82 63
87 83
48 52
83 19
5 83
15 31
41 12
28 37
17 95
69 17
1 64
49 54
14 53
43 69
46 28
86 72
79 53
20 39
46 89
82 31
67 26
73 29
44 35
70 85
60 10
18 79
