100
801 484 173 770 964 611 362 373 583 823 422 626 34 663 122 417 144 491 502 579 351 663 768 142 503 639 8 121 27 249 548 149 279 100 622 362 227 536 588 595 729 491 347 352 800 307 956 857 580 515 732 578 371 897 271 17 768 69 561 807 169 246 747 854 342 400 364 224 874 672 361 962 649 916 164 662 107 36 936 796 542 509 590 50 114 261 835 708 735 599 109 505 115 935 399 163 907 695 865 478 
20
781 776 450 7 971 561 997 393 389 523 387 994 556 938 182 99 23 272 856 615 
100
94 64
90 58
66 64
34 71
44 30
12 27
61 59
80 27
93 76
21 17
58 36
14 83
58 30
20 70
6 74
42 0
89 88
68 75
90 26
55 84
81 76
79 14
93 34
61 88
49 3
51 78
8 13
25 49
70 96
77 16
8 47
87 24
55 29
73 39
32 28
72 61
97 5
31 73
58 80
42 28
75 58
62 93
87 86
89 23
96 17
2 3
37 57
95 50
8 86
4 2
64 9
57 77
82 4
74 7
67 29
85 76
64 63
83 82
38 19
58 51
56 65
70 37
87 11
59 10
10 69
71 92
74 62
84 6
74 1
4 18
71 50
46 40
62 79
13 79
44 40
40 36
69 87
21 42
47 21
51 89
87 40
60 86
49 13
63 65
5 22
46 70
85 31
23 37
21 41
58 32
48 37
37 32
97 68
33 36
24 57
72 78
6 53
57 99
43 37
90 44
