100
141 726 600 923 120 517 150 189 507 897 233 952 543 841 428 797 184 861 950 884 734 593 628 357 584 89 696 854 225 357 808 380 897 686 126 746 355 983 128 297 450 295 120 494 305 88 353 82 961 664 629 464 473 128 282 771 24 903 194 953 783 918 758 612 475 741 484 352 917 54 982 931 463 682 442 942 363 455 984 817 933 202 159 255 673 914 569 714 387 210 627 310 878 81 904 651 237 660 618 855 
20
334 126 594 146 705 17 943 979 512 936 862 227 656 990 275 955 691 659 404 969 
100
24 88
96 49
5 82
71 97
48 98
62 52
48 78
52 70
17 14
10 17
54 89
78 66
38 17
77 23
11 15
15 35
2 25
70 22
14 40
55 5
91 84
23 25
43 75
12 70
8 61
35 58
13 94
46 9
31 53
82 60
44 36
84 95
33 70
81 49
65 89
15 77
4 10
48 99
17 34
77 16
86 79
85 6
65 83
94 4
68 74
47 89
44 47
59 88
73 5
52 73
14 74
89 51
7 40
30 73
22 18
48 38
98 38
41 89
52 92
11 16
50 81
88 40
15 21
73 17
10 50
34 7
1 82
46 71
58 87
79 51
50 28
37 62
31 83
7 43
53 65
50 65
96 89
18 89
46 97
48 27
74 43
62 8
13 27
28 57
35 20
21 5
51 66
29 59
49 25
31 52
59 34
63 53
57 8
48 74
61 75
57 39
97 52
6 16
33 41
16 79
