100
577 935 960 663 947 734 287 240 283 923 716 832 938 840 330 270 237 287 654 217 501 433 114 151 834 591 864 615 727 786 361 208 438 416 213 858 733 873 861 64 961 783 754 129 10 221 109 971 788 454 576 232 645 506 580 512 410 440 178 718 31 95 339 786 543 935 582 930 287 175 210 63 862 399 312 218 866 473 962 151 138 587 410 835 647 149 74 335 575 773 687 930 537 215 175 156 299 940 400 760 
20
531 857 753 646 940 264 439 54 957 380 714 765 738 100 988 423 10 10 818 627 
100
23 80
20 14
28 60
62 47
94 24
67 22
2 3
30 56
7 45
69 56
93 3
29 87
94 78
92 87
59 98
85 95
62 45
49 11
30 87
7 37
49 84
72 51
20 13
86 62
47 52
57 66
93 20
0 82
84 28
21 52
55 24
20 8
34 82
76 62
17 89
59 25
3 56
0 85
72 70
4 30
93 87
55 20
35 22
53 87
23 70
67 61
74 64
22 17
65 29
52 26
48 36
26 89
45 36
41 10
0 66
21 34
76 92
95 78
25 63
51 10
53 0
97 36
83 22
83 73
66 71
19 40
77 61
13 61
59 29
40 56
46 82
53 82
33 83
8 7
11 81
94 40
22 28
41 55
48 57
9 50
7 83
57 77
94 35
25 86
58 49
87 77
56 60
55 98
52 89
2 53
39 70
60 87
76 3
81 50
34 13
12 3
91 28
27 45
24 22
81 51
