100
197 675 119 321 573 500 844 867 238 866 151 761 70 585 615 504 324 844 163 392 363 62 467 353 302 429 560 142 375 591 194 173 89 524 9 157 644 541 424 792 858 718 131 946 770 448 833 93 120 185 332 304 817 699 875 760 805 371 238 19 0 878 101 331 113 11 290 610 63 810 215 846 588 889 959 334 662 775 960 341 938 330 772 322 838 515 796 810 747 941 584 374 614 419 289 685 408 744 170 948 
20
760 170 86 496 305 778 996 320 897 540 203 936 430 457 56 566 807 736 237 9 
100
89 83
26 32
5 25
67 16
27 7
97 48
3 52
60 52
48 75
98 45
20 27
67 82
63 62
6 33
58 9
48 67
90 81
71 30
68 50
12 15
86 27
39 22
41 14
20 9
81 76
1 82
71 86
4 13
82 0
9 45
31 55
16 34
68 22
35 92
37 75
51 79
23 38
52 85
20 11
48 2
82 74
25 70
49 97
13 63
89 28
84 94
28 56
84 61
17 29
44 73
75 65
13 37
97 85
59 36
57 88
41 85
70 89
28 73
76 46
5 63
16 75
80 14
84 68
12 78
11 6
91 65
93 7
55 77
21 18
70 69
57 26
80 9
1 50
37 22
82 58
55 80
43 4
31 69
46 27
12 94
36 57
12 10
76 27
85 64
61 18
30 21
62 36
29 91
58 45
37 2
76 87
24 30
17 66
87 53
69 34
50 3
20 98
61 38
89 59
40 72
