100
294 446 836 27 482 363 265 20 767 352 545 378 631 946 393 220 717 670 784 752 552 299 246 883 209 440 797 8 893 276 578 399 67 731 177 437 631 205 514 442 700 897 719 232 169 322 891 133 289 413 380 235 7 62 160 471 943 41 747 67 488 201 170 24 3 296 171 730 313 359 741 797 642 717 167 396 431 472 808 812 344 425 882 237 264 686 900 792 379 205 79 482 498 884 333 139 246 264 498 527 
20
325 412 203 434 670 283 778 7 261 535 209 955 228 15 467 975 196 63 95 493 
100
5 1
2 30
30 21
93 46
19 36
18 79
70 63
20 59
98 30
1 36
79 88
5 98
23 36
14 46
80 74
67 15
76 92
64 22
50 81
60 66
14 22
59 26
4 65
42 73
87 23
37 16
24 74
17 65
58 99
38 29
62 22
61 26
76 32
39 91
65 25
78 36
75 62
12 85
80 77
34 83
3 24
18 10
71 96
51 86
28 56
78 76
18 25
15 99
22 65
82 20
27 69
74 70
80 40
56 79
4 56
93 33
87 55
36 42
53 84
35 27
61 70
1 83
89 63
88 22
50 75
23 72
82 57
99 91
62 82
25 71
33 70
57 36
23 17
36 70
47 55
84 65
39 12
1 79
51 60
32 61
22 80
15 51
27 22
4 83
95 9
93 97
47 78
64 79
98 45
35 57
6 40
80 21
93 98
16 27
74 48
16 74
13 11
99 24
31 74
57 97
