100
126 506 713 129 216 618 872 132 633 403 151 608 438 728 301 160 428 61 192 114 779 812 160 648 312 516 801 365 928 402 206 54 125 276 807 156 982 92 823 682 582 562 251 393 222 155 55 315 71 266 275 194 407 907 362 964 670 290 427 921 263 441 310 0 212 413 346 664 549 557 714 408 627 847 920 567 23 971 378 740 426 272 123 31 831 211 31 607 723 272 475 620 189 752 944 893 303 217 402 701 
20
473 965 491 748 995 805 112 886 536 68 146 988 649 341 138 99 399 829 612 191 
100
40 14
37 95
51 63
97 53
4 86
49 50
29 38
32 74
57 37
74 75
90 34
39 9
62 7
2 60
44 93
20 46
88 42
53 23
59 78
16 9
19 50
56 93
10 11
4 89
52 91
14 62
58 83
65 48
24 69
70 94
2 47
7 41
58 36
89 87
25 12
20 47
17 62
50 7
3 48
34 19
75 66
9 33
60 17
39 68
84 97
69 31
96 27
53 33
4 75
99 34
55 59
80 52
6 11
46 9
67 15
84 99
34 78
53 12
47 95
79 80
37 51
4 49
40 47
54 35
51 20
10 73
61 18
9 91
68 62
32 64
41 11
21 41
18 7
71 57
75 23
61 13
28 2
37 85
72 29
91 64
93 10
82 71
53 19
27 18
8 7
51 10
41 42
87 56
35 22
6 80
13 82
5 42
54 87
38 84
26 76
42 22
80 53
6 68
81 63
51 29
