100
980 173 252 583 742 18 593 390 792 592 660 957 476 140 662 253 627 552 231 666 81 195 878 972 533 690 305 889 70 108 155 690 621 64 623 139 986 779 458 941 56 43 807 182 165 554 740 804 523 929 226 112 483 970 7 725 82 352 748 382 627 50 676 31 403 668 239 483 769 414 291 87 643 340 504 551 380 775 355 696 68 400 77 316 586 856 380 779 803 232 946 977 354 344 124 545 11 795 834 492 
20
426 994 791 806 438 534 839 452 629 149 132 582 261 871 16 358 759 101 569 160 
100
31 10
77 52
97 6
82 1
61 73
47 6
14 29
78 33
42 5
6 18
47 29
2 39
58 25
51 18
54 79
51 97
94 72
95 66
42 83
16 60
15 76
62 14
34 46
30 23
43 99
30 13
51 2
18 94
88 43
7 91
51 60
19 89
55 31
82 34
67 7
89 79
41 91
7 58
33 50
13 15
88 1
21 14
12 98
83 1
85 95
76 92
77 68
73 43
59 82
5 54
42 14
61 85
9 17
55 86
26 93
5 55
49 20
19 69
47 95
92 9
82 13
61 92
31 78
90 98
47 91
89 31
14 26
21 16
60 42
41 47
96 48
81 22
67 55
67 49
96 84
14 23
19 8
96 53
15 64
45 0
54 9
53 36
87 21
34 17
75 26
89 53
13 8
46 19
11 84
12 21
22 59
64 41
80 17
18 33
4 97
51 81
69 0
45 92
53 5
49 89
