100
890 207 750 793 633 695 55 825 625 774 907 5 353 738 903 838 140 731 53 711 833 785 265 435 613 963 101 478 660 855 118 461 501 51 936 649 424 602 636 145 757 521 477 818 368 453 169 427 17 761 4 308 667 483 764 914 585 191 133 262 596 322 466 457 600 563 675 236 144 307 663 689 519 12 535 393 698 451 591 645 691 927 220 917 275 308 298 463 982 858 89 389 96 449 256 9 668 874 676 656 
20
937 780 835 998 776 919 108 985 37 303 693 932 343 631 950 669 642 483 375 81 
100
80 9
11 87
29 34
43 31
66 92
0 18
82 8
65 17
95 36
21 80
32 2
85 0
78 31
77 71
2 95
16 28
65 75
34 19
0 36
80 33
88 32
15 20
20 23
0 62
30 3
93 76
82 46
25 75
63 49
89 39
77 23
3 37
31 34
37 94
5 4
51 99
70 50
67 24
18 38
75 56
64 23
2 39
93 29
52 10
70 21
67 85
14 83
84 78
52 6
78 75
5 80
4 82
71 40
63 86
73 26
85 14
16 93
96 31
22 73
6 23
2 40
92 95
95 12
1 5
40 5
94 61
52 88
40 64
20 67
48 86
96 78
44 11
89 20
0 94
88 54
77 36
42 93
41 0
67 65
33 25
72 57
41 20
32 93
27 13
91 74
11 52
67 57
62 80
22 33
13 32
86 74
68 95
98 62
47 28
78 0
97 11
85 8
68 40
62 1
50 87
