100
945 822 934 367 603 60 153 242 363 443 20 9 49 56 586 219 68 717 14 225 549 321 578 981 118 875 134 486 171 619 33 309 677 714 260 11 842 42 845 638 392 952 396 953 947 535 538 7 292 37 109 447 228 407 167 594 862 767 378 565 264 74 229 153 644 513 363 532 413 552 154 591 836 699 639 569 890 668 130 870 689 26 186 292 599 370 509 841 259 720 254 317 743 77 631 327 990 713 754 71 
20
16 695 476 7 63 390 505 500 63 260 48 656 998 871 775 486 762 112 127 561 
100
46 16
14 82
23 84
58 31
92 25
89 12
37 46
91 97
10 42
49 69
6 54
13 29
53 19
81 58
37 87
70 77
98 63
50 29
14 61
99 87
46 0
25 80
10 69
17 75
15 0
62 58
69 18
77 13
36 16
23 65
40 43
58 14
57 62
16 99
78 16
19 56
69 42
62 44
22 65
77 6
41 73
40 94
89 38
32 79
76 16
65 42
71 49
6 26
11 7
87 17
7 89
87 5
93 37
22 58
99 55
41 13
5 34
97 60
8 27
23 31
18 12
85 32
3 36
35 64
36 26
45 25
47 64
88 91
78 48
37 20
50 17
50 78
19 94
38 87
31 54
1 0
94 24
92 5
42 99
77 41
66 94
75 9
99 79
28 40
96 87
45 79
34 77
87 54
17 20
75 39
45 12
42 43
54 97
89 79
33 27
22 16
56 42
76 10
0 35
41 6
