100
312 370 265 341 646 607 766 785 965 129 552 879 82 651 648 695 442 386 699 527 591 326 838 178 440 145 749 976 937 316 810 117 39 167 480 149 256 719 636 41 509 36 591 720 178 227 224 238 43 331 796 389 763 600 291 568 157 0 20 336 650 386 282 764 108 854 193 507 314 39 321 361 380 732 520 782 546 942 905 326 784 763 708 902 630 279 669 597 56 577 658 838 524 289 75 287 717 398 62 531 
20
476 417 175 50 589 604 457 834 370 828 272 343 920 827 81 409 328 353 337 981 
100
98 44
39 44
7 58
13 25
5 23
55 58
35 81
67 96
44 37
86 23
17 99
66 25
56 39
31 59
85 3
33 93
86 8
22 87
33 22
91 51
80 24
73 96
82 24
97 52
83 10
73 34
79 74
90 54
8 53
28 0
89 83
95 31
99 45
68 26
93 83
6 81
98 50
52 59
87 15
98 67
67 23
66 39
78 81
16 2
90 87
20 37
54 1
35 74
17 30
14 80
63 76
90 48
86 82
91 62
41 3
43 46
84 27
0 49
65 41
33 71
18 92
69 79
21 34
33 48
32 60
63 94
70 4
10 64
53 18
51 81
8 76
14 72
87 11
77 14
5 38
38 44
22 9
4 57
55 59
61 16
40 29
51 83
42 27
59 10
0 14
70 59
64 17
46 79
35 7
79 52
61 10
74 85
42 53
22 38
66 73
48 47
39 69
93 98
16 14
53 84
