100
370 412 954 490 394 142 319 555 956 806 275 517 420 819 162 899 425 770 362 886 152 974 995 791 616 275 297 373 862 678 511 701 18 17 919 719 139 868 33 455 327 395 254 269 873 765 12 988 172 962 55 51 466 857 344 239 387 531 873 9 110 672 776 294 381 66 740 281 287 140 90 163 459 565 777 506 256 961 935 51 212 935 699 958 352 840 58 161 50 723 722 688 969 124 23 724 478 405 949 440 
20
119 857 20 441 511 719 922 762 313 830 387 271 257 275 996 129 280 469 772 232 
100
37 55
74 51
30 9
30 12
51 33
81 66
18 20
88 83
93 73
86 83
0 14
76 0
14 44
33 80
51 6
90 69
40 4
50 0
96 44
87 57
62 65
42 75
96 54
76 80
91 84
87 72
74 35
50 19
37 76
23 81
90 63
14 57
12 60
62 84
38 24
2 79
18 62
89 7
60 24
61 91
9 99
37 36
7 49
83 52
21 45
3 94
8 45
84 16
43 66
68 23
52 93
71 54
45 99
64 62
45 82
94 55
72 35
88 17
93 53
81 7
61 16
50 62
54 79
95 49
29 85
32 64
73 30
94 19
73 74
60 35
66 23
90 72
86 33
69 6
1 5
49 25
55 69
62 82
0 86
25 1
78 19
90 92
92 75
89 20
46 98
35 69
21 61
50 29
90 49
77 20
58 77
11 92
83 22
19 85
65 58
1 27
33 87
57 68
10 29
85 9
