100
895 706 795 276 408 415 486 61 249 486 571 113 377 184 343 948 802 200 939 14 761 685 681 194 227 287 859 199 944 831 459 724 946 729 769 191 55 509 362 931 111 760 429 3 717 747 677 531 729 515 234 383 853 845 513 526 765 403 662 201 238 384 54 597 900 602 323 506 204 133 391 4 161 937 922 957 370 617 76 160 906 353 976 222 934 162 786 253 129 345 51 4 193 880 39 20 269 308 290 420 
20
635 626 671 834 729 370 704 111 526 894 685 219 996 896 948 375 617 88 816 338 
100
10 68
41 4
65 89
34 72
99 19
58 14
38 21
86 36
33 13
28 8
27 15
92 64
93 40
46 32
32 74
29 40
5 31
41 9
53 76
94 24
9 10
56 57
75 42
49 8
73 15
8 11
19 15
66 0
23 38
49 5
55 25
2 58
26 63
78 73
47 9
62 27
5 66
22 10
27 13
2 54
46 80
49 34
29 0
85 56
88 85
35 76
63 57
49 76
82 35
88 69
43 61
3 5
64 8
24 7
12 71
30 58
64 18
31 68
69 51
35 13
10 33
44 80
87 44
63 51
52 53
53 59
43 77
77 1
82 90
76 98
68 54
38 73
91 48
10 70
91 30
46 51
67 85
57 44
64 51
90 15
84 82
15 91
42 96
58 75
21 85
29 12
37 75
15 65
75 93
86 13
11 48
82 42
46 54
86 91
28 20
0 47
79 86
90 56
16 93
8 34
