100
679 518 295 220 269 396 838 684 480 858 979 590 6 901 141 983 896 34 981 281 79 952 215 48 124 214 192 886 984 577 477 731 204 968 868 908 799 250 613 331 793 141 237 602 185 75 28 198 190 315 889 667 344 726 977 754 472 394 397 539 496 785 322 410 994 396 604 50 416 558 217 222 786 388 506 523 626 692 95 542 393 820 395 112 708 936 10 372 435 361 98 350 148 98 501 573 97 423 881 500 
20
562 883 595 998 462 69 82 957 138 626 107 39 26 938 356 976 448 56 382 330 
100
23 80
8 93
33 81
76 96
42 46
8 3
52 74
46 17
7 71
54 75
29 84
58 83
42 65
24 39
42 37
1 20
96 19
68 33
39 2
81 59
13 61
67 8
5 12
95 60
24 8
88 53
58 42
19 9
34 91
49 28
75 92
91 19
23 26
0 15
83 88
63 22
59 52
89 84
59 21
42 86
62 80
72 79
49 35
63 89
56 51
39 89
31 77
63 44
64 11
25 41
39 64
55 50
2 14
40 41
31 10
82 95
92 71
3 98
70 88
91 57
90 69
27 11
62 12
30 34
68 97
23 43
13 94
88 98
81 71
74 76
37 70
42 20
68 78
78 30
78 98
52 67
81 73
78 4
7 4
52 0
10 47
0 31
20 60
44 59
33 2
9 39
62 10
12 38
81 47
50 93
77 26
36 82
84 2
66 39
99 63
88 92
50 62
54 32
96 70
5 82
