100
431 554 78 380 142 554 428 712 47 346 655 792 491 884 367 347 679 856 958 501 734 69 911 145 550 864 535 860 970 924 289 204 849 869 707 285 310 829 361 413 641 870 945 822 924 748 592 32 683 690 515 623 416 459 445 492 8 878 689 466 853 195 650 456 565 575 871 269 942 387 444 882 401 495 569 249 531 759 71 60 13 603 296 483 626 689 34 580 493 101 961 349 547 689 43 47 245 50 413 178 
20
507 541 745 959 707 660 362 362 483 686 590 249 124 23 167 989 614 85 40 339 
100
27 58
96 57
61 57
75 60
22 83
35 63
9 33
90 16
68 90
18 99
43 98
17 55
7 16
0 53
29 21
45 56
76 61
24 77
37 60
22 25
34 42
47 27
18 86
71 78
90 74
16 42
38 49
88 87
22 99
19 53
95 74
63 44
7 36
57 69
10 63
4 39
56 81
5 49
64 18
85 13
78 4
90 20
7 10
26 58
29 81
61 80
39 43
40 83
86 36
11 50
19 71
28 41
5 82
65 91
79 11
88 93
70 82
18 81
76 95
62 99
36 70
18 49
59 77
65 44
38 65
53 86
52 6
76 0
37 76
58 46
79 78
18 23
48 80
64 84
76 1
43 20
69 49
43 16
40 84
18 95
6 58
29 79
45 57
6 68
69 26
86 56
29 93
9 15
7 94
84 73
73 21
17 42
92 24
25 34
86 31
10 13
29 37
30 9
91 31
47 66
