100
955 103 71 813 546 832 387 294 813 884 11 590 160 448 296 592 799 123 599 842 32 863 106 515 425 263 731 749 875 835 879 457 601 846 105 914 600 77 488 488 460 702 842 195 327 398 602 188 23 243 433 544 975 459 15 743 223 170 612 7 253 199 433 578 901 752 132 920 290 584 840 429 822 631 860 625 90 288 424 802 541 621 114 608 299 695 557 193 834 275 17 54 234 763 162 650 983 481 893 103 
20
488 543 655 117 686 328 750 643 996 761 524 765 215 456 532 605 362 977 24 603 
100
45 84
41 34
67 81
57 70
94 96
72 91
29 30
46 14
90 52
6 99
6 45
70 75
17 49
67 57
92 65
42 67
10 95
7 9
76 70
7 79
70 96
72 83
34 83
19 92
55 46
70 42
0 37
35 4
15 74
25 17
23 93
78 63
47 96
98 79
33 31
17 4
58 12
46 48
25 87
1 50
61 54
19 59
18 13
95 70
33 98
55 43
94 15
53 35
7 23
20 50
30 75
57 61
56 66
1 36
30 15
61 4
88 5
88 28
60 90
46 41
23 6
12 82
4 76
35 18
94 74
89 60
39 89
53 54
31 21
18 54
25 2
12 97
5 57
89 52
98 69
68 59
42 40
8 25
13 51
33 78
25 78
69 95
30 92
31 43
53 49
96 52
71 99
60 84
25 70
94 38
82 83
64 90
42 50
16 49
48 4
86 30
27 32
31 69
89 27
59 11
