100
354 807 183 187 624 802 327 458 538 383 608 290 761 264 941 536 861 970 503 648 767 674 354 831 918 102 330 936 83 137 866 449 291 913 806 18 450 81 663 166 408 814 833 269 586 443 643 41 769 334 340 883 286 310 981 202 298 241 799 293 647 925 689 705 222 501 835 344 533 0 197 96 103 236 182 346 432 982 523 528 697 868 181 352 403 983 198 787 83 39 969 248 775 627 34 877 280 320 645 191 
20
848 534 372 115 350 989 981 388 584 312 548 405 510 280 72 854 280 91 102 619 
100
56 6
97 93
73 97
77 8
41 79
40 84
21 87
32 92
35 1
39 49
13 65
69 0
2 67
97 13
3 23
12 3
23 62
0 55
5 35
77 60
60 64
55 6
95 82
3 57
50 2
66 10
76 55
32 97
74 2
40 47
71 80
95 69
59 9
48 41
70 73
42 96
10 21
16 69
5 49
81 7
14 16
77 80
71 42
98 25
84 54
62 50
8 30
56 52
64 56
86 38
29 76
86 59
60 38
83 61
19 68
63 69
14 44
57 95
12 34
27 77
29 11
92 53
51 8
40 15
92 35
97 87
10 37
70 55
92 74
49 86
7 9
84 17
73 68
31 6
4 81
13 49
26 78
40 69
93 52
38 4
38 89
72 49
49 62
46 15
11 13
57 82
21 15
87 20
97 15
22 7
72 26
98 86
3 16
37 33
46 99
46 82
17 63
53 40
51 16
10 72
