100
153 301 85 539 780 962 385 544 559 220 179 812 837 117 985 445 352 967 630 721 509 97 566 853 919 198 273 99 167 424 235 106 332 808 378 161 288 218 523 408 515 466 511 609 772 880 188 411 457 468 262 663 784 975 57 750 130 396 72 110 225 952 423 479 786 274 725 30 100 113 175 179 61 593 246 142 237 719 336 460 121 313 555 671 363 64 745 947 896 643 19 873 343 775 582 344 167 209 585 332 
20
494 836 139 303 335 616 474 628 562 806 38 993 233 360 537 452 364 505 404 328 
100
61 43
49 76
85 27
9 36
18 79
1 34
98 22
61 51
23 63
25 44
92 64
70 38
48 92
25 15
29 88
66 33
61 53
78 74
18 25
43 86
58 71
77 35
46 75
95 32
34 85
62 77
49 99
36 78
3 38
54 9
46 1
73 55
45 42
45 33
31 20
33 48
97 93
64 22
43 2
26 43
8 30
38 84
5 42
32 65
19 15
68 23
35 84
34 40
56 72
65 7
12 65
91 72
28 1
50 42
58 76
48 29
52 59
85 87
9 4
41 36
52 7
35 72
57 45
89 62
26 42
17 46
4 45
59 87
13 19
64 91
11 57
81 34
70 43
77 7
18 39
40 26
21 51
92 29
66 46
98 87
37 78
92 76
97 24
92 62
56 46
94 32
59 21
59 71
94 34
10 34
41 60
62 68
27 90
36 25
61 64
31 95
26 71
76 66
81 27
51 95
