100
155 932 845 930 339 467 790 14 836 188 461 315 954 816 584 428 555 73 805 424 912 891 459 762 116 432 801 627 262 670 905 676 890 36 331 574 911 402 40 759 922 322 599 159 960 603 951 867 550 852 650 833 46 9 441 84 347 43 153 946 729 44 662 40 236 314 603 319 750 634 814 71 711 538 613 296 591 360 960 535 466 632 772 873 485 627 27 205 940 856 920 370 676 274 349 735 870 982 594 547 
20
412 749 711 93 986 225 290 159 659 12 546 33 817 125 88 430 906 893 576 885 
100
29 52
4 70
77 35
38 42
17 8
67 2
77 7
40 23
17 25
39 7
74 76
75 34
24 9
4 48
29 21
94 26
67 20
5 84
48 22
27 32
62 58
58 41
48 81
29 71
85 8
62 61
13 60
60 11
3 38
18 61
49 8
62 49
79 88
78 46
56 84
93 81
52 40
39 46
91 88
98 95
43 15
22 3
88 60
91 39
10 22
95 36
7 48
68 40
93 88
35 56
75 52
65 55
87 69
71 38
89 76
27 28
96 60
90 26
29 98
12 4
55 95
46 50
35 72
11 83
57 16
42 12
45 91
26 73
28 91
22 57
98 19
94 89
55 39
85 41
43 91
51 42
97 28
4 88
8 36
35 44
23 13
43 80
17 60
7 24
93 38
7 8
11 72
95 48
46 66
94 52
31 14
86 29
67 58
16 33
51 70
59 35
35 84
67 33
72 50
84 47
