100
825 793 886 497 224 498 60 814 386 376 609 574 130 494 209 791 536 644 651 734 405 820 700 96 215 942 296 142 804 491 100 760 889 656 799 672 591 314 694 149 175 80 111 709 427 844 232 749 230 730 958 247 383 589 886 260 320 787 251 563 603 463 31 552 633 765 369 880 209 562 593 989 51 563 611 703 981 183 400 745 355 939 515 205 879 208 604 164 282 162 168 692 948 435 410 141 742 919 257 14 
20
296 315 22 546 731 938 401 253 818 923 409 950 541 498 992 993 710 387 423 402 
100
29 18
48 41
14 12
65 41
64 50
63 41
33 39
73 15
85 30
41 66
36 30
36 26
61 79
27 92
41 54
59 0
6 89
29 3
48 84
94 1
73 75
16 13
61 90
35 78
35 22
78 40
68 81
58 53
34 96
14 84
68 21
99 12
38 75
60 34
27 34
93 23
64 7
7 86
0 40
29 52
65 1
47 32
90 81
31 73
46 16
92 45
60 13
58 18
17 22
67 54
5 6
2 1
27 81
1 90
71 49
33 29
9 60
7 70
89 70
57 72
96 92
73 65
5 93
37 58
1 82
80 59
10 9
26 75
79 64
44 53
23 46
45 12
22 45
30 86
62 70
33 62
5 72
22 68
96 12
59 24
49 51
10 30
83 61
76 77
88 92
47 87
80 40
29 57
69 36
65 48
9 97
55 14
99 15
86 44
95 28
55 59
27 11
99 62
44 25
6 76
