100
304 500 793 332 127 950 873 606 22 191 280 757 515 227 431 492 218 119 99 884 614 432 2 219 845 774 368 551 352 228 500 532 952 910 237 568 904 534 454 202 280 137 27 693 81 828 64 249 453 163 150 240 717 903 978 614 711 293 481 405 73 586 323 848 293 451 146 571 911 254 376 2 776 969 429 157 739 328 975 645 289 338 809 22 388 206 881 666 824 776 826 26 69 236 296 192 714 177 147 553 
20
580 537 315 185 316 231 720 999 809 220 552 710 984 599 154 596 179 86 727 96 
100
10 85
15 14
31 65
42 30
73 84
95 73
87 99
26 99
37 13
44 72
7 17
14 55
21 92
50 98
28 82
43 85
32 47
76 20
86 4
88 79
42 9
49 11
60 88
99 41
29 53
88 38
19 5
36 31
97 24
6 75
18 41
26 66
90 25
15 34
80 82
33 43
71 41
55 19
13 57
19 78
90 16
22 77
96 66
22 89
48 17
93 58
10 55
32 20
64 38
87 76
28 19
60 95
31 0
77 70
89 77
36 50
3 32
65 89
10 99
37 63
51 37
8 69
83 91
75 14
73 97
7 61
36 82
33 12
98 7
18 22
80 95
42 49
44 87
86 93
68 26
77 14
31 89
41 96
43 23
29 90
3 78
35 99
56 83
31 34
97 74
30 95
15 32
31 60
9 88
62 39
66 71
20 13
89 94
78 7
83 16
35 53
43 15
88 62
21 34
34 40
