100
367 238 238 438 718 968 980 141 311 839 594 940 192 949 394 360 838 791 494 765 134 36 259 835 272 659 467 582 513 854 354 6 629 528 788 606 772 63 115 218 710 122 64 662 494 733 808 562 373 940 7 805 525 391 733 209 257 719 608 529 862 111 521 700 152 322 822 491 714 745 257 178 915 215 251 868 35 737 532 704 580 796 743 886 159 9 99 952 438 915 920 110 453 493 495 533 468 397 400 896 
20
71 186 198 235 774 293 258 363 2 522 250 629 679 988 534 693 320 924 283 633 
100
38 44
71 23
44 32
65 2
4 20
60 65
28 20
15 92
81 31
21 94
17 88
52 82
85 4
76 65
99 49
79 36
74 47
35 41
13 63
92 76
84 82
90 81
72 20
28 3
22 55
12 22
49 87
55 7
84 10
52 49
86 94
7 0
64 10
20 21
34 61
24 89
23 8
54 59
1 61
40 34
77 38
25 0
87 92
36 22
7 75
88 22
57 74
51 16
74 27
80 7
21 4
97 8
12 75
71 66
6 72
38 60
22 27
91 84
56 37
76 69
62 79
60 13
91 31
68 47
19 49
28 90
81 24
11 66
36 44
69 97
81 46
57 23
37 4
84 0
77 15
53 82
91 53
8 59
34 97
21 23
18 17
17 96
63 48
26 20
25 92
33 50
39 83
0 6
46 68
55 49
23 90
65 38
89 17
48 93
83 44
39 63
44 50
39 29
32 48
88 71
