100
311 266 635 678 205 541 542 968 648 880 721 414 453 819 104 949 64 176 523 524 653 35 741 594 456 187 652 376 315 998 71 151 28 494 404 532 472 547 429 401 335 351 840 435 458 372 45 492 518 521 668 803 588 848 329 898 457 155 532 923 338 358 569 100 316 104 970 741 760 511 748 93 61 825 970 414 435 19 113 41 924 8 926 959 858 840 693 236 666 956 349 29 210 610 123 735 804 666 923 371 
20
885 840 858 350 128 419 74 64 487 882 834 628 862 893 93 162 934 999 611 525 
100
6 18
31 75
37 1
46 39
74 2
90 68
3 10
52 24
64 59
1 71
0 79
95 90
99 38
13 30
26 63
13 18
38 2
60 83
18 54
80 75
46 36
73 15
75 17
40 66
10 77
20 71
95 84
24 36
53 95
19 43
75 1
26 84
93 9
42 98
79 18
65 3
41 62
39 24
92 16
72 80
90 45
10 32
73 4
27 8
62 61
98 4
41 31
49 19
14 96
18 98
30 82
67 73
54 35
83 46
81 9
4 25
60 64
39 57
14 64
41 66
76 72
45 2
96 21
26 15
32 35
28 50
46 71
32 59
86 8
61 7
40 0
27 59
38 75
20 40
19 24
82 19
35 44
98 31
21 29
5 33
86 14
45 63
74 65
85 47
87 19
99 58
22 90
23 21
75 30
18 84
61 9
38 41
39 41
39 78
65 16
2 85
27 85
8 33
12 98
22 9
