100
955 628 378 34 182 631 556 74 466 712 695 955 328 269 842 743 669 647 642 322 205 17 817 561 878 624 183 333 895 694 335 954 732 769 578 536 543 654 407 10 558 464 815 812 687 935 928 578 42 602 24 474 191 800 86 90 826 801 683 218 356 860 0 80 444 662 630 789 611 314 575 301 33 945 476 313 253 991 240 812 798 566 711 684 37 338 9 950 980 741 162 539 574 759 708 199 295 12 744 627 
20
783 432 893 374 916 600 59 808 739 153 857 207 805 997 841 734 905 278 852 677 
100
99 76
5 87
96 86
20 69
56 75
20 16
12 23
57 50
46 64
21 98
83 93
77 76
77 7
12 1
84 26
96 30
65 47
43 14
81 43
9 68
17 27
23 40
22 96
98 23
32 60
81 70
43 39
40 99
91 15
77 34
51 21
67 21
87 36
99 46
83 68
20 91
4 59
58 36
8 83
45 60
25 27
38 68
48 90
69 47
37 78
84 86
92 62
11 27
8 74
53 1
85 68
94 15
55 34
18 94
16 51
32 61
14 42
8 54
53 49
53 4
40 95
7 85
76 30
3 75
93 78
20 46
20 4
44 7
6 10
7 75
68 58
48 59
36 93
62 48
1 64
11 74
61 2
29 14
5 54
60 89
1 94
55 3
95 65
12 64
50 61
61 95
76 26
2 40
41 33
67 42
28 26
46 94
55 41
68 20
88 60
25 60
60 23
90 54
99 56
58 82
