100
905 220 974 770 504 523 184 532 879 155 579 666 639 889 877 762 297 568 829 227 106 587 846 382 62 824 875 647 895 269 418 668 18 671 174 360 820 827 628 949 478 278 667 132 626 953 45 19 504 369 292 411 565 190 26 723 948 704 144 673 654 827 431 636 484 430 261 961 932 767 627 872 978 423 409 553 420 393 338 416 808 805 311 641 488 631 579 922 517 781 487 878 513 697 294 311 300 592 365 16 
20
985 492 725 925 406 229 556 842 474 950 453 517 902 490 865 981 210 476 746 59 
100
49 69
47 36
65 41
56 72
46 83
8 72
41 20
56 30
74 60
96 42
6 29
8 96
28 38
84 43
26 15
56 55
71 54
24 61
74 23
8 25
87 43
64 12
79 10
72 97
1 23
22 44
15 55
10 65
18 57
22 8
15 25
24 69
42 91
82 15
11 29
88 54
34 57
62 81
17 5
58 93
14 25
38 30
91 34
12 90
95 33
72 44
50 39
92 68
87 44
35 75
33 55
19 66
9 33
55 42
19 10
77 45
19 75
51 48
55 35
53 34
81 68
75 23
68 63
4 58
0 10
33 10
11 22
58 40
90 97
73 78
61 16
87 96
92 84
95 47
95 20
16 21
23 46
77 38
36 23
17 32
99 25
52 79
60 43
47 11
39 24
85 35
36 32
64 21
78 1
14 62
1 3
68 52
73 13
51 68
14 66
21 23
47 61
73 41
66 29
38 66
