100
403 907 541 205 468 814 473 971 132 667 942 860 854 719 150 857 707 984 481 548 274 181 537 340 487 324 620 856 509 43 863 110 455 597 456 919 466 935 266 134 408 867 440 970 618 715 628 662 969 939 842 434 501 873 668 855 35 342 317 738 464 917 209 893 82 702 190 822 808 876 298 535 544 513 233 148 979 667 128 251 190 877 796 307 415 350 455 293 856 712 442 22 848 836 381 688 969 376 472 1 
20
982 638 398 571 756 778 502 118 990 729 44 174 414 14 261 146 471 493 284 80 
100
5 76
5 97
79 57
65 51
6 47
1 73
89 2
26 64
99 19
43 2
62 73
19 12
73 2
5 87
36 16
8 17
93 9
78 43
15 71
14 88
34 36
19 16
19 44
97 26
70 46
98 30
63 43
88 68
80 92
59 28
30 22
8 46
22 9
42 63
34 40
90 51
1 91
80 93
33 15
54 67
15 35
76 86
74 65
73 6
53 60
60 84
93 58
41 81
88 93
35 96
18 7
47 91
96 43
54 25
85 25
82 2
56 15
47 76
13 6
14 52
21 50
17 3
0 31
92 71
79 24
37 78
98 94
97 31
27 70
98 20
55 54
12 10
43 0
7 66
79 73
9 29
98 91
11 48
4 71
52 58
21 73
95 39
92 58
98 8
27 9
41 88
3 14
26 49
43 47
57 76
24 41
64 50
32 62
48 76
63 29
28 33
53 75
39 82
7 60
90 8
