100
277 622 235 244 846 949 610 407 382 772 146 176 262 586 432 186 978 94 131 792 25 220 648 456 655 606 359 253 71 320 537 198 887 230 607 711 96 850 207 384 268 923 767 279 55 375 438 545 647 806 489 599 592 693 196 907 725 435 846 482 151 678 277 173 516 171 539 491 68 16 802 753 678 294 613 143 853 735 889 818 430 189 583 471 796 196 172 604 927 60 610 935 397 712 686 404 423 795 630 15 
20
604 417 22 81 266 400 711 227 395 798 981 792 346 642 720 469 647 656 258 382 
100
18 33
65 31
50 96
23 13
51 57
95 68
34 58
98 14
94 97
68 88
95 57
0 2
11 4
67 68
80 81
68 44
75 97
52 51
83 53
74 44
80 3
91 47
4 15
13 17
19 67
44 66
87 29
2 26
82 38
11 37
43 39
60 78
92 34
86 1
82 22
43 17
36 42
36 35
1 18
47 67
28 98
10 68
31 43
62 87
79 99
37 15
5 29
43 51
97 78
70 23
3 49
82 56
94 45
32 42
43 41
56 72
69 35
75 72
50 85
33 56
76 48
17 18
39 32
87 25
57 1
34 79
90 31
4 37
60 64
47 71
5 24
44 17
63 86
7 34
92 98
74 45
50 2
27 28
88 7
55 42
52 45
82 63
37 25
52 20
18 36
80 64
58 18
3 85
56 28
9 6
78 49
60 51
97 9
46 82
2 96
38 28
11 26
60 71
83 37
79 1
