100
202 107 424 896 18 508 315 737 753 303 241 306 166 466 483 252 819 80 513 575 861 287 646 144 88 60 360 170 981 881 368 249 555 817 952 391 584 14 582 411 980 62 853 88 56 758 303 311 571 778 742 947 929 605 431 5 135 717 622 204 369 926 981 118 521 15 486 267 57 593 359 738 318 157 476 308 302 636 283 692 106 65 517 455 421 870 806 566 863 97 460 22 830 200 211 473 21 178 537 263 
20
385 169 76 988 337 869 906 810 687 967 497 133 683 541 903 815 11 130 167 980 
100
54 4
92 57
20 65
54 39
31 97
53 94
8 49
50 29
14 50
93 41
83 48
19 12
20 50
55 84
48 91
34 38
57 94
1 46
34 0
24 46
91 61
56 9
59 92
28 81
55 88
25 17
71 4
92 1
84 74
82 21
90 68
95 96
81 76
0 87
40 51
57 34
8 5
95 40
78 88
67 8
11 40
53 30
55 75
65 89
77 95
49 0
53 7
39 56
57 50
93 51
75 56
66 24
54 51
95 51
88 0
94 11
96 77
65 96
2 92
60 84
53 24
18 75
82 73
51 19
9 92
60 83
4 5
50 60
54 35
28 82
33 54
55 53
44 23
61 73
88 28
91 5
38 61
5 2
26 40
84 56
44 74
54 37
23 42
80 27
27 49
73 51
97 59
48 8
95 91
97 27
5 41
92 40
84 25
74 16
55 38
51 9
18 57
35 87
65 61
95 5
