100
776 165 470 855 153 295 358 839 838 578 864 182 86 743 691 257 425 322 221 374 671 832 637 181 336 752 447 438 117 680 943 756 276 699 485 772 69 376 278 114 523 55 536 335 324 91 809 20 673 830 469 760 637 256 238 853 35 889 409 197 0 99 303 799 504 781 899 535 705 901 637 468 0 938 690 375 239 535 204 253 382 180 894 733 94 274 253 622 625 405 102 648 362 922 288 805 899 505 430 407 
20
180 713 513 707 778 579 509 808 890 338 300 749 281 524 101 831 810 487 899 989 
100
23 20
60 69
24 81
53 93
51 95
61 67
17 32
13 9
58 30
59 45
39 73
85 52
23 32
48 41
40 87
32 24
65 42
6 13
88 24
51 52
81 6
12 14
63 70
70 39
34 12
75 3
16 82
70 25
86 27
26 11
44 54
61 40
87 86
22 65
5 56
42 27
89 90
60 19
70 1
64 52
99 39
47 29
50 89
61 9
48 99
8 32
81 17
66 73
62 36
86 53
94 58
82 18
72 97
68 34
21 13
73 59
93 59
14 80
11 14
61 8
10 23
27 52
49 43
10 22
70 42
81 26
85 7
83 72
19 29
29 92
66 94
9 77
25 12
5 55
82 8
94 18
29 4
67 66
97 46
1 66
62 71
80 9
3 90
45 74
19 26
27 49
19 1
82 70
11 45
92 20
89 61
12 90
2 33
87 26
95 60
74 82
48 98
53 72
28 20
11 12
