100
928 689 781 97 603 78 535 216 195 420 445 174 809 195 7 920 82 18 40 338 472 596 726 476 81 925 909 821 874 833 340 794 894 917 670 287 753 914 34 117 520 29 910 85 939 815 769 213 932 737 195 632 628 270 633 627 269 255 695 73 737 508 569 436 385 159 242 281 197 544 565 450 565 501 173 85 103 741 162 737 175 564 655 273 512 367 392 796 835 6 239 409 972 105 482 882 907 871 243 62 
20
41 998 153 155 239 455 692 418 96 849 611 936 320 240 651 26 318 311 224 242 
100
90 26
87 82
30 10
90 14
58 91
47 50
78 20
93 37
46 75
78 27
17 14
51 81
34 18
51 80
71 31
96 65
87 11
58 50
34 95
62 84
78 63
77 54
99 36
24 8
22 19
90 99
64 83
32 68
44 85
7 77
44 67
51 75
99 19
86 35
82 18
22 96
73 39
35 15
54 26
87 4
72 87
45 64
70 8
75 25
63 98
63 47
5 47
38 85
50 8
64 84
13 79
93 19
90 41
66 36
64 94
65 88
43 73
41 35
7 58
56 62
79 81
74 37
30 90
85 68
86 97
27 46
35 79
78 35
71 84
94 38
96 8
22 36
23 92
25 32
1 30
16 87
70 56
60 40
58 38
8 73
75 94
15 44
57 6
21 39
61 41
35 70
76 36
29 60
64 67
19 18
78 72
93 33
49 36
38 1
75 47
39 69
15 56
26 11
12 74
8 59
