100
187 955 514 334 73 579 766 775 366 335 651 112 536 530 509 633 235 158 556 800 401 51 697 98 766 235 747 183 935 771 8 842 806 598 853 321 803 973 319 611 204 748 897 44 947 298 993 802 309 113 771 738 433 931 407 345 718 817 556 695 784 919 955 760 445 913 744 335 763 201 694 734 314 947 667 529 657 419 535 482 465 151 887 99 639 32 264 855 507 22 248 692 942 786 869 300 737 301 346 895 
20
76 995 163 446 723 105 906 555 121 303 402 37 478 99 199 68 592 812 766 27 
100
3 9
5 45
64 83
59 71
70 52
30 98
18 39
81 14
37 20
86 7
2 78
34 72
93 33
40 14
4 81
36 52
46 39
33 95
55 40
50 78
93 44
99 94
33 37
39 86
16 43
99 85
96 85
19 80
65 96
62 97
40 56
30 67
14 66
77 0
81 99
44 83
36 98
7 72
33 65
71 41
62 65
20 87
29 72
14 78
17 88
47 75
12 31
74 21
34 54
76 86
26 39
58 6
90 56
63 76
29 51
84 97
64 41
22 40
34 22
94 31
89 13
6 50
7 70
99 57
26 12
79 30
21 63
26 47
40 91
48 44
35 77
43 58
26 42
46 43
10 2
14 95
6 64
41 96
21 96
99 98
45 57
28 81
43 95
44 29
62 84
56 4
44 58
90 92
78 90
22 4
86 60
50 81
34 62
58 16
42 58
41 31
88 93
36 91
40 84
55 17
