100
968 179 781 239 901 248 413 106 43 529 609 859 61 430 731 239 874 308 432 131 239 606 471 727 188 194 840 343 93 326 970 565 137 523 27 246 6 295 696 920 204 137 372 541 126 16 75 649 210 358 822 26 500 386 354 558 742 17 145 671 822 589 810 737 906 598 1 182 287 404 773 640 483 290 509 399 368 394 974 413 82 607 493 329 28 367 155 177 215 671 313 664 169 600 313 680 453 455 958 527 
20
996 663 245 350 295 242 479 234 946 431 959 195 152 667 298 929 111 476 360 396 
100
44 51
98 77
3 66
42 1
37 30
36 16
81 89
59 57
45 90
95 15
65 90
3 71
41 38
60 55
19 66
48 61
11 49
62 84
39 13
70 68
27 71
43 87
69 19
26 48
38 84
54 47
13 85
68 89
74 38
96 33
34 17
82 3
82 56
47 23
65 71
62 71
35 39
14 52
82 17
29 67
77 82
94 59
5 93
85 7
71 15
5 27
29 42
68 72
42 93
34 15
66 69
8 36
66 37
61 96
81 60
94 38
40 4
19 98
16 56
36 95
62 3
37 79
48 99
18 31
31 66
64 92
83 65
22 82
14 2
19 0
96 91
41 39
28 83
35 23
2 95
77 94
80 82
61 14
33 68
34 97
87 51
65 69
54 76
84 63
47 22
49 4
64 8
97 58
32 40
21 69
1 6
80 18
41 6
26 96
75 49
9 58
56 97
58 23
9 54
83 82
