100
38 710 408 262 699 5 614 876 838 911 905 573 897 358 843 686 846 527 57 4 617 154 441 664 422 779 286 142 417 753 662 734 496 918 75 743 200 690 292 537 571 74 619 326 358 697 780 250 95 318 776 132 255 385 533 48 522 463 455 141 801 483 424 858 112 559 507 24 421 898 36 610 338 819 269 276 133 936 664 970 606 843 187 170 147 920 771 67 463 397 465 906 790 270 899 904 691 215 109 287 
20
672 573 860 457 853 77 372 861 813 783 268 767 132 294 345 972 304 383 913 996 
100
97 49
3 54
76 70
83 33
45 73
86 67
55 49
26 68
24 0
66 8
86 88
77 12
54 41
91 48
37 85
16 80
55 48
5 68
81 34
87 18
44 7
17 16
40 77
44 98
25 11
35 39
81 30
34 74
48 1
80 40
87 84
20 25
85 45
21 65
85 49
25 61
8 60
95 31
9 40
42 98
19 98
71 29
54 20
13 31
34 60
7 99
43 26
63 31
5 20
73 17
35 67
46 53
42 67
16 41
12 31
34 45
35 74
71 10
7 11
1 70
49 67
62 73
28 91
60 11
7 59
59 82
58 41
78 45
80 92
52 10
30 1
64 22
44 10
72 20
96 26
50 52
76 74
28 44
36 3
16 79
73 33
98 68
96 54
94 23
5 16
80 15
97 14
21 67
61 77
39 26
28 52
54 18
9 64
49 61
65 98
45 47
63 43
66 12
18 66
61 63
