100
74 933 989 374 360 737 43 770 251 370 867 510 186 454 555 303 593 260 571 427 641 718 238 661 72 769 957 928 765 430 553 10 528 354 489 500 281 986 401 881 6 921 495 838 450 39 697 308 54 692 154 945 195 460 319 753 642 706 586 343 985 964 895 792 156 171 281 158 420 121 678 573 658 723 46 428 425 17 393 173 674 258 439 791 273 618 800 295 634 226 356 854 701 713 938 926 241 932 745 510 
20
921 884 493 609 229 994 463 950 168 745 59 357 84 70 203 849 886 520 119 87 
100
92 91
98 9
91 82
93 14
96 20
64 25
92 21
62 6
84 2
25 19
50 52
40 16
36 90
94 26
84 46
95 37
23 41
47 59
99 92
46 67
73 19
70 83
96 93
18 82
70 1
14 45
82 88
20 64
76 21
34 11
60 57
23 69
18 41
48 42
70 29
27 58
40 27
55 57
52 53
90 24
19 23
56 38
54 85
98 59
35 82
93 24
19 7
29 74
41 82
66 7
73 96
85 75
8 10
32 21
3 14
24 72
0 56
20 5
53 84
24 13
0 76
61 97
65 15
65 39
46 73
32 97
51 7
31 83
65 28
8 6
51 35
99 8
25 88
45 20
31 5
38 58
67 62
15 71
1 76
81 39
90 85
80 22
43 56
60 62
60 5
40 97
16 27
80 5
13 59
58 49
62 44
69 72
24 73
75 29
62 24
68 14
37 91
14 64
84 22
2 88
