100
106 487 238 833 549 623 15 38 929 609 287 703 752 682 853 907 329 465 224 616 447 812 259 903 571 525 159 349 702 759 967 254 83 911 349 75 455 11 64 8 327 615 254 982 498 372 800 125 278 220 691 346 444 824 216 790 736 305 934 763 85 972 998 498 524 484 706 712 198 73 484 207 725 253 994 881 288 283 68 518 393 894 229 177 943 327 511 41 615 795 667 162 540 611 228 729 830 362 590 256 
20
362 406 999 413 47 908 564 286 150 255 382 29 336 230 470 269 946 30 734 969 
100
5 96
78 9
77 95
12 7
57 81
41 67
76 29
59 4
42 85
32 45
96 93
25 5
44 77
82 64
15 72
27 3
23 24
53 5
54 41
83 8
64 91
43 84
6 62
52 53
13 18
14 65
88 24
93 7
81 44
43 8
61 29
67 95
50 76
71 83
14 87
43 44
62 32
22 41
27 25
27 31
40 58
56 94
41 50
54 79
36 66
87 84
7 45
4 46
7 36
46 84
37 62
48 79
65 11
35 25
89 28
85 50
41 74
20 28
63 88
8 34
76 61
27 34
15 3
83 1
12 37
79 96
37 81
91 67
62 83
26 39
5 93
21 72
28 60
10 38
40 66
8 24
95 78
64 44
53 85
43 26
68 1
22 5
91 23
60 1
58 51
27 87
60 76
53 51
66 15
76 68
69 79
14 46
20 37
14 97
72 86
37 39
23 61
95 81
3 91
67 39
