100
834 403 845 535 524 945 915 499 9 228 137 903 347 316 463 422 594 385 799 48 223 616 829 296 487 812 731 455 889 874 35 64 439 365 889 829 951 509 505 287 351 392 328 8 974 757 921 232 36 88 7 82 458 559 494 341 405 799 488 311 336 119 611 847 839 977 426 638 643 930 249 367 673 10 900 673 141 455 692 75 884 713 408 204 256 608 389 21 632 420 706 899 793 663 651 649 802 49 792 758 
20
45 141 170 194 818 9 700 167 777 606 654 995 370 48 511 927 565 165 311 612 
100
58 97
20 17
12 82
57 70
22 90
72 15
65 50
64 72
95 55
36 71
67 59
52 97
21 77
94 52
72 42
41 88
57 90
54 62
39 55
69 11
8 59
75 60
74 59
53 33
69 14
19 21
22 60
34 39
3 4
63 64
6 64
37 17
85 9
41 43
48 89
57 89
25 12
41 16
79 30
66 5
65 85
9 75
52 61
80 5
74 18
61 40
68 20
31 85
51 92
23 88
1 79
28 27
15 30
43 92
5 81
69 90
54 27
29 11
66 92
98 61
33 90
27 38
81 28
76 10
59 79
23 42
41 33
41 30
87 91
50 46
39 16
3 60
79 42
38 9
40 73
41 58
34 61
74 17
83 30
7 65
70 53
91 9
10 4
62 74
29 88
4 41
62 92
32 87
95 92
72 59
7 98
4 70
17 12
21 97
71 62
76 17
20 5
11 36
71 56
3 38
