100
258 28 188 868 309 306 282 522 858 853 426 847 756 366 59 290 207 740 817 220 912 349 649 938 716 461 941 647 579 490 452 787 716 277 341 64 69 620 173 763 466 400 869 278 209 297 314 215 291 423 295 44 133 727 107 478 882 151 53 374 32 195 799 482 637 587 717 464 724 469 380 241 3 931 649 82 126 895 606 447 968 281 512 784 974 651 747 441 951 447 285 960 347 591 611 727 936 349 55 798 
20
505 79 581 997 327 776 995 352 741 85 113 852 342 985 42 990 764 767 170 852 
100
81 16
34 83
52 0
33 91
2 82
79 16
87 0
23 4
70 68
45 15
66 67
17 74
46 99
54 41
52 48
26 68
4 83
75 24
53 58
82 4
44 64
41 6
75 12
63 26
5 72
69 97
30 1
45 35
43 50
3 29
25 51
15 48
13 89
35 93
57 43
93 97
70 4
54 0
68 66
63 57
39 8
39 37
62 61
84 77
92 24
59 6
55 5
72 73
80 52
43 58
47 32
21 33
18 97
40 99
81 9
69 19
53 30
76 84
29 9
57 30
58 84
18 94
62 88
80 46
93 10
18 0
3 50
64 62
1 66
80 45
36 25
32 82
69 7
25 58
27 8
38 55
71 26
91 77
40 71
38 53
57 83
36 91
87 29
24 49
98 50
98 10
7 38
17 91
16 25
18 60
66 11
51 39
94 89
26 5
80 16
14 1
38 63
44 34
94 6
93 19
