100
828 368 464 551 335 832 130 708 485 875 720 127 586 835 745 825 831 699 885 665 918 79 738 409 395 88 528 879 175 862 633 748 47 477 276 180 960 76 507 346 499 434 419 765 907 264 51 759 763 221 769 230 932 680 389 388 789 824 347 458 41 913 231 24 708 499 907 949 482 883 281 804 952 454 14 796 647 355 865 70 704 719 865 766 348 38 161 405 756 442 617 607 53 569 789 679 452 893 975 468 
20
653 924 446 110 600 19 890 318 308 613 983 882 579 937 379 937 509 261 731 925 
100
15 30
25 62
35 42
83 82
0 12
85 26
23 19
57 47
0 18
76 62
75 47
66 28
65 70
36 95
28 50
84 77
54 98
23 7
98 58
21 89
15 44
18 35
85 77
65 87
45 39
65 49
64 92
67 27
68 14
30 54
97 11
10 27
25 45
46 49
47 6
96 78
23 8
63 52
62 58
75 8
31 51
63 81
56 72
31 55
14 77
20 2
49 24
1 62
0 58
2 60
82 93
93 86
48 79
93 76
65 17
46 61
6 61
62 65
66 16
95 34
57 10
66 76
97 69
99 60
5 92
93 51
13 11
96 63
89 0
14 65
75 79
1 87
18 29
66 44
97 59
8 67
8 31
73 68
31 14
59 29
95 67
40 34
69 66
61 75
59 69
20 48
86 43
25 60
17 26
38 96
61 90
86 13
36 97
39 87
12 27
54 46
60 97
48 4
38 32
66 9
