100
190 111 515 770 168 477 540 82 235 620 368 975 264 942 834 631 382 776 463 341 187 797 255 664 680 554 0 676 856 801 505 903 403 382 607 400 653 21 376 628 376 562 199 21 337 752 605 929 121 184 202 915 42 605 57 457 490 992 844 445 492 294 534 211 105 745 883 728 708 896 18 753 139 154 883 550 952 870 81 541 44 759 18 964 865 775 763 876 276 567 385 754 624 524 962 717 166 212 579 221 
20
867 142 554 408 249 332 977 198 965 760 647 420 997 156 142 356 876 150 869 189 
100
65 13
69 51
39 58
31 33
96 60
62 97
3 79
76 67
38 28
55 86
10 18
7 81
81 2
99 31
4 49
2 92
17 36
25 36
41 93
47 40
25 78
48 1
43 67
32 99
12 21
85 50
85 80
13 41
21 20
95 94
94 77
7 42
85 36
83 57
17 9
47 88
80 68
63 88
22 57
63 54
17 20
77 88
80 77
75 87
23 28
30 69
97 92
69 11
7 80
10 76
15 16
17 93
30 91
36 28
60 62
63 90
37 47
86 26
32 57
85 4
51 88
11 97
86 81
16 7
99 27
86 65
11 12
19 59
36 53
36 60
74 83
82 84
87 8
81 57
78 74
36 31
47 51
11 70
58 47
55 97
9 16
40 71
38 75
56 73
79 40
14 54
91 18
12 28
28 66
57 69
60 58
37 93
47 31
91 70
62 4
99 57
91 75
0 49
51 27
66 94
