100
170 76 299 871 563 149 795 508 870 505 546 563 166 345 861 889 144 597 191 511 103 277 850 108 378 403 494 87 953 847 903 811 576 835 673 293 942 951 937 569 434 378 183 951 116 552 38 190 882 313 390 818 179 230 316 862 629 225 854 117 655 312 722 2 445 112 74 128 58 554 806 484 572 461 699 779 598 84 664 388 434 334 507 284 842 597 532 556 947 487 55 918 690 295 876 910 719 419 515 588 
20
546 798 250 929 878 126 872 316 182 670 587 831 635 61 356 977 797 173 923 336 
100
36 76
89 18
10 24
52 33
65 68
78 12
25 50
54 7
39 6
12 77
52 7
7 13
75 36
57 61
39 59
12 74
5 74
28 0
80 60
59 18
89 63
22 32
64 97
55 9
67 4
72 45
68 35
79 3
57 1
33 93
32 51
45 10
62 60
34 23
10 33
90 60
98 28
58 21
69 63
52 20
66 52
73 16
21 44
53 27
59 63
76 40
51 28
36 48
22 91
10 60
71 61
39 18
59 13
21 29
34 77
48 3
23 66
54 78
20 49
37 66
71 34
81 50
57 36
92 32
2 6
94 67
71 23
50 39
33 97
15 48
95 77
47 40
2 51
86 23
47 54
22 35
4 57
68 46
25 52
7 64
42 81
76 99
64 40
99 83
85 62
56 31
70 16
69 31
83 89
97 66
48 67
96 90
72 24
75 39
72 42
31 26
74 43
98 79
35 91
26 1
