100
698 191 154 314 947 303 168 328 3 822 862 445 314 827 622 274 763 766 729 45 366 395 423 413 102 391 754 548 399 288 292 563 656 769 758 832 110 989 972 627 142 205 252 352 690 288 768 803 671 426 368 587 218 224 756 635 325 748 811 259 735 815 532 743 360 467 26 825 427 851 914 21 804 980 626 582 988 518 962 773 967 288 491 811 923 540 228 930 959 903 962 635 415 390 108 765 728 296 259 448 
20
860 79 490 628 118 861 320 664 45 583 698 297 73 585 375 67 933 995 234 447 
100
88 86
20 55
36 8
88 83
21 73
43 82
35 91
92 85
89 98
82 31
19 53
56 54
97 7
4 88
56 29
66 8
49 0
63 85
51 97
71 70
76 45
27 92
81 57
70 46
33 74
94 77
26 90
48 91
87 51
52 49
97 28
90 3
9 24
84 6
76 66
99 42
19 87
33 87
14 39
85 34
64 37
4 43
22 17
29 43
91 31
42 27
18 6
8 16
51 65
1 43
33 53
20 7
12 15
0 17
89 78
34 27
51 36
78 18
55 52
99 81
22 97
42 43
0 95
79 51
73 47
3 46
10 85
18 1
81 67
6 63
77 54
0 32
59 20
98 41
54 9
64 76
93 19
79 50
64 61
96 86
93 50
4 97
36 90
77 70
44 21
50 13
13 30
45 57
22 68
60 43
19 81
69 11
7 62
3 99
75 70
8 81
52 97
17 9
10 17
22 70
