100
527 881 304 364 729 803 938 413 592 456 218 813 410 197 685 150 272 856 48 740 162 22 946 213 784 695 850 924 187 91 269 462 95 520 349 926 504 246 202 584 778 425 260 827 345 693 332 355 968 760 397 291 276 835 849 0 425 309 753 444 91 291 218 749 772 63 246 510 916 125 407 265 154 512 143 771 368 397 436 844 200 552 871 886 281 700 246 733 747 498 639 514 605 330 123 961 350 389 828 244 
20
544 745 615 357 443 466 999 250 669 185 601 260 915 885 703 21 867 991 290 783 
100
61 39
23 16
74 5
43 38
73 93
56 9
81 45
2 52
33 1
9 51
46 1
75 90
38 45
77 59
74 72
20 99
63 26
99 73
16 92
89 97
13 67
70 67
7 37
24 22
24 81
73 86
21 51
49 12
55 56
27 26
42 10
60 91
1 36
13 49
67 34
7 15
6 76
83 56
41 63
60 53
15 41
27 72
59 57
14 1
41 23
28 8
83 15
2 41
1 84
88 38
98 21
6 71
0 13
39 21
19 88
40 37
0 26
99 9
99 94
81 50
86 94
72 88
29 95
94 72
45 70
35 10
61 69
38 58
30 56
70 18
59 76
69 56
61 36
94 26
13 88
1 13
82 54
51 35
76 38
72 69
54 5
84 35
82 34
67 24
26 21
67 56
40 48
20 81
7 94
93 27
95 64
24 25
24 17
69 87
84 5
81 29
85 82
43 23
85 69
93 2
