100
332 340 455 132 316 802 887 765 15 678 439 208 949 743 28 618 483 124 483 885 904 876 221 642 642 881 562 428 259 849 967 731 262 67 542 450 907 897 941 654 954 550 580 310 911 585 947 159 572 796 492 805 541 85 395 751 205 894 482 736 595 883 170 548 989 705 481 672 905 14 709 672 255 702 409 539 488 556 662 493 823 455 866 936 143 698 33 428 355 766 281 413 698 134 164 6 583 476 185 479 
20
213 318 936 329 996 374 496 493 79 981 682 343 387 13 624 792 931 237 404 272 
100
57 96
1 9
86 28
16 94
47 1
87 77
58 86
35 13
40 85
48 15
42 87
92 44
12 83
88 33
96 37
31 30
97 99
7 77
75 90
75 77
78 86
56 43
34 80
50 60
7 45
95 8
7 41
79 19
28 83
59 78
50 66
29 82
68 4
79 8
23 72
52 1
51 19
5 77
35 33
82 14
81 60
83 90
92 71
89 65
25 59
3 31
92 63
40 84
3 78
91 65
72 57
76 67
27 69
63 97
38 15
28 88
30 48
23 46
9 84
65 24
46 15
2 67
15 21
59 3
69 36
97 32
78 46
23 7
68 97
23 18
83 19
30 19
27 23
88 90
42 25
28 20
52 32
6 86
23 1
15 74
95 73
54 22
70 66
99 31
11 24
1 56
66 83
10 20
38 60
54 8
31 64
92 94
58 30
23 80
82 22
21 2
57 33
69 41
15 41
17 16
