100
508 7 822 754 596 393 822 234 759 209 288 203 583 994 919 410 195 829 469 506 718 155 742 844 710 272 593 541 613 307 868 374 604 681 867 808 717 464 111 89 577 733 391 701 417 990 570 634 475 134 788 538 209 246 539 193 973 226 336 637 682 879 585 588 865 317 527 789 903 653 924 801 911 597 812 350 64 349 889 959 591 225 886 742 801 529 104 695 876 532 973 432 325 592 37 729 491 253 148 994 
20
817 826 126 665 172 657 902 299 223 54 227 71 997 398 423 312 821 79 981 322 
100
28 4
66 0
10 78
87 64
85 45
85 47
3 46
90 31
9 99
81 83
2 24
87 37
15 60
49 40
10 82
76 6
28 34
84 65
41 59
14 80
70 18
88 69
20 44
78 8
97 40
0 23
61 17
22 87
5 82
19 58
69 13
43 31
5 36
46 85
69 5
57 35
67 77
95 70
5 44
10 79
60 36
11 12
47 78
17 70
42 75
67 9
69 2
86 92
96 23
39 76
13 59
30 21
91 74
90 53
64 79
12 2
17 4
0 92
12 41
79 92
20 24
60 37
39 47
31 92
86 41
20 67
72 80
72 32
24 31
36 68
49 74
49 55
27 65
99 94
87 53
88 64
1 44
80 35
33 3
19 0
42 19
4 51
93 35
28 54
70 11
20 60
73 23
15 87
70 77
10 31
39 55
10 19
88 74
58 72
72 55
40 67
33 18
71 13
48 53
41 90
