100
729 692 688 49 814 570 248 112 315 816 574 67 677 233 677 665 777 810 40 480 213 264 192 160 434 467 600 808 498 783 668 821 133 67 484 213 814 470 108 883 186 564 803 494 593 177 450 864 599 507 138 231 175 128 272 428 304 430 372 259 359 192 901 362 204 669 831 241 744 168 243 365 357 557 318 219 732 413 338 877 862 100 779 853 677 908 390 71 395 198 929 439 899 359 806 101 608 468 153 515 
20
825 992 675 526 298 340 565 707 998 57 908 629 887 404 731 218 993 959 957 339 
100
95 71
99 36
31 2
82 99
39 82
20 60
88 33
52 24
9 53
40 92
97 71
67 54
44 48
42 17
22 67
24 68
99 57
98 65
75 26
37 11
23 79
60 84
97 96
62 18
96 53
60 51
74 32
37 40
55 85
66 11
51 40
30 66
16 45
87 77
67 50
17 29
15 32
60 58
30 47
45 72
82 13
62 7
52 27
85 56
34 46
18 81
38 59
20 80
19 82
78 59
76 52
60 2
43 71
16 22
35 80
72 54
19 56
4 71
76 86
96 42
55 8
27 23
98 38
94 18
83 24
11 3
25 6
28 76
47 89
14 80
24 30
9 52
92 27
59 54
36 7
98 53
7 47
21 30
79 74
14 20
70 23
17 82
41 42
0 4
80 36
85 75
21 55
16 90
59 62
39 9
88 90
37 31
60 85
31 15
2 66
17 45
5 2
12 1
83 71
94 78
