100
831 587 591 391 539 188 662 769 250 367 246 751 590 482 708 73 466 860 465 531 212 704 429 678 846 610 470 779 837 900 625 622 930 8 223 287 632 948 932 454 486 154 654 165 328 940 823 835 860 664 685 861 771 905 117 684 108 616 602 836 606 719 315 49 697 541 507 584 753 9 888 976 779 656 43 227 297 903 153 456 678 184 143 437 630 731 357 214 726 399 736 789 810 932 13 54 764 62 688 360 
20
984 429 583 759 648 833 105 47 804 612 560 564 225 612 541 727 817 830 832 818 
100
56 86
77 81
31 98
76 82
94 80
80 92
88 34
83 96
58 84
42 33
34 71
67 80
17 36
4 90
24 71
41 98
56 41
77 63
23 72
45 34
6 28
14 57
23 8
51 35
68 41
5 67
16 21
13 15
17 68
44 7
90 63
58 19
81 58
14 9
54 93
10 99
16 79
12 33
87 28
25 2
77 80
2 91
67 85
1 73
63 84
28 15
0 9
23 35
98 89
77 53
38 19
66 48
77 48
29 40
55 62
85 90
34 24
12 23
22 30
63 50
74 16
26 34
63 98
75 99
49 65
46 7
81 49
69 82
18 19
41 74
49 18
29 46
64 94
40 25
46 21
90 43
71 81
95 73
47 57
88 32
54 75
17 74
13 95
0 19
58 15
38 97
73 69
62 41
80 20
21 6
70 68
37 86
47 62
24 98
52 7
35 87
50 51
22 69
87 27
16 63
