100
940 418 833 344 325 228 206 219 230 187 43 230 56 689 138 772 212 290 908 475 140 439 763 877 707 91 129 780 501 223 363 787 623 675 335 321 82 774 360 12 903 756 569 621 678 464 959 361 686 413 173 310 231 165 542 633 212 277 616 156 783 636 508 299 695 104 198 621 289 793 8 653 865 248 639 491 909 718 534 101 362 508 63 517 312 467 962 946 222 207 263 893 449 318 781 969 949 81 79 548 
20
863 206 442 896 424 973 586 633 181 29 456 24 806 53 261 596 662 477 555 921 
100
49 16
10 38
37 7
70 51
20 26
83 90
90 67
37 23
93 14
38 1
31 2
51 85
59 88
38 98
35 12
97 53
59 54
34 12
18 60
42 6
62 94
66 13
42 94
19 63
26 48
8 99
80 52
20 95
7 35
45 94
19 23
99 25
12 32
83 27
38 65
79 90
35 99
24 54
7 36
83 74
44 2
99 63
97 38
56 8
53 7
26 35
40 97
19 38
30 43
85 58
37 30
88 69
48 33
98 60
37 68
42 44
30 44
95 94
80 8
17 13
68 27
83 55
51 79
12 93
23 71
59 45
73 4
26 16
50 77
22 10
79 82
40 26
9 69
56 20
35 13
88 90
95 62
52 46
46 4
23 75
29 40
70 57
67 12
84 75
14 92
9 62
87 38
2 55
41 10
29 16
95 26
59 36
62 28
97 42
43 48
82 87
0 61
49 83
55 49
22 84
