100
575 394 297 36 608 426 802 760 799 4 326 928 615 731 22 973 237 753 852 450 767 6 91 252 374 306 466 686 646 749 810 798 848 734 579 889 944 182 564 50 298 284 534 534 427 647 482 575 303 516 860 320 847 872 108 391 151 912 968 48 370 398 304 956 671 493 437 230 383 80 706 183 425 442 61 705 118 844 988 11 536 588 612 587 963 179 305 739 894 454 678 914 461 408 560 941 725 489 278 248 
20
905 27 13 889 862 476 930 430 275 437 780 46 722 914 859 219 990 780 749 623 
100
7 96
53 99
37 61
86 70
75 90
88 19
67 12
78 4
25 82
54 65
4 88
97 70
71 45
71 25
73 94
5 61
52 47
71 58
81 66
21 74
14 2
35 39
15 40
49 77
12 37
43 37
16 32
65 10
87 70
92 50
14 27
31 82
14 48
54 39
8 54
77 71
30 91
59 78
2 31
84 13
17 12
19 73
75 69
13 9
22 58
74 80
90 54
65 12
41 28
11 30
30 32
26 38
30 6
64 92
18 84
57 46
72 70
46 50
36 19
49 85
49 35
89 84
73 31
28 16
19 18
10 56
88 53
47 59
39 42
84 12
50 63
98 76
82 58
43 62
73 4
41 37
21 48
78 2
3 2
21 23
37 68
49 74
60 99
74 33
97 55
15 65
38 7
86 60
48 78
91 94
31 80
54 48
83 38
62 28
33 61
23 44
35 3
45 58
10 57
96 94
