100
408 172 392 623 448 835 773 848 114 608 611 703 613 945 815 173 841 948 264 936 978 639 599 798 903 852 790 81 979 484 753 609 681 516 780 629 598 104 586 558 860 576 394 332 287 750 735 602 396 35 13 431 610 301 961 277 202 372 705 664 51 334 654 585 551 601 596 280 767 534 385 749 401 340 109 889 507 818 438 460 944 369 887 172 791 684 473 494 428 448 283 637 138 823 626 173 671 739 568 64 
20
466 998 10 383 323 744 669 575 201 491 446 376 718 576 616 312 381 607 976 436 
100
65 54
89 64
28 66
88 37
64 87
84 71
29 67
2 40
78 75
29 65
2 60
44 49
8 49
2 58
78 15
53 43
3 48
65 98
85 91
28 82
87 10
99 83
55 54
9 88
57 93
75 10
49 47
37 23
26 5
7 34
69 85
85 26
76 89
31 86
33 99
71 22
68 2
24 80
5 93
90 89
59 73
72 26
5 98
54 49
22 93
1 26
45 69
73 15
71 57
72 31
23 40
99 71
94 75
14 77
28 61
12 84
40 9
24 0
15 6
24 27
83 45
23 93
55 68
99 10
44 47
22 55
76 86
84 2
8 74
23 96
27 6
42 38
86 15
97 54
47 76
49 63
19 32
91 92
18 26
61 42
78 66
18 30
69 40
1 27
62 33
22 38
26 55
89 3
71 25
23 81
86 20
40 81
32 12
71 83
91 59
0 66
57 7
24 59
95 98
4 90
