100
821 155 606 462 435 728 556 972 233 126 50 454 976 74 185 292 932 471 952 386 457 457 906 20 623 893 912 626 471 183 644 941 358 397 1 331 773 949 138 40 144 460 106 53 190 547 48 761 612 112 208 250 969 537 485 568 553 140 361 756 483 476 932 822 785 835 530 232 209 840 644 630 787 519 461 217 581 102 236 521 964 258 959 948 901 751 466 690 726 118 816 761 79 142 923 200 191 28 409 941 
20
977 98 60 168 174 603 910 430 384 998 220 226 841 125 93 566 490 804 28 643 
1000
43 74
58 90
73 61
93 39
63 20
69 27
14 40
13 52
56 19
40 69
49 64
37 75
42 94
69 42
82 8
59 92
59 62
24 87
35 8
98 58
56 11
35 81
63 82
5 97
23 41
53 50
31 61
95 62
45 87
54 82
9 66
38 26
54 56
35 37
25 43
90 68
51 20
32 8
17 82
27 77
43 21
60 26
19 85
83 64
51 23
93 22
45 86
29 59
21 65
75 27
25 84
17 63
78 97
27 34
79 74
49 22
45 27
49 32
12 59
66 92
9 91
43 71
30 26
24 95
24 37
0 33
19 42
4 67
22 52
86 53
27 15
11 1
66 46
59 90
88 94
7 9
92 95
26 73
15 4
26 35
54 79
74 78
83 67
43 49
44 92
99 55
75 85
0 29
14 48
70 42
22 46
37 41
16 46
91 64
18 12
60 98
0 83
73 5
8 39
17 73
49 51
46 9
60 37
98 13
58 12
84 74
40 74
14 21
48 99
81 52
95 51
30 56
6 89
85 73
63 60
42 61
82 94
3 39
99 64
27 60
45 80
44 81
85 21
89 10
24 80
14 53
47 78
29 70
36 15
93 57
12 22
72 93
17 99
75 56
63 31
78 81
74 61
29 67
16 51
33 26
45 74
68 74
39 18
32 31
53 10
93 94
79 66
91 57
57 81
69 15
25 81
84 57
5 79
48 76
20 57
79 48
78 29
60 72
46 54
52 7
92 34
85 0
7 24
68 56
33 7
94 80
53 75
9 60
59 46
44 47
8 12
51 43
8 99
93 47
92 85
98 90
29 30
62 90
19 84
95 4
9 49
5 18
76 57
53 80
81 38
71 58
25 11
92 30
61 45
82 13
12 10
96 64
91 4
15 59
55 86
4 70
5 59
38 53
23 85
30 90
90 16
1 34
11 27
56 41
2 33
4 50
3 28
29 99
6 11
76 63
88 21
4 10
68 84
94 57
47 18
9 29
76 94
57 44
20 46
90 88
17 75
44 2
62 84
53 42
17 40
10 69
80 14
45 43
63 39
2 20
32 99
64 77
1 83
94 37
7 74
17 25
93 26
3 94
98 40
23 93
72 10
44 60
0 38
43 52
23 75
49 5
88 68
33 72
11 77
5 88
7 2
88 89
52 76
52 99
98 92
38 89
65 82
51 85
47 25
36 37
49 23
47 38
64 87
56 58
60 10
69 93
67 0
31 3
2 88
71 7
87 76
87 46
51 30
92 7
99 67
50 42
39 77
1 68
33 47
36 88
86 17
28 49
79 64
83 36
84 16
30 65
59 10
30 28
61 88
26 3
68 24
50 57
96 84
20 7
97 67
21 23
13 90
68 78
59 73
54 5
62 88
52 59
69 61
74 34
50 82
16 73
56 90
36 60
44 49
67 60
54 63
40 97
30 60
73 97
20 25
31 69
5 37
82 6
62 13
61 78
43 10
7 53
55 83
23 30
88 34
70 46
18 23
93 85
20 69
57 26
40 54
75 2
8 93
34 31
85 79
28 64
0 11
47 21
52 10
6 69
65 90
69 75
30 57
17 68
73 48
58 39
95 17
82 42
1 55
43 56
27 68
35 19
3 37
28 51
95 79
28 24
89 12
36 78
5 56
71 46
36 98
38 72
19 88
3 80
10 1
3 99
79 99
35 98
20 42
57 10
90 1
71 75
73 33
27 67
4 56
94 72
53 87
87 78
69 17
73 23
63 99
68 2
47 95
37 72
31 42
71 84
97 27
86 77
96 51
92 91
76 25
66 82
50 91
49 53
74 15
10 63
50 7
46 80
19 55
40 58
57 37
7 47
94 16
65 71
27 78
20 83
51 1
79 37
23 27
17 34
27 25
36 50
65 48
28 68
70 13
0 69
22 39
82 1
33 86
95 73
68 65
68 34
56 77
22 23
68 10
29 66
84 46
83 6
81 54
26 79
37 56
95 50
92 68
66 4
9 11
17 20
27 3
64 5
48 5
62 40
24 33
34 33
18 54
95 74
4 84
23 56
59 53
24 12
39 99
14 77
40 77
29 43
56 91
34 60
0 75
97 48
56 61
99 85
29 73
22 65
92 63
74 47
24 2
45 1
22 98
60 18
68 61
68 39
94 8
37 61
50 39
76 42
57 3
76 74
18 0
13 2
66 61
64 6
31 30
23 38
37 7
58 0
93 42
98 79
40 28
21 60
8 84
49 48
92 47
25 13
8 3
86 52
19 93
10 19
33 94
65 54
33 8
67 19
33 3
96 46
28 89
67 93
67 88
38 70
54 13
80 67
94 11
70 68
18 49
21 84
81 9
48 84
3 35
87 59
78 13
68 73
56 8
4 19
49 50
65 27
88 18
57 87
10 48
76 86
81 89
70 37
67 78
37 13
23 91
94 46
40 23
24 83
70 95
80 11
92 87
51 36
55 93
47 52
19 96
33 70
74 62
14 83
32 73
2 49
98 10
29 63
60 49
60 25
89 0
11 53
77 7
50 9
42 4
64 61
18 82
77 34
58 89
92 26
90 57
8 58
52 71
33 52
80 99
43 37
35 29
84 55
59 71
88 9
64 72
8 24
65 58
80 76
62 38
78 99
97 19
62 63
40 94
1 96
3 20
62 36
11 33
24 14
90 95
4 94
13 68
13 84
60 42
54 21
64 36
49 76
27 44
54 93
19 43
15 25
81 86
23 36
21 81
55 5
11 95
28 69
49 75
90 76
70 41
96 25
62 78
95 44
37 63
9 44
52 31
94 51
18 34
29 49
6 92
41 69
18 38
42 78
94 63
3 24
84 23
95 93
47 51
9 96
62 28
93 52
8 88
92 18
73 54
28 36
42 30
81 96
56 24
95 28
78 75
36 20
20 40
39 46
26 84
17 85
76 77
68 38
60 84
51 33
53 93
26 2
96 54
38 50
66 59
13 59
99 4
8 48
0 20
41 4
74 16
65 32
53 21
37 25
13 10
86 60
85 60
31 96
55 60
24 96
44 93
79 84
24 6
44 96
33 35
37 44
11 35
46 88
97 44
34 78
48 85
51 34
40 31
48 60
2 9
79 41
25 57
72 84
1 75
73 69
73 14
28 98
82 70
0 84
62 56
25 42
8 18
77 68
98 34
64 32
44 78
10 61
52 94
37 85
0 54
24 81
82 31
84 69
19 74
46 48
94 19
74 88
68 48
31 98
20 81
68 53
90 33
14 32
30 34
92 22
55 18
18 29
77 21
23 3
79 18
52 46
86 13
72 98
13 89
61 91
34 12
40 24
43 8
25 12
5 13
83 96
84 41
68 76
43 18
82 71
37 4
39 91
51 82
37 52
45 11
11 75
29 20
88 92
55 52
52 69
56 12
81 80
28 9
52 62
28 53
99 10
29 57
75 99
64 1
0 3
1 17
45 48
29 41
35 7
40 16
37 30
21 93
64 84
90 74
24 98
59 37
54 44
54 77
83 31
16 97
67 86
68 11
92 69
30 32
91 20
99 53
57 6
21 73
29 32
72 50
78 69
49 81
79 31
5 46
96 48
84 54
99 72
42 39
5 32
72 27
3 81
48 11
45 99
70 25
58 49
71 57
64 23
68 67
2 85
58 81
33 68
32 22
8 72
18 36
95 59
18 46
81 16
65 29
47 41
54 32
7 91
7 80
21 78
51 99
56 76
92 0
20 18
93 66
65 42
30 59
31 10
50 78
15 19
14 94
31 15
42 18
61 52
8 62
76 53
57 35
29 47
46 63
86 93
0 63
83 5
59 57
99 70
48 39
52 66
74 73
74 11
51 4
21 39
46 86
3 90
47 82
96 41
64 18
84 61
22 11
59 20
77 49
39 83
55 56
18 63
9 79
22 40
39 0
14 9
85 83
44 63
33 80
53 74
51 7
5 94
80 56
38 79
55 81
33 64
37 48
6 0
12 55
44 58
32 62
54 24
99 12
48 64
41 92
54 28
14 38
68 31
18 4
41 78
87 33
46 75
82 46
74 57
34 56
94 32
7 59
23 94
69 91
16 82
58 20
78 83
66 41
4 21
59 18
99 35
59 81
17 38
77 99
98 64
30 41
14 29
5 31
9 71
15 41
35 48
9 12
44 35
85 57
15 11
78 19
41 33
75 79
10 36
13 0
14 37
23 61
22 97
97 91
18 35
20 11
34 15
84 63
11 42
44 83
87 58
52 3
81 91
20 32
98 95
98 23
93 50
42 2
7 58
28 85
30 39
72 52
46 15
60 65
86 99
74 27
97 84
46 62
2 18
92 19
86 92
67 12
32 67
18 22
97 46
11 16
75 34
48 54
19 33
63 65
7 65
38 85
15 81
28 21
19 38
63 80
27 93
43 59
28 83
30 20
29 90
46 78
64 85
85 16
74 72
45 8
29 17
95 53
17 2
57 8
4 0
61 65
90 69
23 76
38 71
84 56
43 36
55 69
82 15
40 13
2 65
94 55
75 59
17 33
25 28
86 18
3 86
20 1
61 97
32 1
53 92
2 70
8 14
5 11
96 57
