100
463 894 104 222 592 780 555 19 949 422 507 400 596 904 315 223 437 101 932 852 538 506 100 630 913 696 225 699 218 196 236 962 256 830 105 563 721 286 425 943 217 615 110 778 624 115 848 402 409 54 250 208 657 598 307 435 453 219 917 568 283 890 727 508 826 528 267 898 233 636 863 458 902 241 944 109 860 919 411 703 440 579 490 960 718 114 703 100 47 793 830 627 469 551 2 967 464 241 158 850 
20
201 242 852 259 972 755 764 549 543 220 688 135 5 154 945 430 334 896 19 938 
1000
31 88
90 86
26 44
63 24
32 84
19 89
46 51
90 99
24 0
60 21
1 94
36 7
34 22
12 86
18 94
39 16
98 85
14 60
74 27
15 69
47 89
28 89
97 91
14 41
69 89
78 30
27 62
99 12
97 26
29 44
90 45
97 64
53 58
61 65
33 71
13 41
39 14
69 26
84 14
71 54
95 25
36 59
86 14
38 61
63 43
86 21
2 83
66 31
20 59
48 54
90 88
21 59
49 9
8 65
7 75
56 16
9 95
52 65
71 4
0 95
55 4
7 91
2 60
46 37
77 72
74 59
60 13
58 28
17 4
31 5
50 30
78 39
33 44
50 6
41 44
24 44
85 41
86 24
94 25
90 77
85 23
84 7
62 5
73 60
75 50
46 23
5 50
14 30
14 52
25 0
62 4
75 6
42 38
81 20
84 3
15 92
87 89
14 93
73 89
69 66
91 44
32 77
79 21
42 62
64 26
70 15
86 51
99 92
92 42
10 15
57 46
40 24
60 93
53 6
69 71
77 92
47 3
17 2
58 84
59 58
13 93
81 74
40 56
94 76
98 49
40 84
92 53
95 20
85 35
56 50
79 70
26 77
97 13
4 79
28 10
93 99
18 10
35 10
13 21
0 2
48 16
6 44
35 21
88 54
18 7
83 31
6 2
27 51
31 11
16 24
77 78
69 42
37 49
4 15
88 85
99 48
16 62
5 18
1 2
21 84
15 80
15 21
58 38
41 46
45 83
87 73
68 48
68 62
86 0
87 16
99 81
43 60
89 33
55 15
80 36
79 31
52 72
11 30
17 18
28 93
89 60
80 43
56 60
72 20
90 22
58 17
50 48
38 51
33 62
72 93
37 53
99 37
63 46
21 76
79 56
69 64
92 43
48 26
12 34
79 78
15 49
96 92
56 44
78 71
23 84
39 70
63 8
14 43
89 52
49 55
99 21
89 57
25 74
96 78
3 24
32 25
44 82
37 25
63 62
37 74
74 83
88 8
22 80
67 32
9 68
44 14
61 57
27 13
33 77
92 38
49 69
57 75
97 30
63 58
0 40
65 54
24 38
23 52
30 12
79 20
64 56
72 37
38 74
49 4
74 77
85 51
79 92
44 16
39 83
24 7
31 41
30 80
94 50
87 48
90 55
99 4
9 34
1 52
50 59
10 33
13 15
14 9
67 23
25 87
85 55
25 68
88 2
81 39
16 83
67 85
85 52
89 78
84 5
53 21
65 6
83 32
34 29
82 46
19 44
94 97
19 50
67 83
93 57
80 84
63 96
63 52
17 72
98 86
35 18
9 51
66 84
93 52
13 0
62 23
78 33
57 43
91 11
19 32
10 59
2 24
40 7
20 30
58 57
23 88
24 27
2 77
23 76
99 36
58 16
42 11
9 8
93 97
40 77
77 1
1 47
42 46
7 14
42 53
64 18
1 85
2 30
34 50
57 38
93 26
43 45
1 42
64 30
2 42
44 75
5 24
54 70
63 59
51 24
25 39
39 29
81 19
56 6
29 60
21 92
31 6
96 74
89 2
66 8
38 54
63 81
5 2
40 70
64 17
51 29
87 21
20 87
24 91
61 62
7 52
52 80
41 24
72 67
57 3
22 91
82 3
72 44
75 13
82 6
82 76
57 71
74 88
19 67
44 55
53 97
44 53
64 42
0 55
94 39
29 31
70 22
27 96
8 89
0 4
31 3
0 74
81 69
59 7
12 29
13 36
52 51
44 11
76 25
31 53
73 14
36 41
86 32
60 70
45 47
37 98
10 40
61 51
91 63
22 0
82 38
99 88
83 20
37 83
79 25
83 5
35 51
68 34
71 97
41 89
20 34
43 24
66 75
58 95
25 12
68 88
70 74
75 90
78 21
43 34
75 10
39 52
67 79
7 2
1 30
38 32
9 58
15 34
14 94
71 83
11 57
1 56
71 80
55 82
33 2
66 24
53 49
47 68
99 38
83 96
53 48
31 14
18 93
40 79
36 32
10 68
83 12
4 44
93 33
65 38
50 20
10 63
55 35
80 23
36 16
53 60
77 4
36 98
68 69
89 9
90 52
12 41
63 65
39 96
98 2
13 71
99 85
75 83
0 78
62 11
15 88
53 55
7 62
85 7
16 18
95 54
56 91
25 6
3 44
70 26
94 44
91 10
94 16
65 81
55 40
5 29
39 22
55 1
1 16
1 81
45 79
69 43
55 80
79 96
40 91
75 22
80 49
27 91
23 49
13 23
16 19
54 64
54 91
49 28
78 44
69 85
13 95
58 21
82 14
39 12
51 83
94 3
70 53
7 28
36 43
36 77
33 16
54 36
43 2
60 71
90 47
34 85
20 17
34 7
7 95
42 28
76 73
70 24
6 9
46 70
88 76
12 26
88 59
36 17
91 31
3 26
60 27
49 45
30 47
93 36
17 90
84 28
12 40
27 93
56 73
65 9
75 2
95 19
63 92
30 73
65 70
80 57
10 27
91 66
53 7
72 14
32 69
46 28
38 59
49 57
23 96
23 63
52 42
55 41
90 92
82 88
60 19
97 69
42 54
78 66
62 39
76 19
39 91
71 51
89 74
4 96
29 77
33 95
63 31
3 39
52 96
25 90
60 75
65 66
64 3
69 9
90 31
85 97
63 90
74 40
13 65
61 46
72 63
90 24
65 20
64 8
45 63
56 76
88 3
58 55
74 23
41 52
27 57
77 43
81 22
67 45
64 35
94 12
63 55
73 2
37 81
82 35
80 19
72 47
6 73
53 76
39 97
96 14
76 63
56 59
47 83
28 63
39 37
68 57
10 30
99 62
3 23
92 69
71 81
23 87
82 56
30 86
20 42
93 32
28 77
8 36
43 66
47 78
2 56
12 89
67 0
5 89
51 47
33 19
46 90
27 87
96 20
16 14
38 86
45 76
38 14
79 84
11 6
26 92
16 6
98 73
73 40
84 67
88 7
58 45
31 38
43 96
47 28
45 70
99 66
38 45
9 62
26 81
12 96
76 86
9 57
38 36
89 75
73 10
37 35
35 47
37 80
0 59
71 21
15 61
71 46
37 94
94 59
5 75
15 35
34 0
1 27
78 95
35 26
76 7
43 68
34 88
6 77
48 56
15 83
41 60
19 59
29 0
49 88
10 13
92 31
45 2
17 1
32 96
4 85
6 17
6 60
21 96
73 90
89 49
36 45
21 9
85 54
31 12
95 27
93 85
60 49
34 32
27 86
93 2
68 59
53 24
72 9
81 46
37 73
41 82
42 68
95 83
32 14
21 30
72 7
37 31
10 53
94 9
69 51
36 24
3 81
31 52
78 65
49 50
55 83
32 75
35 24
8 29
60 31
9 45
10 38
11 12
15 39
18 58
30 87
87 15
21 34
62 53
98 78
58 78
13 35
82 22
63 34
25 45
26 29
4 83
22 15
78 54
53 39
67 29
50 66
1 54
23 71
56 70
74 79
59 14
40 63
84 90
72 65
45 37
6 22
88 81
18 47
67 59
79 62
77 70
68 74
26 32
29 99
98 39
91 90
61 76
65 27
60 3
51 17
17 75
73 36
97 96
1 18
27 83
50 91
10 41
32 48
38 30
26 63
50 27
43 62
28 0
90 59
73 15
73 78
25 22
42 26
46 64
55 20
43 97
84 11
46 21
35 94
33 97
77 25
83 60
50 61
22 37
28 59
54 30
70 11
29 65
80 62
7 13
89 62
85 25
71 39
76 39
72 59
35 0
0 73
78 46
69 45
8 67
78 53
53 80
49 35
2 94
61 83
49 11
51 76
33 31
66 20
29 48
96 29
20 4
9 11
7 49
95 2
83 52
72 16
12 53
1 3
82 91
35 1
50 25
56 84
14 77
40 72
71 59
43 70
5 72
81 38
79 34
88 92
40 42
38 70
39 79
55 74
16 66
92 74
58 34
63 67
51 48
17 29
61 25
82 1
37 32
33 76
30 75
69 48
3 55
55 96
16 96
82 58
43 20
79 61
76 74
13 62
83 44
1 98
70 98
21 3
22 54
86 65
7 96
29 3
40 8
36 21
61 54
5 37
81 45
95 88
8 18
73 13
37 11
21 17
70 27
45 42
90 41
12 20
33 11
56 78
74 61
8 14
99 82
82 36
72 33
40 28
23 61
5 45
33 29
7 60
11 76
86 39
69 17
71 92
50 51
66 4
72 24
52 27
19 13
40 51
17 27
52 22
60 90
37 20
89 80
73 31
99 54
58 22
82 77
40 9
4 80
50 73
21 57
6 57
57 87
37 69
29 37
10 88
51 53
53 32
64 71
85 28
1 32
23 48
32 95
62 8
0 9
56 9
63 25
90 11
94 96
65 14
59 91
31 46
62 81
77 65
32 98
34 49
52 69
1 80
64 79
91 60
95 1
52 25
97 61
98 13
57 19
46 35
59 47
84 25
69 14
42 50
4 5
64 75
27 59
64 77
49 91
50 79
99 67
68 98
16 52
68 79
67 21
18 62
59 65
41 9
39 43
