100
948 481 143 764 659 532 438 853 30 914 157 769 816 706 27 907 691 202 182 895 818 382 368 729 647 245 213 655 904 98 133 620 360 262 217 305 102 161 842 451 834 351 68 794 84 751 286 184 670 912 734 145 270 888 112 162 489 741 355 434 733 135 795 720 392 572 698 840 302 945 803 317 244 557 440 418 633 882 798 504 216 204 113 922 29 699 189 278 270 934 273 645 691 814 659 774 269 632 399 961 
20
919 732 680 283 970 645 252 754 295 737 443 960 965 167 881 716 186 441 615 842 
1000
36 74
68 50
7 98
59 46
17 52
67 74
36 42
21 90
39 54
47 45
33 62
31 12
89 16
8 82
70 71
57 23
85 34
77 73
86 24
30 83
22 49
56 59
53 60
30 43
42 97
28 96
13 7
26 54
29 76
61 94
30 16
69 7
70 80
89 84
7 86
31 46
71 39
1 13
50 84
41 28
38 90
87 84
81 88
85 16
84 19
50 94
32 50
60 29
31 86
76 93
65 87
2 53
86 40
78 61
13 82
5 74
21 41
48 53
34 29
6 82
19 10
16 8
15 58
22 43
25 23
13 49
10 37
51 25
17 39
27 88
69 33
96 89
45 70
22 7
22 91
25 92
5 79
21 47
67 32
74 8
17 45
94 84
47 32
69 67
88 37
25 93
41 42
53 87
4 10
14 41
21 30
39 27
98 35
44 2
34 52
18 35
5 70
90 65
10 56
39 91
80 26
91 17
84 40
40 87
41 1
15 55
35 12
40 64
2 57
91 9
78 41
67 26
56 17
52 79
47 40
71 24
37 95
77 28
5 63
13 80
17 63
58 26
74 83
65 93
11 74
64 26
22 30
46 91
45 80
47 22
68 76
44 77
83 63
56 44
98 95
71 53
45 34
23 17
0 25
81 13
67 35
57 59
75 58
12 18
1 79
88 17
66 7
74 30
48 99
93 22
68 77
41 38
73 71
99 21
78 42
20 88
11 48
99 84
22 88
89 92
57 62
66 59
39 85
34 5
89 5
7 24
53 19
9 15
34 37
58 84
13 19
41 85
63 70
95 47
25 9
77 67
55 26
73 53
8 75
77 12
98 76
75 55
32 93
64 84
92 85
13 39
46 66
85 3
52 54
97 58
6 90
52 73
94 76
94 77
4 17
94 92
48 37
78 32
11 17
4 96
22 78
43 35
98 88
68 55
19 39
40 80
10 27
82 9
78 83
22 44
34 58
63 77
14 51
57 94
37 17
24 99
76 55
30 3
79 67
13 63
99 73
69 13
58 62
91 30
91 3
43 27
38 14
71 76
1 88
69 65
24 88
8 85
79 22
83 53
48 87
22 63
84 10
97 98
10 18
62 51
42 16
92 3
98 34
61 69
57 38
68 99
90 45
98 54
8 37
53 95
56 53
34 75
12 58
94 39
84 21
14 95
82 30
86 82
81 85
36 67
5 7
46 86
20 68
47 15
79 32
14 97
77 47
28 8
78 7
95 44
91 56
32 84
20 97
17 94
99 62
23 70
3 86
55 37
72 13
37 45
67 30
48 57
69 55
64 90
30 53
26 83
80 28
36 75
81 25
5 28
56 9
79 65
72 77
59 96
78 58
35 20
95 12
15 20
26 66
50 78
61 92
99 15
61 51
87 74
18 78
83 43
35 34
99 33
4 63
54 96
33 29
93 19
97 43
63 6
18 81
52 88
6 71
12 75
2 61
21 27
99 6
42 46
81 48
2 75
99 11
9 48
72 67
2 14
29 0
87 56
91 1
3 22
97 35
48 38
7 76
74 19
65 10
6 36
2 93
92 58
3 14
20 24
31 33
34 76
58 30
8 53
60 56
47 54
71 27
6 21
11 68
34 2
78 85
42 51
7 26
90 7
98 79
21 61
20 27
81 51
93 41
10 20
20 53
17 59
95 52
71 61
51 0
9 2
51 58
44 19
70 93
61 77
64 66
92 64
67 92
5 83
43 33
22 6
96 84
86 74
7 88
81 36
14 40
29 41
37 61
3 39
8 63
71 86
78 20
76 39
83 75
44 11
66 33
34 20
59 70
37 24
97 1
82 48
6 67
46 50
5 85
20 48
13 93
6 77
54 57
41 75
94 34
1 21
69 84
80 12
99 1
59 47
23 31
99 78
21 26
67 10
33 19
96 24
93 33
29 37
25 1
66 15
12 39
89 98
66 80
43 13
67 13
16 76
92 40
18 55
57 84
16 7
61 56
54 77
80 0
64 97
64 16
58 47
38 75
63 12
2 72
83 24
13 46
90 23
7 2
11 2
1 9
23 47
1 47
92 30
65 35
41 61
65 45
72 62
0 94
69 2
51 98
11 35
33 13
91 23
14 29
39 59
33 75
9 55
24 18
50 54
68 44
64 18
74 28
85 79
21 79
90 72
77 31
86 99
78 5
82 15
24 43
42 64
83 28
56 58
8 17
46 35
19 70
73 32
33 9
64 2
96 80
55 22
55 63
70 99
96 99
98 47
71 88
25 32
24 41
72 21
89 77
16 24
90 31
53 89
81 80
99 46
12 93
9 22
5 19
51 26
10 62
97 10
63 50
48 5
93 30
56 62
5 58
97 54
89 14
79 89
98 62
58 1
92 52
11 88
38 4
47 68
13 18
2 94
2 6
94 69
56 4
38 37
86 27
71 3
10 99
5 68
79 97
47 99
86 58
65 9
96 32
9 42
83 71
38 17
83 94
84 28
29 85
43 93
61 43
83 50
90 37
61 84
11 61
52 45
0 72
19 56
87 32
40 36
34 72
80 64
75 48
46 11
72 54
7 80
88 60
95 23
81 83
85 25
18 77
79 72
55 85
8 93
24 70
34 87
52 67
25 60
16 17
52 55
52 57
65 22
52 41
28 57
39 5
59 40
14 21
5 51
5 50
41 84
92 33
79 81
14 19
16 32
98 26
7 34
75 63
80 54
94 22
52 18
52 76
43 56
9 96
31 91
38 86
25 12
64 60
35 78
13 71
56 72
14 71
17 84
10 40
7 75
39 88
82 85
46 6
44 9
72 47
62 46
14 84
46 56
47 82
71 62
61 45
18 73
16 33
60 19
19 7
3 20
57 55
79 46
19 57
20 40
99 79
31 44
31 59
50 27
64 83
80 6
60 41
92 18
51 48
47 46
84 13
96 40
95 18
13 85
53 10
43 65
95 62
46 93
7 79
32 9
44 98
41 74
86 66
66 4
57 7
69 91
2 76
35 44
45 23
25 73
12 29
31 8
30 65
66 23
7 48
2 5
28 37
49 17
17 87
7 61
88 50
41 96
47 63
19 81
56 88
26 40
59 14
88 82
84 83
85 61
64 51
5 30
14 96
40 16
34 21
16 88
26 97
3 15
85 53
81 72
92 53
2 40
5 31
45 42
39 16
15 32
5 76
24 64
19 69
73 33
1 69
11 10
89 60
45 15
6 41
6 20
32 28
57 51
4 83
70 91
51 91
89 65
14 87
98 1
23 81
23 61
2 35
67 99
5 3
55 19
39 33
48 88
7 11
35 80
6 19
16 25
69 78
4 54
92 19
53 27
2 66
1 81
7 10
18 68
21 44
61 34
66 52
15 24
5 59
89 19
16 94
46 53
16 53
75 62
73 20
61 25
64 19
60 94
52 25
71 48
93 91
36 44
43 66
22 18
32 38
51 24
10 54
97 3
4 5
36 95
76 14
79 18
25 74
43 73
76 61
90 99
76 31
92 98
19 11
9 43
31 52
19 2
94 7
48 46
62 60
99 4
20 84
44 74
58 13
96 82
58 66
49 42
65 54
11 39
50 76
2 22
84 60
78 60
67 24
12 81
40 30
2 41
77 87
35 24
25 94
43 68
42 3
85 52
57 6
71 11
75 61
1 61
6 69
62 67
17 46
67 28
73 12
0 32
30 42
54 70
20 28
67 47
44 75
85 37
97 73
44 65
52 58
6 23
79 58
77 25
63 66
64 32
60 85
39 34
47 55
79 26
40 43
38 91
45 62
16 0
14 93
97 57
4 92
87 83
60 14
19 98
58 8
4 87
94 78
47 16
69 81
98 91
48 56
12 17
86 14
10 58
60 59
21 82
75 20
66 98
88 49
3 6
85 71
32 29
46 52
73 96
60 50
44 0
71 31
76 99
14 33
54 16
2 60
30 89
52 1
46 33
41 79
76 23
98 14
49 64
10 23
36 86
79 61
32 82
34 69
48 8
79 11
41 40
14 56
42 94
26 70
75 59
15 8
19 47
98 94
91 24
23 34
89 48
87 21
71 49
56 70
75 24
63 58
93 99
80 55
98 22
28 6
91 44
94 33
96 17
53 78
25 64
22 1
52 87
57 11
38 82
37 60
86 61
75 47
72 94
3 34
31 40
32 2
95 48
2 87
48 98
90 18
6 78
89 25
64 45
1 20
99 53
85 97
65 71
58 74
8 46
96 30
77 24
95 15
10 81
61 14
55 20
22 95
74 13
81 47
14 23
68 17
50 2
36 47
54 93
10 6
39 2
66 16
99 49
94 26
6 87
35 57
87 18
0 4
73 50
85 20
91 52
42 70
84 31
19 86
54 99
13 87
69 15
28 9
78 12
50 9
82 99
4 49
0 33
41 36
20 59
54 51
50 48
6 95
51 23
51 89
26 84
70 94
80 1
52 26
55 94
78 36
85 12
94 20
42 89
42 33
83 56
33 48
89 44
48 67
63 30
4 37
46 98
92 27
81 44
99 59
42 55
92 49
17 76
79 82
88 76
9 87
51 56
42 53
2 12
65 0
72 8
