100
393 567 961 450 399 716 749 894 643 454 401 361 512 302 647 516 73 64 811 151 869 593 761 621 113 43 711 271 901 22 241 130 565 913 323 822 732 470 125 977 437 862 569 402 946 795 652 797 500 862 535 294 896 877 444 498 554 513 339 437 276 632 422 42 792 278 261 42 604 37 177 582 780 636 320 1 406 595 911 170 186 635 813 622 977 705 106 247 679 923 607 688 624 692 335 672 897 936 711 621 
20
500 215 900 983 395 531 419 131 188 313 990 637 343 409 400 330 974 268 185 332 
1000
77 12
82 12
44 91
35 52
16 69
87 29
31 78
19 25
1 71
66 84
68 45
86 67
84 38
60 21
40 85
9 59
22 36
21 14
6 56
29 8
16 57
72 22
43 97
57 92
57 60
14 23
15 47
98 52
19 53
64 61
40 2
12 32
15 32
93 53
81 25
31 39
0 20
25 13
95 15
81 76
45 26
43 31
74 34
87 92
83 31
5 28
22 48
40 26
76 59
8 62
2 1
8 89
27 24
8 7
51 23
64 31
28 39
57 76
55 82
66 67
20 90
70 23
77 89
82 83
24 64
10 70
1 27
22 83
89 28
39 36
93 45
4 34
50 89
54 38
94 48
86 8
12 49
94 10
61 37
21 89
75 17
28 40
3 16
71 14
99 8
85 43
76 92
18 8
30 1
88 70
55 3
60 99
79 15
57 98
21 76
20 13
21 75
78 52
87 9
6 93
35 18
29 10
62 56
93 88
46 10
43 8
5 85
30 29
32 65
39 34
79 21
38 13
72 16
41 24
43 40
24 3
67 0
96 90
94 12
63 44
44 98
53 33
66 61
39 90
0 91
19 87
29 42
47 29
34 62
74 43
61 96
88 57
96 18
17 31
15 26
95 67
37 53
3 59
31 82
87 44
86 38
16 36
2 93
19 61
50 58
70 24
0 49
30 88
31 52
90 70
73 59
95 27
53 76
24 92
10 25
3 93
80 29
76 60
20 43
61 78
82 90
27 65
50 15
49 82
5 29
18 11
50 1
7 49
49 5
17 78
77 23
64 56
89 70
49 8
45 80
69 38
15 42
83 49
18 81
6 9
5 2
76 31
95 37
69 0
14 28
58 8
23 71
21 94
10 31
4 26
62 80
22 17
43 73
58 71
59 24
91 76
99 92
83 44
83 87
18 6
13 98
40 10
16 15
81 21
99 98
63 72
53 71
71 98
82 98
54 44
83 72
18 37
39 94
61 50
10 15
55 16
25 28
82 79
91 61
1 61
50 53
21 50
53 25
24 0
65 15
35 88
4 64
68 14
22 55
87 85
51 35
44 90
6 67
64 14
63 3
56 95
35 37
12 36
1 28
58 96
13 57
5 40
89 3
27 71
61 7
19 90
90 32
88 32
66 51
37 85
70 4
45 37
35 39
0 2
36 17
91 45
31 87
33 34
12 91
87 7
58 20
40 60
39 17
44 74
42 47
99 35
83 26
87 84
12 7
75 95
23 39
13 47
41 39
33 26
98 39
98 56
56 9
52 39
6 4
74 70
20 28
62 58
83 7
60 39
51 88
86 89
65 86
52 26
29 15
23 98
3 9
53 9
52 40
70 5
69 66
35 90
92 33
61 82
34 76
35 31
78 46
89 6
21 4
94 11
47 12
4 27
89 65
30 22
49 91
74 68
59 75
86 27
68 60
29 98
87 50
21 22
63 14
66 93
38 26
84 23
85 19
53 92
61 12
68 46
83 43
29 94
18 68
33 16
52 81
23 49
15 21
49 86
60 72
83 60
3 1
36 18
85 34
13 94
80 27
21 45
50 14
85 18
33 62
81 16
3 81
21 18
78 4
66 82
7 88
8 83
51 16
8 97
45 40
86 95
46 7
77 5
8 52
56 5
83 90
91 71
38 87
10 9
66 2
16 83
57 79
41 35
64 13
97 65
64 34
2 35
34 3
97 99
0 87
18 95
36 92
52 10
44 73
66 21
15 57
44 65
45 48
61 42
72 84
60 91
91 5
60 6
92 1
86 40
36 25
35 46
80 12
46 73
89 39
94 88
67 59
16 42
47 74
22 39
29 37
69 21
28 11
32 24
35 24
60 97
2 25
30 2
2 70
58 97
35 6
11 82
43 61
1 78
18 49
1 25
99 57
68 49
81 88
70 98
33 75
91 39
87 72
59 43
51 10
27 12
2 23
17 65
75 91
66 60
62 27
85 15
90 57
3 91
82 2
69 56
44 94
24 94
35 45
82 23
32 87
99 51
25 17
60 4
23 64
77 45
13 4
44 35
51 7
60 86
97 80
7 17
56 26
64 26
64 9
9 15
75 98
90 92
40 78
23 92
84 17
66 8
62 60
39 27
61 69
71 39
72 8
86 13
0 54
1 69
72 80
13 46
58 63
72 89
69 64
57 75
61 36
92 75
56 33
50 23
17 42
46 45
52 33
82 95
89 80
95 8
12 71
74 16
90 77
88 55
23 53
69 95
36 31
5 88
53 11
14 2
99 13
65 93
7 5
38 70
27 40
43 88
42 58
88 66
89 57
87 89
83 96
45 60
64 45
2 96
70 59
20 38
34 26
31 9
3 44
22 91
37 51
23 80
19 42
40 30
55 94
54 60
4 1
69 90
45 10
62 24
36 55
79 65
25 89
79 0
0 43
60 55
37 32
79 32
42 85
36 32
54 15
20 31
83 4
65 47
48 47
89 56
93 43
89 2
28 95
79 66
3 94
4 73
99 22
3 87
63 54
47 44
96 91
51 52
93 98
4 38
28 31
15 30
72 28
4 0
35 96
50 66
32 86
75 42
78 63
38 95
58 24
10 78
7 90
51 31
95 88
3 73
42 57
12 89
68 42
6 47
63 97
21 97
31 45
85 98
18 34
50 41
67 39
51 59
71 63
86 17
0 33
6 29
34 44
27 31
62 4
27 29
70 97
95 31
76 41
42 34
47 76
62 77
14 30
94 0
68 53
20 54
81 23
79 37
80 60
75 94
63 52
74 2
62 45
70 65
94 27
52 86
10 3
91 51
48 4
75 31
20 14
0 65
27 84
7 78
33 11
22 34
98 42
37 31
99 4
14 75
61 79
92 80
38 2
77 11
88 27
10 75
85 38
86 48
95 64
51 9
9 5
61 48
8 80
4 43
18 92
95 35
17 13
35 87
97 14
54 77
98 1
52 65
36 29
87 97
91 17
96 55
97 41
43 28
72 9
20 68
65 14
74 45
62 79
37 15
28 30
34 41
91 14
97 39
53 74
10 85
31 96
40 4
6 86
39 16
66 5
75 65
78 54
6 8
46 71
58 19
35 70
11 92
58 21
43 67
9 16
68 36
17 43
89 38
50 45
67 51
7 38
35 64
7 72
47 17
96 77
59 34
62 72
13 7
40 55
20 57
82 99
11 69
78 94
13 51
5 24
49 65
96 65
34 45
16 27
3 32
4 42
5 81
63 80
53 35
10 58
45 27
59 86
82 20
19 13
62 89
58 60
48 14
79 63
61 10
20 29
42 35
13 36
67 63
19 52
23 43
18 91
17 45
57 2
8 56
63 1
14 73
50 13
89 51
96 88
10 2
13 80
97 36
91 70
71 65
35 36
47 52
75 16
74 69
82 48
69 29
47 84
12 34
99 32
32 52
12 53
69 77
48 11
16 13
90 13
42 39
15 92
12 29
95 26
66 96
90 64
18 14
50 38
58 88
51 18
95 90
3 52
41 54
11 84
37 28
70 93
99 88
75 49
80 75
88 84
48 3
42 79
67 10
19 20
38 71
30 43
81 95
7 6
39 55
80 31
54 48
43 22
43 62
2 98
13 31
71 10
38 30
56 32
27 48
78 77
68 17
89 48
8 21
38 55
51 53
75 20
41 21
17 94
45 11
81 19
66 33
58 5
75 32
93 10
50 43
43 11
53 45
5 3
80 88
85 81
92 82
1 82
5 64
4 71
9 99
53 1
85 13
66 76
36 47
74 37
34 98
41 74
48 55
53 62
64 77
10 41
85 48
25 39
23 67
93 37
59 48
27 44
96 54
12 14
6 10
77 21
71 2
99 76
13 11
62 83
26 85
55 92
44 48
4 19
82 53
9 76
1 12
55 76
19 65
19 32
99 59
73 98
30 75
31 12
46 25
2 37
30 93
54 68
34 70
60 61
62 46
32 8
95 72
44 76
38 16
85 64
94 14
45 56
60 19
93 19
92 81
94 52
59 94
23 15
95 10
15 83
3 31
23 34
6 87
97 64
53 69
34 35
65 57
31 77
98 94
33 22
78 19
46 70
24 9
98 14
76 29
62 99
26 67
67 37
96 13
68 13
48 10
32 70
87 22
32 48
39 43
17 82
34 36
81 68
37 26
45 49
83 59
4 52
14 45
66 87
41 7
52 58
72 24
92 60
14 90
44 18
0 77
18 46
97 94
15 43
4 22
41 51
87 30
18 86
81 7
54 95
49 95
37 82
53 87
69 62
50 80
33 64
33 63
70 45
11 44
77 94
49 40
58 56
32 0
47 91
96 22
14 77
37 8
16 60
10 13
83 41
81 31
17 21
56 21
56 86
12 8
1 42
89 73
36 82
2 69
18 23
48 63
81 33
24 49
92 3
81 66
92 84
24 82
19 72
39 7
62 91
85 59
70 51
69 65
82 93
77 92
33 85
89 29
36 1
28 8
1 43
80 32
11 14
99 31
80 20
36 66
2 19
10 22
70 64
33 29
73 28
35 75
82 57
13 27
99 49
32 93
53 70
2 59
89 7
39 57
46 55
74 79
