100
159 475 403 605 702 462 2 645 697 857 927 469 443 75 729 398 364 506 988 489 951 917 85 882 577 314 301 268 925 464 886 799 411 159 768 969 484 898 453 7 614 357 415 86 838 327 767 79 319 39 911 722 683 809 102 727 936 265 410 306 770 934 195 432 646 60 886 677 709 873 735 772 981 972 107 976 571 473 594 486 787 192 949 684 402 98 536 776 758 893 486 436 762 110 206 563 703 265 354 418 
20
132 997 448 172 759 444 283 599 835 748 100 8 79 881 199 992 820 837 716 599 
1000
89 22
77 81
88 79
14 70
84 65
45 8
52 90
26 8
92 4
86 81
83 78
0 14
87 48
0 13
42 6
9 28
93 38
12 44
36 43
64 68
53 50
96 56
19 99
65 74
16 43
67 29
49 8
39 85
44 70
61 55
5 42
84 63
89 68
4 31
17 74
58 15
60 89
43 55
22 68
6 40
85 27
79 96
9 60
25 41
16 6
3 39
35 94
31 24
94 29
33 85
37 35
57 50
6 64
25 97
87 22
35 64
35 84
66 40
44 80
64 8
62 85
43 91
59 36
95 42
6 46
60 7
41 44
23 31
94 6
89 69
94 21
31 58
18 98
55 50
70 87
8 96
72 89
67 9
67 82
56 0
66 14
60 18
36 71
67 77
24 43
47 14
37 77
77 56
72 58
58 27
74 27
19 6
7 16
75 30
64 81
30 26
28 53
20 82
59 46
67 22
80 73
45 40
55 25
24 56
11 24
95 4
16 60
84 10
69 67
27 69
79 22
42 30
87 60
31 8
37 61
69 2
96 65
60 88
86 31
76 27
41 70
39 57
60 78
51 97
93 6
81 1
78 48
1 74
76 28
80 10
80 15
19 17
5 90
25 96
48 10
49 41
89 65
67 4
1 47
3 41
25 37
95 8
63 30
21 41
51 48
89 66
52 31
47 18
29 32
29 93
6 69
30 81
57 88
53 82
9 27
28 72
98 15
90 48
39 68
95 29
44 42
96 41
41 65
85 99
82 98
42 57
19 35
94 67
17 65
87 42
88 29
86 82
1 93
53 63
48 29
52 65
4 48
66 74
84 74
33 73
38 40
36 11
15 94
47 74
97 6
86 75
5 0
34 38
17 79
50 11
43 85
94 77
16 76
78 86
96 36
44 75
66 80
3 62
10 88
30 94
6 54
72 81
85 92
79 83
52 2
10 85
16 89
41 4
62 61
62 69
67 71
45 59
15 17
32 51
17 86
78 39
53 14
51 30
39 84
89 87
98 17
95 60
20 36
75 12
61 8
28 79
6 76
14 33
92 83
92 71
48 68
62 1
12 73
59 42
31 13
16 64
54 5
16 67
33 44
22 14
76 77
28 54
63 65
0 73
66 26
72 27
38 43
11 63
79 36
44 45
17 10
21 7
81 57
65 87
23 39
41 51
35 93
19 86
74 95
51 87
7 39
50 69
61 14
58 5
39 27
22 12
20 58
38 68
51 19
33 72
9 7
38 30
21 75
18 93
65 40
79 24
1 91
49 29
1 3
48 50
96 12
56 70
86 51
34 46
57 98
26 48
24 85
97 8
64 19
85 49
65 80
89 52
47 99
75 43
42 84
3 36
95 61
30 13
70 66
67 81
92 27
5 8
66 83
53 62
83 53
37 1
34 52
81 23
71 96
1 41
54 46
65 49
72 22
46 11
57 32
98 27
91 92
44 3
31 50
99 58
45 99
79 95
13 8
44 98
4 62
80 97
73 75
36 77
91 78
89 94
45 84
21 89
47 41
94 51
23 72
83 61
11 55
64 79
67 89
41 26
71 81
62 57
35 43
66 94
44 90
93 65
52 54
21 78
63 55
40 68
85 74
40 81
19 37
16 63
46 50
26 97
50 99
55 89
59 88
18 55
62 51
18 42
14 17
2 63
28 96
37 53
40 15
97 21
65 58
72 91
67 97
44 89
26 91
34 85
77 89
13 60
48 58
65 97
87 4
61 52
21 18
31 40
89 9
28 42
52 39
62 72
9 25
29 14
53 54
86 56
70 96
11 82
40 32
27 13
85 91
50 7
64 39
69 0
77 73
30 21
75 10
75 80
82 8
11 4
87 47
67 92
77 35
14 83
68 78
80 56
39 70
14 1
98 84
18 52
42 24
6 2
49 11
70 16
9 1
0 70
25 49
79 12
35 30
79 10
15 32
44 87
88 95
43 90
61 27
79 72
55 9
43 58
71 31
4 6
29 62
45 37
23 59
8 62
68 12
28 39
12 98
92 42
14 91
43 0
50 28
75 99
33 22
8 33
57 89
1 2
16 82
27 56
63 21
25 29
72 8
68 53
99 74
70 54
55 52
67 30
4 50
17 68
92 87
86 35
83 43
11 6
27 96
91 9
66 16
91 23
31 43
64 58
22 8
86 28
96 92
14 99
90 4
99 29
25 99
85 69
23 51
96 3
20 72
63 66
28 85
26 86
76 37
83 89
47 98
24 52
57 6
36 19
27 48
26 11
70 82
93 31
2 5
51 71
8 70
61 76
14 85
39 83
95 40
88 28
62 20
8 36
2 21
29 4
5 10
33 66
81 73
47 39
69 84
55 42
82 87
36 14
57 85
0 20
17 35
84 3
38 54
42 31
20 73
2 90
16 79
58 10
95 20
14 5
36 47
8 93
19 60
56 75
43 47
58 32
20 85
44 36
9 35
65 18
26 6
89 36
33 52
37 63
43 51
62 22
72 60
7 34
45 76
81 34
55 17
88 40
32 52
87 11
27 89
93 94
76 25
53 65
40 74
77 26
41 16
6 29
14 88
42 17
88 97
85 46
38 16
59 24
89 76
60 80
62 78
28 84
2 50
28 5
56 93
93 52
81 69
87 25
77 1
98 65
39 93
42 52
80 96
13 96
63 27
70 6
43 54
6 53
89 11
45 88
90 69
33 92
79 32
35 48
81 51
81 15
76 11
41 11
81 65
24 3
21 28
86 36
36 1
17 94
24 57
82 7
61 15
7 8
84 51
11 97
74 4
23 9
65 16
53 57
87 83
35 80
83 85
74 56
99 92
28 77
11 67
78 44
5 80
7 6
10 1
37 30
42 50
4 39
59 18
68 26
5 94
65 11
46 2
12 27
24 73
39 50
54 79
10 45
56 81
38 60
59 43
67 31
17 46
99 52
12 63
55 58
37 79
21 24
29 26
17 39
50 51
19 84
15 77
19 41
47 57
19 90
42 15
36 23
42 65
4 80
8 42
15 7
42 2
18 8
15 35
86 69
51 80
4 91
75 8
69 35
66 67
18 91
81 59
60 84
83 22
35 70
22 21
78 42
39 62
75 65
17 84
86 80
11 42
76 8
92 26
17 95
29 10
28 66
79 1
38 11
10 64
40 3
55 24
34 6
15 52
31 22
33 71
77 23
57 51
60 14
10 16
56 47
55 48
71 73
41 54
10 32
77 55
35 89
84 22
14 39
9 12
19 24
98 94
10 91
65 38
88 13
91 89
50 8
65 7
44 24
21 31
30 32
85 63
71 15
84 2
68 46
59 92
4 43
84 26
48 49
68 97
59 93
7 73
60 52
9 2
39 0
36 12
6 96
89 81
14 86
26 10
62 33
4 88
51 35
35 73
29 55
90 34
51 18
30 55
34 54
37 20
40 26
47 42
41 81
23 8
18 40
14 15
59 12
65 3
47 78
56 30
62 10
82 61
13 46
91 57
18 67
32 54
79 46
86 49
72 95
96 81
0 38
47 33
98 59
14 89
33 31
85 42
44 11
32 34
73 2
23 33
99 36
18 69
30 3
13 32
64 60
7 44
54 23
70 19
21 70
89 34
93 0
5 71
80 90
83 20
51 56
25 16
55 35
11 22
61 72
52 59
69 61
20 61
64 99
48 98
49 9
62 11
90 22
8 39
52 73
74 63
61 35
43 60
12 97
25 27
75 82
89 98
24 58
36 92
28 47
69 58
18 70
16 71
72 40
90 16
22 47
9 10
29 27
54 20
0 96
34 17
47 80
67 34
41 24
64 86
69 25
78 94
38 31
8 85
17 33
71 6
75 71
91 44
93 45
90 83
46 38
25 80
86 52
38 82
34 43
69 56
1 34
68 6
35 95
92 74
57 60
32 28
92 68
25 88
65 6
83 30
80 92
49 46
2 37
50 21
86 72
73 62
37 14
79 73
49 36
52 37
13 57
82 18
95 78
35 98
15 5
72 78
18 38
96 82
80 98
8 20
74 9
99 20
19 94
60 25
84 9
77 13
7 31
36 18
69 15
22 52
83 15
66 65
84 29
17 59
25 61
56 88
63 69
1 30
52 27
9 21
64 83
63 45
85 44
5 86
19 10
17 99
31 25
90 11
42 38
10 3
13 64
34 35
75 81
39 94
76 3
59 10
65 9
89 51
67 93
19 34
20 21
83 21
42 83
78 79
97 75
27 34
11 85
31 10
91 8
48 24
46 73
64 41
57 15
57 48
7 53
14 82
2 38
46 88
51 47
11 28
73 78
56 98
6 35
98 22
69 79
74 51
0 78
31 20
96 1
68 95
74 25
75 87
27 21
99 90
60 5
52 71
12 0
45 11
32 6
6 95
83 44
10 7
76 65
55 74
61 44
33 61
14 4
26 62
80 48
19 15
80 32
50 59
71 82
50 25
66 42
82 50
50 5
61 17
95 71
65 31
77 57
99 60
45 77
88 92
71 62
55 34
60 41
42 21
99 86
16 47
59 85
84 18
93 12
5 69
11 13
57 5
56 63
18 0
50 86
32 94
18 75
