100
474 472 256 533 188 34 386 831 439 681 404 760 914 46 79 670 2 149 520 753 682 968 162 13 519 520 375 169 221 895 294 850 437 610 681 738 470 316 259 260 203 558 41 536 643 129 470 679 300 364 679 436 207 773 24 122 710 104 602 407 884 279 820 638 363 621 892 23 366 324 538 426 807 772 651 462 141 677 558 870 375 316 891 846 139 631 610 914 162 570 872 294 464 500 374 788 608 523 538 22 
20
491 167 492 862 689 313 780 975 328 184 373 765 312 558 978 241 767 463 650 200 
1000
78 23
50 96
40 94
43 76
2 45
56 79
37 19
71 76
22 16
31 37
34 52
72 39
47 8
12 6
26 69
17 35
45 36
60 96
29 76
75 53
10 59
6 34
38 74
52 83
33 16
18 72
74 64
43 48
30 90
39 31
44 42
35 33
95 4
27 24
21 23
61 5
20 31
40 75
83 33
88 79
62 2
27 0
43 86
86 98
88 29
98 20
26 12
20 77
61 96
19 35
53 18
43 1
98 72
83 49
12 16
82 14
88 71
21 34
42 85
14 56
8 63
19 63
33 86
25 75
91 82
69 80
76 88
4 56
35 89
91 99
28 58
58 33
39 78
6 22
26 45
31 24
36 23
96 71
74 58
16 80
47 57
79 44
60 24
97 92
69 22
45 58
97 24
59 24
59 85
39 1
0 17
12 57
18 83
76 59
34 47
55 84
94 88
24 67
74 41
4 21
25 60
76 0
34 10
99 75
21 19
14 7
54 55
99 45
36 86
82 17
86 10
88 44
39 22
89 85
8 88
68 22
55 48
19 93
81 96
36 3
58 89
84 43
85 24
33 38
54 78
33 54
78 29
17 40
70 13
74 79
77 22
4 83
94 11
65 67
54 80
98 80
5 56
58 11
47 37
34 73
33 5
78 43
78 7
53 29
3 77
14 50
63 53
42 14
50 99
63 72
84 90
9 28
96 62
4 38
1 49
14 97
98 81
49 91
84 31
91 95
77 49
70 47
33 55
82 85
75 61
93 41
29 8
13 46
9 92
42 76
70 94
67 39
82 72
1 63
73 48
46 70
2 20
11 36
17 73
83 51
32 72
27 95
93 26
13 52
76 89
24 13
90 51
16 32
16 94
5 15
36 0
76 77
59 2
91 93
55 21
72 0
12 28
86 84
17 83
62 12
69 60
23 4
12 22
10 16
72 79
6 38
56 76
95 17
30 94
52 89
19 94
95 3
27 99
25 13
91 45
48 42
56 75
93 49
69 45
92 71
30 40
71 94
85 37
42 90
31 69
84 79
3 1
77 18
7 94
44 86
86 35
98 59
80 50
47 84
17 98
99 53
44 12
5 29
71 52
88 36
90 58
23 59
5 87
99 52
46 87
88 37
34 99
3 63
99 97
19 84
11 56
12 64
78 44
32 30
29 82
0 57
82 92
43 85
38 20
45 4
87 71
28 2
22 83
50 88
75 22
76 10
4 44
67 45
30 31
91 35
78 69
99 30
11 38
81 87
38 70
23 88
44 16
79 64
8 0
34 75
10 45
17 51
31 68
49 47
68 78
17 68
5 80
74 27
88 28
42 95
54 99
33 91
77 50
15 67
93 51
92 90
21 40
18 87
13 58
29 35
10 74
7 40
75 33
94 90
34 81
63 55
46 84
37 45
23 87
18 50
19 30
71 6
40 80
30 85
41 7
0 33
73 62
28 15
3 58
19 39
5 86
48 95
98 52
49 38
88 40
57 34
94 99
46 61
74 57
49 25
7 71
53 43
22 4
42 25
21 97
68 25
30 15
37 67
74 40
53 8
92 65
61 4
45 84
38 13
63 90
84 33
35 98
76 61
67 3
86 77
83 56
94 91
48 77
78 32
58 60
21 90
90 62
6 47
98 94
2 64
36 73
73 13
74 99
27 13
26 35
63 49
91 83
95 16
96 31
49 72
29 42
28 79
62 26
1 28
86 23
21 7
67 12
3 59
75 68
71 61
56 32
90 67
26 30
2 84
81 80
36 87
21 42
27 56
72 76
92 68
29 91
73 0
43 90
78 81
15 37
39 57
97 6
70 74
19 85
53 87
34 97
64 84
14 44
10 89
48 52
13 66
10 95
59 73
78 56
79 2
88 6
86 4
84 81
38 29
43 91
15 73
62 18
34 37
23 82
38 5
84 10
67 16
67 50
36 68
20 1
44 34
28 65
95 93
76 65
2 4
25 73
74 25
53 88
74 43
6 21
19 65
44 19
42 63
63 9
88 26
87 24
69 40
2 58
34 9
68 52
70 40
88 51
71 20
24 55
11 57
92 17
75 57
19 96
24 23
11 80
19 79
78 5
61 50
58 83
76 75
99 22
82 70
77 65
64 82
34 68
9 71
31 15
32 36
51 10
3 5
25 5
49 62
93 69
22 19
21 43
54 96
87 37
97 55
71 5
6 78
21 68
76 3
93 17
80 99
78 91
97 26
66 10
20 73
79 92
64 62
68 40
65 26
95 12
19 12
95 6
51 56
27 87
6 14
58 4
2 34
10 73
70 81
58 87
71 32
99 59
28 59
76 47
52 40
89 72
31 77
2 75
9 41
13 57
6 53
9 56
87 45
83 44
6 16
46 92
96 68
33 77
4 0
52 24
49 11
32 59
85 84
17 13
64 4
40 13
10 18
89 56
81 37
86 22
9 7
5 63
19 28
76 67
46 47
2 74
87 60
23 46
47 96
5 47
91 7
6 26
96 64
20 86
47 85
93 32
7 49
51 44
72 78
38 69
74 21
50 9
93 68
51 19
92 26
93 54
68 24
98 36
19 80
41 16
25 23
31 8
21 61
57 65
11 47
28 68
46 74
68 12
35 97
6 70
49 85
73 28
30 11
71 41
76 13
67 8
46 20
61 93
7 57
0 84
78 16
51 4
90 64
86 2
9 31
21 85
57 88
31 49
21 39
99 25
3 30
43 24
63 31
62 32
12 25
99 1
77 96
92 29
19 36
19 77
84 62
98 70
41 30
40 20
97 46
8 71
37 77
55 39
75 58
78 37
58 37
40 76
25 66
75 26
46 32
24 73
47 68
49 9
56 29
91 44
45 93
61 97
9 38
71 53
2 49
68 62
2 91
21 5
90 33
86 25
87 70
62 30
57 44
2 23
91 19
46 25
38 27
48 21
52 78
59 13
77 10
63 13
31 83
59 75
60 42
19 24
30 79
3 26
22 30
44 76
50 41
28 10
15 51
55 66
20 7
27 6
6 44
44 15
60 49
47 88
44 95
38 48
8 57
17 80
19 64
15 53
54 12
26 20
21 25
57 55
93 78
68 77
36 66
53 38
59 31
77 93
45 48
69 72
73 96
3 69
90 23
8 56
56 72
89 69
21 57
10 42
84 93
61 52
76 69
70 36
15 81
1 47
81 56
62 15
48 36
72 11
12 14
49 79
18 79
37 80
93 28
16 11
34 11
47 2
78 87
19 4
43 34
92 69
50 97
19 46
56 63
6 55
18 4
41 68
49 19
64 88
50 62
67 30
19 98
44 23
99 28
60 77
37 10
18 29
71 38
64 57
5 11
41 99
37 27
56 77
12 37
72 61
69 68
64 30
4 47
37 72
45 8
82 60
77 88
31 51
53 82
20 82
39 61
33 66
94 42
39 24
71 40
31 33
21 45
64 98
11 96
67 4
20 14
11 46
96 27
54 29
62 25
96 93
41 25
89 60
51 22
7 31
61 54
49 54
79 99
70 9
23 22
60 22
57 3
34 39
54 94
25 95
1 82
73 90
78 74
75 37
2 63
55 98
90 6
95 35
66 29
77 32
15 87
28 90
91 92
27 12
99 68
20 75
80 38
30 60
45 5
99 84
74 30
72 42
92 66
12 0
6 65
35 79
6 7
48 40
57 89
62 76
28 69
59 46
42 89
89 6
9 6
34 79
25 56
78 20
99 93
86 88
27 29
46 95
86 11
26 23
85 75
21 41
73 92
38 62
77 70
16 30
93 30
87 16
27 75
6 48
78 77
68 97
56 35
2 57
52 11
99 8
83 85
71 81
45 85
92 94
80 72
5 31
23 70
60 65
34 20
65 0
76 63
87 72
92 89
56 74
36 99
71 64
40 63
20 41
84 7
0 44
89 48
3 82
12 11
53 91
27 51
28 18
1 61
32 13
59 30
58 72
17 11
5 28
10 9
78 8
86 18
40 57
8 25
6 83
78 60
83 11
41 95
50 63
54 38
92 45
31 78
82 44
15 1
61 17
52 91
31 90
51 68
70 5
30 20
15 49
2 83
7 54
34 16
59 56
59 82
17 60
51 55
83 19
55 96
51 65
34 72
35 75
10 43
17 55
80 35
56 62
39 25
81 31
57 28
90 19
8 28
19 95
68 89
0 35
57 17
75 64
18 64
86 46
81 42
34 80
92 56
82 22
41 54
80 96
31 75
19 43
49 51
86 89
72 20
89 70
57 72
77 41
45 28
46 18
16 52
17 66
93 33
86 38
0 91
69 32
27 71
75 6
50 84
63 95
17 53
27 17
63 94
46 94
61 73
6 77
55 12
27 66
98 56
63 91
17 12
71 12
39 71
29 93
67 95
80 74
76 20
34 92
55 72
38 81
28 30
74 33
49 13
10 78
89 81
47 95
0 70
16 55
50 20
3 89
79 3
33 72
44 26
23 73
63 97
27 22
81 74
99 66
61 83
53 66
34 64
56 73
40 77
84 29
49 58
96 53
62 66
19 89
68 79
73 49
53 16
16 91
29 7
31 36
85 71
17 34
58 19
