100
221 687 879 809 482 60 868 781 307 28 883 879 794 466 448 484 938 222 674 137 492 741 784 945 785 342 487 771 849 855 970 693 55 257 622 354 370 277 239 876 738 144 484 14 417 101 664 148 788 847 887 771 422 410 326 604 616 728 569 640 494 238 495 73 81 950 815 886 531 809 534 403 50 323 540 291 596 515 576 36 399 469 131 746 30 627 990 697 860 847 954 402 33 297 690 257 536 439 890 60 
20
9 69 812 48 600 687 782 352 445 995 811 553 529 963 360 846 12 6 570 936 
1000
89 73
38 84
75 29
89 74
87 66
43 22
79 90
66 53
48 37
18 89
47 58
81 98
59 36
70 25
66 36
73 43
8 13
55 31
82 77
72 77
31 98
86 59
10 14
44 91
72 71
74 32
49 82
4 2
26 47
92 49
1 69
73 48
78 39
7 67
95 96
29 5
41 56
10 26
93 69
17 62
9 85
49 7
43 57
87 13
66 24
10 41
70 81
56 25
17 54
12 18
32 71
38 67
92 75
32 94
47 71
26 58
10 24
24 86
63 77
65 16
31 75
30 11
92 37
6 14
78 63
80 56
81 52
23 90
72 64
71 14
36 42
75 9
8 3
92 48
88 10
28 34
9 69
29 11
14 29
47 78
86 13
16 1
95 51
28 8
63 44
95 12
27 93
95 60
23 4
82 89
55 10
4 82
59 9
27 90
46 11
8 36
95 68
15 7
84 5
71 0
32 97
1 68
39 12
16 71
66 81
10 70
45 9
41 71
88 6
78 64
30 43
1 99
64 0
56 24
79 96
58 45
21 42
22 36
54 35
95 92
71 31
2 22
31 9
2 0
95 73
2 83
9 38
13 38
49 8
89 43
88 75
42 82
64 40
18 93
51 62
52 36
48 18
39 19
77 26
87 65
71 45
0 6
5 0
65 20
45 91
44 47
92 47
63 48
49 53
10 57
79 85
63 56
1 5
75 96
49 62
66 38
95 72
44 66
47 48
17 48
16 30
41 96
63 16
23 1
21 96
70 63
48 77
39 46
61 11
92 45
78 56
70 4
20 52
65 37
25 13
49 87
15 65
10 46
50 0
52 95
64 99
28 13
28 36
65 21
49 40
57 14
51 13
21 86
17 10
57 61
46 28
2 38
11 99
94 54
6 10
1 33
3 75
2 50
87 91
36 37
56 62
19 94
13 37
72 73
40 43
31 13
44 82
30 22
40 94
12 77
13 26
68 8
32 24
36 74
53 87
23 97
89 22
33 14
74 55
80 24
35 8
3 55
74 18
7 33
8 12
96 55
18 70
14 82
88 7
18 60
44 60
68 11
60 20
28 84
92 13
21 0
60 14
29 3
82 31
87 83
11 21
18 73
22 19
10 15
13 32
84 89
46 73
10 12
40 45
5 52
98 11
35 19
23 47
4 47
30 86
1 48
62 50
21 69
57 0
88 97
73 5
34 67
65 41
67 89
20 68
67 68
93 96
99 51
39 20
1 11
25 28
97 17
53 32
83 81
44 79
99 36
70 73
36 93
41 77
37 83
66 79
9 42
67 51
50 78
96 34
5 68
48 93
83 3
37 79
68 3
89 35
95 54
79 42
72 89
78 68
23 0
56 9
73 9
72 47
0 69
19 1
15 9
40 70
36 5
60 96
98 7
84 2
25 91
4 16
10 25
91 24
91 3
12 85
21 33
3 30
7 43
27 86
72 61
28 14
82 30
28 43
81 16
25 65
82 40
77 99
64 94
53 97
46 5
21 26
73 53
18 8
38 23
11 42
98 53
80 62
59 23
28 75
68 39
5 14
72 42
32 49
23 8
40 60
39 67
82 33
11 3
76 51
13 81
15 23
20 19
93 86
17 61
6 33
70 27
94 74
2 70
79 95
6 47
78 99
84 66
19 67
38 52
3 50
40 74
47 63
8 41
92 17
79 11
61 59
16 84
5 71
1 77
62 97
30 66
10 35
66 69
78 28
87 92
52 49
15 13
54 16
11 59
13 50
89 83
75 8
27 69
69 95
96 65
67 86
21 73
4 66
51 43
86 40
19 14
68 31
42 77
95 70
76 19
78 70
92 71
42 6
96 64
24 13
9 99
3 48
53 60
44 67
34 94
20 2
12 16
56 36
58 79
13 93
42 69
28 2
92 59
13 69
98 54
72 26
67 79
38 29
19 24
9 3
65 35
1 55
3 32
17 23
3 17
24 23
51 53
31 69
0 53
32 23
98 47
66 12
63 87
98 44
36 24
77 18
77 74
37 55
93 60
41 17
64 84
83 51
97 92
63 40
58 70
82 2
41 74
32 33
27 83
43 49
20 73
9 25
98 59
42 64
39 51
24 34
48 14
47 95
45 16
66 15
34 27
76 8
91 38
77 6
75 15
19 78
83 22
78 88
38 93
55 58
4 75
20 67
29 62
99 35
36 43
20 43
88 52
47 76
1 53
11 12
79 56
36 44
99 72
76 69
69 70
39 91
60 37
92 58
71 49
3 25
63 20
38 34
17 5
17 1
71 34
52 55
12 92
33 3
79 12
28 69
88 0
97 29
70 29
61 85
37 94
84 91
51 78
46 24
53 63
62 60
11 97
48 68
48 65
45 15
56 48
69 16
72 54
70 51
82 92
6 85
87 28
76 60
14 98
95 99
12 34
87 20
11 31
11 62
79 27
96 27
76 81
26 82
69 57
43 42
54 27
73 69
97 5
89 56
94 8
86 96
40 26
68 70
80 3
80 93
90 37
90 4
70 94
37 61
5 82
33 34
49 88
79 51
85 22
48 74
69 83
74 39
48 64
51 74
70 99
75 5
3 13
71 73
75 11
97 14
12 54
12 71
91 67
41 59
57 44
35 71
25 78
98 84
48 84
32 88
95 67
21 72
21 6
63 41
63 2
59 48
77 96
7 75
42 44
40 61
70 12
16 35
49 39
27 30
55 95
76 70
94 39
0 3
66 80
27 51
27 8
56 94
69 62
20 29
10 49
5 50
1 36
60 33
97 83
57 36
32 48
9 97
89 10
16 6
58 60
83 72
2 31
14 86
28 4
17 79
88 90
60 27
51 82
37 69
13 18
77 62
91 75
24 85
96 49
52 56
1 91
84 39
18 78
98 89
55 29
2 73
99 92
16 36
86 75
57 98
15 83
85 84
82 7
21 25
43 4
2 77
75 16
75 63
92 10
50 16
45 96
47 73
37 80
47 65
2 21
23 67
96 43
41 43
79 89
8 10
63 45
86 88
17 68
72 32
33 43
72 49
47 82
56 30
7 73
46 42
85 2
25 29
78 20
77 68
3 23
80 72
47 67
2 48
45 56
79 18
6 9
76 16
47 68
93 77
95 44
89 12
83 21
22 99
37 85
14 96
79 57
83 95
17 8
43 95
20 89
33 81
47 11
82 61
25 55
52 77
89 44
39 71
20 56
72 62
39 60
2 25
31 97
75 19
21 12
32 89
10 95
98 18
12 51
94 71
73 23
81 6
16 21
36 72
43 47
25 50
4 51
63 25
93 79
42 76
41 45
88 31
20 57
98 71
89 62
15 40
1 46
10 28
27 25
4 44
30 13
66 18
80 82
19 57
92 73
24 52
86 79
30 79
49 76
37 38
81 24
58 96
52 25
57 85
90 54
34 6
63 12
16 3
22 16
59 74
34 37
86 10
41 25
92 69
27 84
51 20
90 1
57 54
85 27
73 86
12 60
53 22
5 55
43 56
54 37
66 0
89 26
44 23
20 36
26 55
0 55
54 97
86 22
33 74
54 8
72 20
12 28
16 93
13 63
14 49
28 74
21 45
16 83
85 96
89 70
34 48
53 25
62 79
66 37
26 87
60 41
71 85
3 1
13 58
94 42
3 57
2 52
19 56
65 3
61 45
22 57
69 3
47 34
30 1
55 43
50 61
47 27
93 88
91 98
45 42
99 56
61 9
61 63
22 61
33 79
92 44
59 37
77 78
41 11
76 4
4 56
70 19
94 92
45 89
86 35
89 87
95 91
90 29
85 32
39 32
45 26
74 3
74 45
65 39
41 83
85 38
82 65
79 92
48 98
64 79
63 51
98 38
1 38
51 35
83 71
61 36
4 73
16 72
9 96
46 23
0 98
67 96
53 56
82 95
56 93
87 22
43 1
20 26
93 92
60 68
27 58
87 0
13 80
52 72
69 54
34 22
85 92
46 47
19 72
18 75
22 1
84 10
88 68
64 66
99 34
75 60
92 24
53 19
34 83
54 42
83 44
14 25
30 80
39 76
94 48
27 12
75 0
27 33
78 79
50 44
78 17
21 67
81 39
96 28
52 27
21 18
87 16
65 34
23 27
49 86
22 49
23 10
23 42
85 87
59 58
62 83
98 25
9 89
71 81
48 6
56 68
67 92
15 17
40 79
63 38
64 46
87 64
98 96
28 11
6 83
97 40
92 5
0 7
45 79
93 37
33 90
81 61
73 85
10 47
1 58
48 38
9 50
57 8
76 2
22 52
60 84
54 76
29 83
16 42
62 3
77 61
83 73
60 72
44 21
23 25
31 79
8 32
39 4
62 13
12 47
96 23
90 74
82 54
15 94
45 62
28 95
8 6
91 63
66 35
59 0
68 28
68 4
51 28
15 57
19 58
34 5
75 38
87 45
85 60
49 3
41 19
30 36
92 96
58 18
5 24
93 71
2 9
35 63
14 52
17 22
32 58
61 13
10 11
36 94
6 82
6 53
39 80
46 70
6 99
54 86
2 7
13 99
92 15
1 37
76 86
34 35
42 20
19 16
49 85
