100
197 65 903 704 595 360 799 780 642 871 490 51 176 389 686 578 873 412 734 683 959 595 952 862 671 338 231 217 211 788 29 646 865 231 434 114 808 27 810 773 457 832 451 670 433 424 502 578 245 197 769 585 989 848 787 30 757 936 299 283 176 675 290 676 857 367 255 321 748 465 880 442 539 167 930 180 113 538 680 717 539 442 858 60 823 115 782 97 909 739 475 945 656 87 374 971 499 9 836 540 
20
522 36 689 73 999 105 789 707 443 784 955 338 479 43 57 214 910 315 155 196 
1000
60 55
95 62
2 1
76 1
34 84
49 28
11 70
5 72
42 8
93 29
20 87
25 3
29 70
88 72
42 30
19 33
12 39
86 91
76 5
98 66
23 88
10 47
84 29
34 43
88 92
0 16
8 97
10 29
37 41
92 72
80 6
82 53
71 68
45 32
34 56
81 36
23 75
39 64
80 42
70 82
63 57
68 51
70 49
97 31
5 92
2 87
16 32
92 82
83 50
90 40
62 54
22 13
35 13
45 72
1 48
52 17
47 96
30 84
60 82
71 61
48 41
56 2
13 72
58 95
92 3
62 96
87 0
3 72
92 81
13 14
21 66
30 4
3 18
62 70
48 32
65 4
13 17
94 96
28 67
27 63
28 37
76 53
36 97
62 87
58 31
66 43
86 59
21 2
42 18
16 25
61 36
84 32
15 67
56 29
47 61
84 61
57 51
23 21
83 59
24 66
57 53
48 68
80 47
46 4
37 3
69 46
73 37
38 96
2 28
93 8
83 65
58 85
46 29
57 26
27 5
97 53
9 26
26 36
66 26
62 11
70 58
77 39
87 40
28 96
2 3
59 23
12 21
82 51
52 16
47 54
35 16
68 10
18 29
77 44
5 17
87 60
61 68
44 43
24 28
92 21
24 26
80 77
45 51
21 38
98 52
66 58
18 11
46 47
24 96
95 42
67 12
96 65
32 57
7 1
7 62
83 45
51 24
57 25
64 68
73 56
61 42
39 94
23 47
34 80
75 73
89 14
20 81
38 13
76 94
15 49
17 87
4 86
84 38
78 10
53 20
54 58
74 42
54 94
77 66
54 5
82 50
52 79
34 16
98 79
1 55
27 25
50 5
93 9
94 16
94 88
8 51
91 5
82 2
37 85
43 84
20 70
37 23
26 42
90 35
85 99
76 83
16 62
69 75
5 11
15 19
42 32
78 90
35 3
7 92
97 65
31 28
94 17
62 77
80 8
74 48
36 23
84 33
0 21
60 45
76 82
13 28
78 39
67 61
58 6
17 29
53 62
14 55
66 81
52 43
45 12
89 32
8 6
39 87
69 55
11 30
37 62
59 39
16 75
27 48
6 79
31 94
86 25
34 82
63 59
9 13
14 10
18 65
32 62
10 86
80 28
61 77
94 79
81 77
40 7
74 13
17 57
51 28
41 16
67 78
66 55
47 53
13 2
82 3
91 38
28 19
81 4
80 66
28 35
52 82
71 56
39 76
10 61
73 50
75 86
64 60
49 52
89 56
73 83
6 26
45 37
83 91
85 81
29 52
83 82
28 89
97 41
58 52
84 93
70 14
85 68
70 97
71 84
6 98
22 69
19 8
16 22
60 97
65 88
86 28
30 43
3 91
41 42
63 92
74 59
10 82
78 97
26 69
80 76
75 42
73 63
5 24
41 71
88 75
27 51
85 23
7 12
30 74
95 89
20 3
74 49
70 3
23 28
66 86
60 22
54 4
76 49
11 33
0 64
86 39
97 37
57 78
66 30
43 85
30 40
81 18
77 20
84 58
58 21
48 79
34 33
25 82
41 33
79 96
88 30
45 29
54 80
75 98
67 64
39 54
9 14
65 24
87 51
50 52
35 21
63 13
20 91
3 57
65 71
40 5
6 78
39 38
51 89
11 28
9 41
82 55
12 8
72 78
33 44
13 81
72 65
98 25
48 29
66 73
38 71
48 95
98 49
79 29
78 20
91 6
72 55
9 16
75 79
86 62
66 85
12 65
73 20
20 66
88 46
44 30
77 58
12 38
41 39
94 49
74 50
85 80
33 93
0 93
82 5
20 75
86 3
3 22
44 88
40 6
49 4
70 72
75 22
58 12
68 9
68 88
39 27
79 25
32 66
84 80
15 99
55 13
8 45
12 81
14 75
67 3
88 37
78 96
2 96
31 60
74 2
83 21
22 14
93 75
17 72
0 46
20 12
45 17
95 22
26 94
13 67
99 95
0 83
15 22
14 28
92 34
75 78
69 37
39 7
99 19
50 72
66 13
9 69
65 33
33 1
44 79
64 33
0 58
50 12
56 47
53 8
61 11
16 36
92 55
81 21
45 75
16 3
62 1
34 85
69 44
78 71
16 13
53 48
35 20
21 5
67 43
6 41
51 67
31 64
43 20
93 37
87 23
16 20
49 29
42 5
36 75
12 88
40 35
36 79
79 65
27 93
0 6
77 65
7 82
18 73
28 81
37 76
92 42
59 2
60 46
54 44
30 0
58 62
17 95
28 63
67 74
48 65
36 76
90 71
31 44
1 22
20 18
68 94
31 65
45 77
11 15
13 71
76 77
0 38
72 82
40 73
48 4
68 14
20 52
86 72
36 99
52 6
45 89
64 96
61 74
95 29
68 62
49 17
73 39
65 91
41 83
36 34
2 20
25 95
47 9
12 5
94 57
70 80
52 74
81 32
12 82
38 2
71 77
59 1
93 87
89 25
33 75
72 41
64 35
78 13
23 32
41 67
89 82
76 13
35 17
76 64
57 50
98 35
67 71
83 55
74 91
82 65
16 97
13 54
93 68
65 62
34 77
64 1
65 15
40 39
52 71
51 23
11 36
35 49
81 98
76 0
90 93
39 82
94 29
12 49
47 63
38 43
29 41
25 42
92 32
68 28
76 14
77 16
19 73
16 89
7 75
1 97
11 75
22 89
57 54
29 69
7 14
85 25
94 97
14 74
31 87
45 91
34 68
30 27
41 34
61 1
76 33
96 60
51 64
49 42
6 69
73 95
53 15
95 32
96 4
83 67
3 54
77 70
61 3
22 93
31 62
83 43
57 46
74 12
83 52
69 68
57 19
9 55
51 31
91 19
74 93
27 32
55 35
4 55
67 30
49 25
61 19
18 48
78 86
98 23
60 59
2 25
38 60
98 63
56 51
49 22
15 0
24 17
13 10
79 63
96 25
86 61
73 6
74 31
73 36
37 81
49 33
20 76
8 31
63 80
80 0
35 94
75 27
67 66
30 54
90 94
72 30
8 47
53 55
38 68
10 71
96 52
85 9
57 14
43 89
8 79
29 7
42 15
27 44
78 15
52 65
95 1
85 29
70 21
8 5
74 96
42 16
53 9
11 53
89 8
8 50
27 92
95 15
26 55
53 25
82 4
87 41
34 3
50 58
94 69
0 65
72 36
28 57
19 53
17 80
39 66
5 65
62 97
70 19
19 63
11 76
48 55
97 20
6 2
39 50
44 82
21 80
96 7
34 6
67 79
60 98
64 61
85 10
51 96
41 1
87 94
21 36
66 64
31 18
19 84
28 71
14 65
96 80
25 52
11 91
45 87
69 16
2 17
2 5
46 21
19 80
34 20
36 37
4 58
92 26
98 18
36 33
65 2
71 66
31 17
87 13
47 78
31 67
97 77
48 57
39 89
11 45
95 16
26 38
38 54
34 73
33 43
81 73
13 37
95 24
3 46
13 36
58 37
87 55
85 52
26 84
25 50
59 40
67 80
6 95
43 23
78 37
48 77
77 1
67 86
33 89
3 68
26 65
55 31
74 47
26 93
74 58
74 24
46 61
66 63
58 46
56 38
51 39
90 22
81 72
27 90
14 36
72 77
38 32
83 78
78 62
74 68
4 5
63 3
73 2
96 18
71 69
21 50
22 74
19 87
65 28
8 92
54 98
34 29
54 15
34 40
92 95
6 10
36 41
30 22
8 18
29 23
63 44
60 80
51 81
42 58
79 31
53 90
3 69
24 82
43 15
10 98
28 5
85 92
75 95
57 84
38 23
82 8
65 67
38 46
35 95
90 0
99 46
88 45
61 32
68 53
73 93
49 5
54 41
97 7
3 29
15 7
62 8
86 85
13 65
23 39
75 65
44 50
54 99
3 80
44 97
47 90
54 29
65 66
66 78
64 8
30 29
46 81
70 93
6 89
91 41
84 23
6 25
90 66
39 91
91 55
98 29
53 45
81 91
41 18
26 46
50 89
61 17
0 51
93 63
25 48
39 52
15 76
45 59
21 25
53 70
76 32
93 40
97 68
43 56
94 81
18 67
9 30
86 41
9 62
67 11
94 44
93 91
26 54
77 55
4 52
52 22
86 76
30 89
35 8
36 49
15 26
74 69
10 72
9 58
19 22
41 35
18 25
24 55
95 83
20 1
79 39
19 12
24 71
69 48
1 38
39 3
60 44
27 77
31 53
8 32
4 70
4 32
59 9
17 25
25 62
11 37
17 97
38 20
37 26
85 19
65 53
23 81
55 63
27 29
95 70
31 77
33 97
10 36
37 14
36 46
6 87
87 38
91 95
94 70
9 54
45 21
25 31
52 44
13 5
17 75
72 0
39 75
2 63
88 93
25 29
0 71
19 1
72 34
73 8
21 26
77 8
5 75
51 44
29 55
44 17
15 85
84 52
53 75
32 67
37 46
48 85
31 91
92 59
13 18
99 93
35 43
89 85
75 99
93 57
96 77
77 35
42 13
99 56
14 91
86 97
79 87
94 0
4 17
15 40
37 82
95 81
