100
592 809 984 103 944 976 732 317 409 108 422 310 507 296 720 816 773 180 622 270 545 925 106 99 338 568 495 872 59 870 495 323 297 895 299 378 658 381 31 647 922 762 300 470 258 89 426 326 911 430 495 950 600 161 889 926 44 254 133 553 931 286 401 394 402 606 204 839 367 693 953 585 515 828 409 196 833 507 240 948 608 623 556 195 512 828 322 827 196 102 946 751 750 446 462 970 67 567 67 965 
20
631 231 616 158 580 412 258 343 774 875 939 134 576 971 992 537 11 117 942 415 
1000
80 45
74 29
37 97
65 17
57 56
20 6
36 83
69 88
55 30
18 46
81 88
98 96
85 2
52 56
23 76
68 74
42 51
50 43
63 45
25 41
86 27
75 37
33 98
85 17
91 70
72 24
26 30
20 83
42 35
88 61
1 14
27 70
47 38
4 96
28 90
19 7
36 46
40 2
18 98
19 28
90 14
54 78
39 51
15 34
25 43
26 18
55 60
81 63
59 81
92 55
46 96
18 10
48 53
2 56
31 98
28 93
26 2
15 95
68 52
86 50
56 88
75 63
58 95
56 1
46 53
10 0
67 97
12 65
38 8
83 82
1 95
85 31
92 49
41 74
49 20
24 79
55 64
31 46
92 19
24 52
14 10
33 12
32 65
35 6
37 16
63 38
93 53
40 34
46 97
94 64
63 87
15 11
33 42
55 14
74 69
85 82
59 86
81 46
11 35
1 62
73 62
46 65
89 55
96 75
5 7
26 75
63 98
22 43
94 49
72 21
63 35
76 61
38 25
26 20
54 3
76 25
9 8
33 26
69 36
77 59
99 60
66 20
34 9
1 71
17 27
4 57
96 35
87 46
14 15
6 87
90 85
95 45
63 7
20 33
64 48
54 14
12 10
95 56
52 37
30 3
69 55
52 59
31 0
90 43
59 48
37 19
28 11
31 43
73 82
34 17
1 54
47 59
29 15
94 6
77 3
34 61
51 15
42 56
55 26
60 14
42 67
18 55
3 47
57 11
12 97
67 82
0 65
60 0
92 59
13 97
26 24
5 51
35 91
29 9
11 8
2 62
50 51
53 18
16 41
20 63
26 87
81 50
64 46
68 20
46 88
97 84
5 87
23 39
58 43
95 84
52 43
26 95
82 74
64 38
93 73
79 40
67 87
2 24
30 22
19 4
27 59
40 65
44 93
41 67
68 0
17 78
90 74
48 35
15 74
62 12
22 10
97 80
87 51
97 60
69 7
2 75
88 28
78 23
9 90
34 50
36 13
49 53
76 0
70 60
38 10
8 57
98 37
7 41
65 54
5 49
67 77
21 35
93 19
99 45
46 7
39 2
92 82
6 9
46 95
2 73
15 52
13 84
57 13
97 61
61 15
94 46
30 35
96 33
3 12
20 64
18 63
96 41
85 60
72 11
28 2
12 78
21 24
43 79
76 82
71 38
68 19
76 95
7 57
88 63
39 25
53 50
35 0
29 92
73 33
66 76
46 57
3 90
43 83
76 27
73 20
72 12
39 17
21 22
73 8
97 70
48 83
62 89
33 88
86 62
22 69
62 28
4 49
84 76
93 26
86 11
83 95
5 44
86 97
60 22
7 83
93 17
21 98
27 49
98 12
85 41
29 96
29 5
66 51
6 34
69 40
45 88
87 8
93 22
9 21
0 85
43 6
63 62
48 73
97 10
81 78
6 27
83 58
33 16
17 68
14 3
11 91
91 2
17 14
71 0
42 48
77 2
34 59
52 45
0 55
22 54
92 7
65 38
37 64
15 77
96 30
40 88
40 52
15 35
81 16
79 58
7 45
5 18
38 45
8 12
30 86
53 39
88 90
45 66
37 38
85 63
84 63
47 46
98 76
33 7
12 51
68 8
75 6
65 82
31 93
29 79
81 82
60 3
63 37
77 10
18 52
70 69
41 3
9 59
30 49
92 64
18 7
6 12
37 0
1 57
8 72
32 17
11 58
79 31
40 73
80 86
73 57
95 69
1 97
24 65
97 0
51 62
3 65
60 20
97 5
19 71
28 72
93 21
69 65
81 83
73 3
14 37
45 94
94 61
77 87
81 79
74 50
7 50
80 99
69 91
83 14
77 35
99 49
28 59
70 79
87 2
72 65
21 36
83 96
78 30
16 40
7 60
93 5
63 39
58 46
42 89
91 83
21 5
25 59
55 52
56 93
59 71
75 3
52 34
45 98
16 57
87 0
38 66
25 71
54 98
21 69
44 40
98 10
21 95
12 88
70 39
15 99
3 88
4 3
63 24
60 79
75 89
1 87
12 36
5 91
26 35
83 32
24 40
65 97
67 21
2 99
73 98
68 87
64 70
94 12
58 78
39 28
30 63
73 47
32 62
42 70
64 72
41 52
36 76
58 71
49 83
79 3
23 92
73 21
20 50
76 1
99 58
79 59
82 52
57 28
26 78
9 39
21 83
89 27
33 80
93 66
15 55
16 91
3 96
0 9
25 34
12 82
90 59
22 44
34 66
51 96
80 39
61 65
95 9
69 50
26 66
75 53
85 62
27 3
23 65
22 39
60 24
42 58
35 17
17 89
7 98
80 85
5 11
10 7
43 60
12 53
27 96
62 70
38 61
22 47
73 42
59 29
41 79
69 29
10 24
77 13
62 68
92 86
27 21
92 90
81 48
49 69
34 85
36 29
34 47
43 94
23 74
64 62
94 25
11 92
46 26
19 10
55 50
14 46
84 73
8 81
54 50
75 48
87 50
4 53
91 53
73 99
17 8
84 90
21 71
17 80
89 9
14 21
61 13
36 19
53 8
73 69
70 9
74 18
98 97
37 7
78 64
75 56
31 7
87 72
7 58
60 6
10 35
89 68
60 5
36 52
5 43
21 62
40 12
8 93
9 65
83 10
20 30
1 84
84 41
89 91
87 99
45 82
45 2
84 74
9 48
69 93
97 49
82 69
62 77
78 38
28 32
74 45
71 16
60 56
17 21
35 9
2 33
39 58
7 86
45 65
8 3
54 32
74 42
74 38
21 63
82 18
83 50
57 43
27 48
33 85
21 80
88 17
32 67
27 28
3 99
25 42
53 13
85 70
15 12
79 36
79 65
15 97
26 28
59 23
7 27
13 33
91 24
84 20
31 27
17 23
92 61
27 83
2 44
18 76
57 64
96 24
65 93
56 18
30 47
40 1
42 59
71 73
92 95
98 89
96 52
20 56
38 96
93 90
11 14
56 59
53 76
3 57
91 13
43 8
56 37
6 3
77 66
50 46
84 10
47 10
7 24
21 70
11 30
62 25
65 48
23 46
39 82
23 41
2 81
49 72
97 77
72 67
91 82
54 43
45 70
27 24
10 57
90 39
91 47
21 38
49 47
28 80
89 90
1 85
82 27
48 70
59 88
6 70
89 52
83 16
91 25
94 40
10 63
8 34
80 82
67 4
5 95
30 9
46 28
18 35
51 61
69 83
99 37
20 42
13 28
72 39
0 28
46 78
26 72
12 63
15 25
31 51
7 15
91 66
43 51
95 80
80 70
89 40
41 69
66 72
82 60
58 8
20 14
35 23
89 86
83 19
98 38
19 75
16 34
34 37
75 87
29 45
7 11
99 9
60 84
47 81
84 57
11 65
11 17
15 24
67 16
96 5
17 91
40 9
84 61
30 56
9 64
4 56
57 61
73 41
31 55
30 50
98 32
72 73
19 15
5 42
96 78
6 2
74 40
63 94
23 12
77 16
99 40
52 5
13 49
71 94
9 84
99 26
44 63
5 92
81 14
0 32
55 7
78 13
36 38
91 32
32 53
4 94
3 82
94 77
53 16
61 8
52 31
21 10
73 10
32 77
48 89
22 52
40 59
35 51
4 40
25 83
74 34
95 43
76 51
44 58
13 67
12 35
20 12
74 14
51 7
58 88
60 77
55 56
12 24
76 70
22 13
45 54
46 67
97 2
47 8
34 97
95 70
75 14
34 4
46 99
81 42
32 18
34 5
4 85
28 75
31 81
45 51
79 17
72 84
4 47
41 28
61 60
89 1
61 72
46 54
90 0
73 80
64 89
15 98
39 52
78 74
63 40
25 16
41 6
59 2
52 80
59 11
90 30
27 68
11 36
16 75
95 49
10 93
86 49
7 17
37 70
11 90
10 94
94 52
79 33
74 72
48 1
7 35
55 41
76 20
41 27
13 21
86 5
89 4
75 33
90 32
39 12
84 67
47 1
44 95
18 83
42 44
91 46
57 72
99 85
37 90
62 96
17 77
10 50
71 53
70 65
27 36
32 71
69 31
38 28
79 82
31 28
92 69
92 72
39 79
79 85
81 29
29 71
68 15
65 29
54 16
80 20
50 99
46 79
15 48
13 39
53 23
84 64
1 10
18 94
56 51
13 81
44 87
96 43
42 91
47 37
91 99
64 73
30 68
40 75
16 95
96 19
41 99
22 25
27 4
33 65
15 63
86 28
50 57
63 5
53 79
70 40
78 48
77 11
80 53
62 18
24 41
25 14
28 74
38 70
48 45
44 83
91 51
59 36
51 30
94 48
19 89
6 22
11 53
20 61
84 82
24 84
32 86
75 60
36 75
75 92
69 78
79 2
54 21
92 84
97 85
91 93
30 16
17 50
15 8
50 22
87 18
63 67
95 8
69 28
73 12
65 58
19 81
35 38
47 48
93 98
18 51
57 79
70 28
20 74
56 48
16 43
76 48
31 73
93 82
67 76
24 37
1 65
62 99
57 66
71 44
78 8
19 79
98 82
45 30
53 66
60 49
52 99
50 65
