100
507 6 578 574 441 652 568 729 634 222 213 486 509 421 129 956 388 131 185 752 122 735 21 826 731 716 733 164 65 143 164 971 456 972 799 271 849 104 287 483 140 537 285 456 364 119 883 265 263 973 39 222 848 194 199 700 586 189 618 123 895 44 265 659 112 916 75 665 441 171 495 90 222 101 621 817 340 809 759 206 760 945 248 282 225 278 603 792 616 478 92 400 103 345 67 993 734 230 527 271 
20
574 718 295 478 151 380 152 949 995 228 381 475 120 644 224 126 843 879 484 599 
1000
88 44
86 84
10 89
54 5
74 71
19 5
14 46
84 45
7 15
49 0
91 58
80 0
3 35
46 60
21 18
74 14
11 18
89 74
84 88
60 88
45 30
79 9
79 71
6 41
64 53
38 29
1 17
33 40
80 59
13 72
19 9
34 54
67 45
62 53
52 79
77 21
5 98
96 6
90 37
86 95
38 75
83 64
72 95
18 47
82 38
84 67
25 11
39 17
29 57
38 47
56 62
7 54
68 17
57 73
67 58
32 90
13 52
46 69
90 40
6 97
96 95
95 58
1 31
30 50
87 23
71 56
5 39
42 39
70 42
56 39
36 10
20 68
98 70
38 83
43 52
7 12
57 38
44 11
81 52
99 76
82 8
32 88
20 28
66 80
52 98
53 43
83 42
92 12
14 30
1 67
84 44
89 24
51 3
46 80
79 2
54 77
56 10
95 53
21 75
66 95
96 14
19 8
30 82
36 88
77 76
83 20
75 13
76 38
8 24
54 56
48 52
64 98
0 20
48 51
33 62
58 97
57 55
62 63
21 74
76 78
52 0
59 5
58 52
45 83
31 88
45 15
68 84
14 23
11 53
76 34
59 35
13 74
63 59
2 87
53 9
62 71
78 82
94 71
56 76
70 26
88 68
75 42
23 54
12 18
14 71
55 81
28 58
85 48
13 98
71 11
19 1
41 87
29 45
0 1
50 98
4 14
75 22
6 26
64 1
77 42
52 14
38 46
38 91
79 27
64 67
46 94
45 66
89 75
32 57
37 57
54 40
89 44
45 82
43 37
61 40
10 97
89 34
88 41
86 69
22 91
93 15
3 90
67 56
1 46
57 46
10 46
21 40
12 38
83 52
16 63
56 75
41 40
4 59
23 90
68 45
74 34
70 23
98 14
2 34
6 95
34 79
86 62
64 82
31 3
74 96
22 4
1 22
11 35
82 62
63 37
60 28
9 66
99 36
81 12
2 74
77 79
63 84
26 39
76 46
38 22
41 75
48 21
36 3
16 59
61 34
33 31
42 7
74 22
61 15
16 67
8 58
13 11
20 94
24 48
42 64
75 74
42 21
60 62
10 86
47 61
19 72
87 4
30 4
27 31
60 54
16 26
22 76
39 37
69 57
97 52
8 77
77 64
86 63
11 12
19 91
89 52
99 14
30 98
12 85
47 31
59 99
71 9
2 55
22 3
68 10
55 70
59 48
89 11
13 36
10 72
13 88
7 34
99 13
80 23
17 56
70 60
4 54
94 58
22 18
11 41
89 42
56 15
15 12
26 78
46 47
12 8
76 43
28 25
19 80
25 39
79 58
9 40
98 82
29 56
63 33
37 93
98 69
29 34
88 7
78 81
86 75
3 33
36 49
47 21
97 11
46 65
4 80
47 35
61 29
8 62
21 59
48 4
26 20
82 51
99 52
86 97
43 2
26 38
49 26
11 67
28 65
73 2
35 12
57 10
88 16
88 6
91 86
83 46
32 20
4 74
60 32
8 53
64 69
76 24
31 56
57 59
53 97
96 26
8 59
54 12
94 76
96 36
15 85
18 76
46 22
91 11
52 54
33 32
75 27
51 14
8 11
86 9
46 13
64 87
34 57
10 61
45 89
82 75
26 29
52 95
35 8
41 90
88 87
92 33
32 54
85 6
95 75
92 76
48 29
50 96
75 24
32 4
16 46
69 79
52 51
93 27
0 81
63 47
0 74
94 52
48 69
51 61
13 79
29 44
85 98
69 59
6 77
19 75
40 8
4 50
99 84
18 53
14 24
14 7
90 70
5 46
63 41
68 32
63 56
95 19
63 52
79 16
64 3
19 34
47 99
73 23
39 70
70 58
8 2
48 66
74 38
73 58
83 96
42 78
20 34
48 5
73 93
27 13
65 68
39 62
44 48
10 59
34 55
8 29
43 38
8 93
29 60
43 69
93 45
21 25
5 81
82 16
26 91
41 74
46 62
26 48
37 50
34 64
97 67
69 87
55 10
15 62
59 41
40 88
98 81
65 44
61 39
58 61
60 0
1 2
1 53
45 51
10 78
60 5
75 96
78 19
88 11
98 12
7 22
54 21
92 37
74 47
86 29
61 35
44 85
60 93
84 51
87 20
23 48
28 15
54 6
89 93
25 60
28 19
81 88
72 53
9 24
30 49
97 9
82 69
45 27
52 49
83 86
18 16
61 72
14 94
47 55
0 40
54 90
20 72
78 74
7 45
66 42
19 15
93 59
43 24
83 56
58 36
81 34
4 41
36 18
74 65
20 35
18 63
1 9
0 78
77 38
84 36
36 73
44 52
65 30
77 7
65 4
8 99
37 53
58 81
90 44
71 85
48 79
63 65
99 25
6 9
27 28
28 97
48 1
5 90
48 98
35 40
78 40
89 21
79 60
7 5
70 17
6 70
57 90
62 45
97 39
86 56
77 34
36 28
35 49
35 22
81 60
62 51
12 33
91 68
22 41
65 76
96 68
36 62
38 8
38 58
86 54
50 43
27 30
17 49
88 69
16 30
44 54
75 8
35 75
11 2
98 19
30 8
12 84
76 51
18 71
33 37
85 53
56 14
58 9
0 87
7 52
39 99
78 63
44 97
25 3
0 90
21 35
31 4
46 11
36 51
8 97
18 15
70 11
53 54
90 7
32 11
53 19
64 57
66 20
67 91
61 12
84 92
34 18
87 25
16 0
45 18
99 86
31 84
37 94
12 91
21 99
83 18
67 9
89 73
61 92
52 64
87 81
9 75
51 7
5 31
65 37
19 89
64 54
59 28
85 94
43 34
10 84
15 52
74 31
33 13
76 3
88 45
91 54
58 50
46 61
95 56
74 77
12 43
31 69
10 77
77 65
45 58
81 35
26 47
96 64
93 71
99 12
58 19
86 30
80 53
89 6
98 95
75 54
10 93
92 27
28 3
48 31
68 89
15 88
42 50
92 55
17 72
49 32
11 90
21 84
22 53
81 29
40 27
52 90
2 52
54 59
30 29
63 45
41 38
94 26
36 29
41 17
84 49
92 51
78 91
73 88
80 21
98 23
89 59
49 14
87 16
76 7
17 98
50 57
8 80
85 39
11 87
97 94
22 0
85 78
59 29
98 38
99 35
51 70
33 84
43 27
91 15
99 63
22 93
14 61
20 51
62 76
18 94
31 22
38 56
83 44
88 97
98 92
49 93
52 9
47 7
19 29
25 61
12 57
87 21
23 45
2 24
20 30
54 24
71 54
36 86
46 19
82 58
14 8
27 38
0 3
64 72
3 98
91 33
59 98
31 40
44 9
7 49
72 48
22 55
91 28
9 16
93 5
21 39
5 64
76 84
79 68
19 48
80 25
84 54
71 39
3 16
4 75
3 48
89 16
16 20
89 3
28 79
84 64
97 60
57 68
65 94
24 95
42 95
43 90
44 28
77 55
52 40
11 73
41 2
96 21
68 56
98 33
66 85
7 43
29 91
42 81
62 65
27 59
27 55
30 10
91 4
80 69
38 0
81 30
58 49
97 64
14 43
72 9
51 13
63 83
46 96
53 35
84 59
63 32
15 76
2 81
51 21
15 50
66 8
12 16
48 10
12 82
86 1
96 18
50 66
33 82
16 21
31 10
20 11
74 82
98 9
69 96
68 42
30 67
78 45
22 72
40 42
85 76
7 21
48 74
68 33
98 62
63 17
90 96
37 74
31 59
57 16
71 59
28 32
56 9
88 1
72 60
38 39
59 32
65 32
89 58
31 23
44 38
70 54
37 99
75 47
47 28
96 10
6 29
43 77
98 44
38 2
87 68
5 28
26 90
11 79
64 24
89 99
77 23
56 41
67 65
3 49
77 49
95 1
69 3
30 56
61 88
20 76
50 94
89 13
7 13
14 47
93 78
45 44
12 37
17 12
55 72
10 6
19 23
74 94
41 82
27 17
71 41
22 25
32 36
52 30
42 43
45 6
97 71
88 59
56 16
76 52
55 23
10 39
57 1
17 16
65 16
38 14
59 37
68 55
60 77
76 21
82 84
85 8
20 89
50 3
16 60
41 9
5 17
45 5
80 54
36 98
95 39
14 55
47 30
30 51
93 70
37 86
68 61
55 42
87 12
90 39
26 53
17 50
15 11
21 41
38 52
44 64
64 71
20 64
40 83
75 68
47 40
21 3
61 79
58 17
19 24
72 32
25 9
2 19
43 58
30 21
2 15
61 84
71 91
80 92
3 63
99 22
73 14
62 58
1 20
49 4
33 75
11 57
35 65
45 56
85 18
42 53
88 82
28 35
35 89
38 10
45 40
35 19
47 87
29 23
19 50
6 75
82 63
62 54
33 1
63 26
72 7
70 46
13 24
57 92
32 71
29 15
70 77
77 53
11 55
50 7
43 55
95 89
43 88
41 5
43 95
78 20
70 32
82 23
75 11
96 80
81 26
96 97
25 91
20 4
92 72
66 98
98 87
15 59
99 81
27 82
84 89
15 23
12 63
48 82
96 41
26 32
37 18
73 80
96 60
29 87
