100
532 519 817 738 110 497 412 118 948 394 969 274 823 98 682 536 278 714 405 261 475 272 866 774 479 157 147 404 140 482 606 946 40 793 431 142 355 717 24 522 484 149 452 328 108 659 286 608 88 677 978 440 692 8 617 336 779 806 14 738 61 127 479 810 246 239 600 521 675 845 701 908 968 295 130 219 894 667 689 681 615 941 890 657 165 342 810 8 947 961 325 828 816 396 290 598 878 603 318 59 
20
72 267 338 811 97 509 178 999 105 683 158 349 499 80 214 941 479 509 593 606 
1000
80 79
67 61
4 33
50 51
50 67
44 96
65 52
71 62
1 26
62 37
17 27
83 41
54 34
11 35
93 41
49 91
60 37
5 87
50 5
77 44
91 43
83 32
68 44
87 20
16 19
67 9
60 3
36 41
22 32
7 49
52 49
84 49
85 15
32 10
44 30
62 24
89 61
49 20
71 53
70 55
91 31
45 4
28 86
88 1
65 51
1 19
88 52
77 28
56 53
2 77
61 43
29 40
64 27
70 24
16 23
57 50
58 78
75 47
89 76
59 65
52 46
94 15
47 13
71 33
1 3
55 50
79 4
77 93
93 87
55 88
79 93
18 99
76 48
83 70
50 48
87 97
68 39
24 5
32 97
20 35
75 12
81 1
14 65
70 35
77 69
4 29
46 14
67 18
10 62
54 73
25 79
56 25
3 31
39 95
24 40
10 90
34 5
82 31
16 17
68 30
16 22
1 51
2 37
86 12
87 13
24 48
52 60
4 92
37 40
97 75
88 90
15 54
51 85
77 86
82 24
82 14
67 64
91 59
52 70
89 55
45 16
42 96
71 18
70 63
39 8
52 68
93 1
0 82
51 24
28 65
42 37
27 74
47 39
71 77
38 48
66 20
58 69
5 99
91 28
2 14
0 85
5 65
99 0
47 81
16 52
83 43
97 29
81 28
17 49
83 36
31 35
19 42
55 4
52 42
80 1
10 77
54 75
50 85
51 6
0 14
94 50
38 60
14 72
14 40
14 60
48 0
56 74
23 41
19 95
20 2
26 88
96 3
15 77
97 58
96 4
37 45
42 75
32 94
97 80
86 3
7 70
8 70
85 30
95 30
10 26
40 43
50 13
26 83
4 91
8 32
95 4
78 7
6 97
44 23
64 58
14 84
15 98
57 9
7 65
78 66
94 52
22 85
52 56
29 8
36 32
70 1
93 53
70 12
23 51
44 71
69 92
24 78
93 26
28 5
5 54
25 61
2 58
9 39
97 47
99 21
68 3
46 0
59 0
9 2
57 29
2 13
80 56
57 46
19 73
78 1
88 45
24 41
52 17
99 10
40 95
91 83
22 31
6 72
45 60
91 39
51 93
64 78
48 30
85 67
25 95
93 55
49 31
64 14
49 33
56 65
84 10
45 75
36 16
17 32
61 68
24 36
72 81
75 55
88 43
70 3
94 12
93 18
91 96
16 30
70 45
89 49
37 80
62 67
78 67
99 56
38 37
44 12
79 33
59 57
45 77
66 60
3 30
47 52
95 67
84 13
25 1
15 86
8 9
33 54
24 10
35 57
96 25
13 35
75 28
31 70
14 55
11 2
93 47
22 65
71 69
80 65
41 35
87 23
98 74
94 61
7 86
9 82
4 52
47 37
50 35
34 30
52 35
20 17
76 97
26 53
35 85
96 31
89 4
51 76
91 1
39 65
87 26
93 25
45 47
2 5
59 73
23 86
13 38
45 43
31 30
31 92
47 44
64 60
3 8
58 75
42 83
27 58
51 10
32 9
77 37
17 29
20 63
96 38
86 80
28 55
93 66
16 7
72 31
24 91
36 69
88 24
72 92
32 6
88 97
65 4
22 78
38 52
71 96
69 2
11 83
37 83
36 8
93 82
56 83
77 48
58 7
58 70
21 79
25 43
67 72
34 4
61 52
22 84
56 32
56 33
57 37
15 26
83 30
26 8
54 58
83 13
33 89
44 67
29 70
76 85
17 84
29 24
42 16
25 17
5 39
30 56
93 69
73 8
56 38
95 88
67 43
20 10
77 16
92 98
82 95
14 29
56 64
91 78
24 0
21 17
16 88
89 95
2 56
94 3
47 24
2 0
18 63
92 8
45 51
26 70
97 90
12 15
6 41
91 29
25 85
92 77
89 40
11 27
20 74
12 65
33 37
16 6
65 1
87 61
30 11
2 76
7 77
37 5
35 0
73 61
50 21
91 51
63 77
6 59
7 53
26 69
71 35
28 87
68 12
71 61
9 5
12 3
26 73
30 86
38 66
85 64
87 14
55 22
18 56
63 83
23 58
62 84
1 52
56 10
17 30
91 72
4 30
78 73
69 11
93 31
62 52
75 20
73 22
16 96
9 94
66 47
61 30
77 4
17 76
2 63
29 99
3 17
3 46
5 66
42 90
88 74
95 12
65 87
24 35
79 83
22 71
40 81
15 44
30 25
38 63
88 56
49 95
61 49
32 49
9 7
64 50
45 36
62 45
83 86
49 13
11 85
51 58
12 55
14 15
0 47
38 17
62 56
84 7
84 31
64 12
34 82
60 41
18 65
78 37
61 41
95 28
27 82
16 83
63 46
65 24
22 48
84 35
82 19
21 10
5 59
67 87
80 89
55 18
17 80
97 46
9 78
93 9
76 41
85 48
3 47
37 93
79 99
41 64
30 39
23 7
24 33
2 3
22 50
40 92
66 68
19 46
81 98
18 39
54 96
46 56
20 45
90 34
69 90
91 52
18 54
54 39
34 6
71 26
60 96
77 36
77 78
58 66
34 61
55 15
85 4
70 75
45 10
44 35
67 90
23 45
89 31
34 21
18 80
37 34
40 76
82 58
23 53
88 21
67 34
77 76
92 9
6 35
24 90
55 20
44 9
33 7
74 37
41 65
75 59
26 86
50 81
37 4
79 15
52 0
28 1
2 21
26 80
86 46
0 27
88 86
1 9
53 43
24 34
80 77
66 61
12 97
31 97
57 19
52 78
54 46
59 7
83 51
15 78
19 14
75 43
28 40
11 75
2 38
66 87
17 79
34 93
6 23
66 71
2 88
70 64
64 46
14 21
98 4
91 90
83 45
98 20
27 12
55 61
14 88
42 29
51 86
84 12
66 46
42 15
39 32
65 21
70 78
81 36
36 6
65 93
76 30
89 92
95 57
75 90
8 37
82 59
24 75
15 43
66 81
96 97
49 39
46 38
94 84
80 22
85 31
7 85
42 10
21 80
10 59
10 12
52 87
82 62
47 90
74 15
36 39
73 18
29 88
92 58
92 61
46 98
45 63
40 15
14 97
33 76
21 38
39 50
28 79
28 25
43 10
17 67
56 43
73 91
65 16
91 66
92 15
40 33
34 95
68 43
95 84
15 52
85 6
32 14
8 18
17 26
33 95
49 86
92 20
68 98
93 99
23 76
91 76
28 64
36 59
23 89
26 43
83 19
52 89
32 89
65 27
57 63
72 42
69 27
18 78
19 7
56 51
77 82
57 86
86 72
61 85
78 88
52 19
91 95
84 78
82 85
92 96
93 50
77 46
17 60
23 98
54 70
70 9
97 25
29 35
45 35
96 30
14 83
46 11
10 30
1 94
65 83
2 65
12 19
1 96
84 67
47 77
31 56
95 76
3 32
8 63
20 30
46 76
61 96
15 5
77 12
85 99
40 74
82 64
87 42
33 3
84 44
61 12
41 1
39 42
30 18
6 67
83 80
46 33
39 71
22 97
30 5
53 35
41 30
89 86
2 17
97 11
4 3
13 14
40 94
86 48
43 3
81 0
41 42
26 72
95 97
29 93
65 40
61 88
32 33
78 89
87 9
95 29
91 34
74 26
84 11
11 33
59 62
76 10
41 89
58 38
54 16
4 42
60 83
96 17
15 76
79 52
16 57
71 42
70 66
67 19
43 21
22 14
66 23
20 33
68 9
36 31
73 58
84 82
46 72
33 47
80 40
58 57
88 58
75 23
9 34
44 52
59 52
48 83
29 7
70 84
94 62
8 20
44 98
0 80
95 22
68 49
38 84
24 37
3 63
23 20
1 13
95 48
51 62
17 8
38 78
83 12
90 70
60 65
79 98
97 20
61 36
63 78
48 25
33 97
82 57
73 86
93 57
72 36
97 2
53 52
4 1
36 30
53 86
2 22
62 42
39 98
87 0
24 85
5 78
54 90
18 83
26 57
16 10
44 69
48 94
93 22
76 53
3 36
40 45
98 84
70 39
8 58
50 15
58 71
58 61
49 14
32 58
99 39
36 93
45 14
85 58
38 32
21 53
71 73
2 96
79 58
83 5
26 67
33 48
8 33
87 68
80 45
18 19
54 79
49 93
74 99
2 50
69 52
96 65
80 44
13 57
33 51
35 34
51 13
72 13
55 76
40 71
75 56
28 54
37 94
29 68
0 44
35 33
99 91
27 88
69 7
89 64
75 76
59 40
96 29
42 82
35 76
72 7
50 80
47 38
74 61
18 61
5 68
29 10
63 17
33 34
35 16
18 88
57 41
36 43
75 33
20 51
9 55
16 28
22 82
98 99
50 8
12 98
34 99
37 23
88 87
71 98
5 19
53 67
54 49
38 67
56 36
42 43
91 97
67 12
45 72
94 2
89 38
7 46
17 56
81 70
64 90
3 28
16 90
95 64
97 19
6 93
73 65
89 53
12 89
42 38
32 84
55 24
1 85
77 20
81 17
57 53
75 41
86 24
24 73
3 10
12 28
18 72
90 78
89 21
71 30
82 78
24 46
69 23
2 48
40 17
