100
942 766 695 945 36 767 620 554 249 133 498 758 217 393 45 782 420 848 13 572 287 666 295 701 760 966 792 826 812 232 745 988 904 91 993 33 970 754 780 255 251 318 533 956 129 203 789 118 771 597 720 707 661 822 319 776 403 251 823 865 383 820 219 407 311 634 894 869 272 776 699 395 190 851 122 240 951 889 476 182 174 263 671 115 65 790 700 926 293 358 405 305 278 269 497 408 288 40 311 824 
20
598 552 770 215 616 928 313 777 400 128 829 448 905 507 919 478 537 999 718 957 
1000
83 9
73 29
54 50
80 56
14 30
13 5
10 75
46 76
70 67
37 79
64 96
49 1
8 96
92 72
22 72
3 80
84 22
47 9
13 92
66 10
60 91
83 51
49 3
25 3
27 90
86 1
88 55
11 76
95 23
38 89
88 57
99 7
41 3
82 80
65 9
13 6
38 18
36 14
29 68
84 14
89 65
27 93
93 92
38 67
56 8
72 36
42 71
77 0
24 34
18 62
34 6
11 77
90 19
5 94
51 65
77 86
85 51
43 16
42 18
54 90
4 25
91 94
8 50
56 97
25 92
71 11
53 84
52 55
37 53
2 71
48 16
85 70
41 21
84 89
83 94
67 95
2 24
60 61
41 23
3 43
72 25
9 17
9 5
34 94
82 83
31 42
57 41
9 74
21 10
66 85
62 13
99 9
37 3
29 27
29 64
44 27
74 59
69 95
60 83
30 39
4 98
59 4
65 88
57 66
0 7
85 16
37 5
15 66
80 85
97 13
3 53
92 99
97 72
64 92
35 59
64 39
91 66
22 19
64 49
90 72
84 72
15 75
84 59
81 71
19 45
29 79
95 45
82 77
36 57
42 14
9 11
54 88
71 50
85 53
31 76
60 56
79 52
68 0
41 29
93 89
3 65
3 87
53 46
1 6
58 61
86 69
38 80
67 63
80 10
33 2
29 62
7 8
36 84
81 17
84 29
73 43
14 53
73 69
33 96
90 49
44 99
60 73
26 91
74 42
98 11
82 91
58 78
67 59
81 59
39 56
15 43
26 28
84 52
21 61
94 68
89 27
95 49
49 69
69 59
41 88
51 46
5 79
33 98
87 19
43 11
81 23
55 83
50 16
82 53
92 89
91 64
9 7
36 20
39 57
46 77
19 75
63 37
26 53
94 7
96 86
91 21
18 45
7 70
45 31
15 65
79 6
6 33
59 46
14 66
38 94
7 43
56 65
91 52
49 82
30 36
56 46
17 54
27 96
63 45
30 58
41 15
54 59
46 80
81 82
95 90
12 27
28 48
47 24
15 83
34 70
27 18
93 91
43 62
31 67
99 27
22 13
14 88
11 95
30 94
92 32
53 98
34 33
36 99
36 6
24 83
20 18
34 20
30 96
84 37
81 80
9 97
18 66
61 80
96 26
42 90
64 15
67 43
7 16
74 50
88 32
92 42
11 22
36 16
41 0
91 74
13 34
40 58
8 25
48 50
36 62
12 78
36 37
22 49
62 42
27 59
52 11
0 91
18 23
88 58
48 91
11 21
72 70
19 66
66 45
17 78
77 66
27 69
99 4
69 48
94 0
10 4
7 30
72 46
95 5
60 69
41 73
13 7
6 94
96 40
11 64
56 75
49 70
9 61
2 32
41 68
86 38
14 43
74 2
95 72
43 49
46 34
16 95
60 80
41 30
12 62
34 21
39 47
53 44
80 67
47 7
55 87
2 36
11 28
82 23
2 43
44 6
56 25
67 28
97 62
29 26
20 81
53 9
9 57
14 29
99 18
82 56
75 31
24 58
25 9
16 74
53 65
21 83
36 32
83 56
32 31
91 8
93 24
18 39
24 72
45 76
46 68
82 93
13 58
33 63
75 16
4 16
17 22
35 83
55 80
4 84
18 34
71 85
39 81
65 76
61 78
96 53
93 54
5 77
47 94
73 0
56 7
64 41
73 13
13 19
52 31
21 5
46 58
46 90
73 31
56 96
26 45
31 2
28 90
90 12
40 97
47 91
81 98
49 67
1 50
97 49
12 36
3 96
48 54
63 44
88 26
41 39
12 10
38 24
15 82
91 5
74 18
23 91
78 30
90 37
34 10
83 87
97 37
41 45
4 24
47 21
9 13
16 41
72 82
59 66
41 74
61 20
63 1
97 11
98 37
52 16
84 63
4 64
66 61
28 17
9 58
33 97
80 15
94 11
18 82
45 96
62 76
93 25
98 40
74 89
87 85
12 22
72 0
9 48
9 50
21 55
37 70
64 34
49 31
8 93
40 66
79 7
56 85
58 60
33 14
14 50
75 42
55 40
86 2
24 94
50 40
66 8
84 24
57 98
59 71
27 33
57 33
30 31
50 87
97 3
52 12
94 2
53 51
55 49
55 89
25 54
24 85
85 75
53 76
25 46
1 76
39 4
9 75
79 44
81 92
2 99
93 61
83 59
46 21
2 60
27 74
38 4
81 3
89 43
80 40
42 69
54 53
76 21
31 74
25 62
31 46
72 9
88 98
17 31
5 86
1 53
79 46
37 54
52 86
95 38
1 74
72 57
28 59
57 51
48 32
4 19
19 42
9 87
45 91
14 17
62 96
73 88
65 10
40 87
26 50
87 78
90 60
41 92
16 23
55 51
47 20
27 36
44 1
25 84
56 86
88 68
22 93
81 26
35 89
43 35
61 88
46 12
5 2
17 41
82 76
92 40
80 93
50 27
95 83
53 18
62 83
22 30
6 20
75 64
12 50
7 36
39 88
31 29
63 19
44 90
93 28
64 25
65 82
25 7
38 66
98 70
57 43
83 7
32 94
75 13
23 42
55 79
12 85
26 22
36 89
54 42
51 74
92 78
85 47
34 25
63 18
44 88
69 88
32 41
61 63
91 76
58 22
44 82
21 73
75 30
72 98
98 12
9 79
42 77
39 43
3 36
93 20
33 39
95 73
5 46
84 70
27 7
8 59
62 46
70 23
2 59
6 40
13 45
79 51
55 23
93 48
54 56
98 46
33 67
60 38
57 34
79 32
2 35
39 20
34 53
91 12
6 49
56 23
71 54
43 92
7 20
54 43
49 50
54 86
13 20
4 83
91 96
69 34
58 36
67 10
5 11
86 57
4 79
60 89
74 53
14 40
6 29
35 46
66 31
55 1
44 60
98 0
12 39
41 66
11 33
73 11
60 17
32 26
95 51
59 48
64 54
28 95
52 7
13 27
4 34
8 12
0 19
40 81
79 15
80 66
33 65
46 44
6 48
36 91
10 48
37 50
68 49
77 13
25 79
57 27
31 64
52 2
67 81
35 64
23 6
44 7
29 95
12 96
17 75
85 25
4 67
21 27
39 40
57 84
61 24
98 18
56 35
98 62
19 58
28 99
46 37
51 23
15 29
90 88
41 53
13 48
42 9
17 3
33 12
54 61
97 16
52 23
36 15
24 95
17 62
80 36
26 71
62 68
77 68
98 67
13 43
32 50
18 92
8 52
43 64
2 45
44 45
92 52
38 40
36 5
67 57
60 24
61 44
86 62
10 79
29 19
55 25
58 11
80 69
27 37
26 90
86 76
68 84
63 26
98 51
67 23
10 77
71 80
1 15
97 45
28 65
8 94
75 14
82 13
16 0
47 63
33 22
69 11
99 20
95 52
50 28
9 77
42 25
7 18
44 55
23 61
17 48
47 33
84 42
50 3
77 53
23 53
52 51
42 21
12 89
56 44
57 77
79 81
98 22
4 63
75 79
31 0
4 42
33 74
85 78
21 32
46 16
67 66
22 83
47 67
3 94
73 79
58 97
4 65
81 4
89 26
51 37
47 73
18 25
89 52
45 24
61 49
68 22
95 75
66 98
47 84
57 59
93 94
29 85
99 57
88 36
85 11
45 29
37 4
5 18
77 26
80 34
66 99
74 57
16 18
48 85
69 33
1 89
55 48
77 25
26 3
95 40
98 15
17 69
16 60
62 52
72 4
39 91
75 96
87 2
23 8
86 13
28 56
75 91
19 93
56 13
65 91
63 55
93 13
46 47
86 17
20 76
50 64
89 11
43 59
9 45
46 22
23 47
39 49
28 3
41 79
59 9
84 0
68 19
60 10
74 60
24 86
60 7
75 36
88 23
31 8
12 2
77 75
80 31
58 2
21 92
54 76
15 73
86 36
71 73
99 74
81 21
58 43
76 71
51 6
5 34
32 7
71 62
82 71
33 83
9 29
98 17
95 37
59 63
4 9
32 18
64 72
27 4
12 86
86 6
35 18
41 95
17 19
14 5
82 62
7 21
28 30
20 2
15 85
66 34
21 43
77 79
89 71
48 67
96 68
60 40
58 35
28 42
78 62
83 11
83 57
50 55
53 0
76 95
35 39
70 43
16 99
19 65
16 91
78 28
52 46
8 83
41 12
99 46
15 6
27 34
3 92
27 22
72 80
79 30
65 26
89 9
87 88
72 59
83 20
46 89
42 6
96 92
0 5
16 59
41 9
2 77
58 65
65 46
71 61
91 98
94 89
37 20
80 51
88 15
65 86
64 23
94 12
88 74
59 5
91 14
35 96
52 61
12 28
87 11
48 40
54 60
42 35
54 13
84 13
18 95
18 77
79 62
19 81
95 39
34 96
47 88
89 73
29 92
64 66
48 92
48 72
91 44
45 48
19 86
62 19
66 72
88 12
73 64
86 92
25 21
31 83
45 6
19 98
34 68
65 52
59 15
3 60
33 48
23 26
75 22
56 19
70 65
25 47
42 15
62 81
74 75
82 61
43 55
88 9
27 77
