100
377 119 232 48 121 885 392 91 880 117 700 82 381 568 17 565 684 221 103 795 207 559 473 619 799 309 347 835 628 696 892 836 938 151 242 949 780 705 226 971 625 270 64 35 230 928 62 537 477 166 238 592 473 242 967 584 249 818 635 896 241 135 913 648 120 88 106 695 658 195 986 776 443 689 131 610 205 52 631 196 388 988 386 764 982 160 725 48 390 555 406 218 73 986 431 825 332 64 347 725 
20
843 788 75 119 601 971 911 375 635 307 105 78 413 994 616 272 803 710 117 112 
1000
67 79
93 73
87 72
86 52
57 90
45 21
74 5
18 79
27 96
34 14
62 52
20 64
93 61
83 74
50 63
51 70
44 29
53 37
70 13
75 4
79 94
79 22
90 50
52 41
95 25
41 68
6 86
53 21
59 75
66 60
50 83
12 10
12 88
39 92
88 16
98 89
53 95
86 13
12 44
63 58
47 20
81 44
55 14
43 59
60 63
64 62
84 38
0 83
96 72
33 52
77 71
99 62
5 94
69 17
0 13
19 38
55 72
95 14
57 60
55 98
74 62
74 12
78 62
47 96
2 9
16 97
74 46
53 20
77 10
42 47
2 93
45 36
10 92
53 57
36 83
29 20
55 32
44 68
28 87
19 30
9 54
8 21
68 77
52 70
45 90
19 35
28 64
47 21
12 87
46 69
6 96
5 91
27 8
55 90
3 10
41 9
85 12
20 16
63 74
2 12
40 10
55 40
13 7
59 95
29 40
10 93
65 81
60 58
27 55
52 17
43 97
81 91
63 59
72 74
95 44
66 95
92 66
95 57
22 24
78 98
71 81
22 25
39 47
9 39
87 74
41 51
64 15
85 24
59 22
5 22
58 14
98 45
10 99
1 54
58 91
61 43
48 60
74 35
65 15
98 96
24 15
89 33
64 26
2 91
59 36
28 33
6 47
57 40
30 39
91 26
99 33
34 90
32 30
59 69
11 19
73 91
11 85
75 35
25 56
45 8
17 82
55 59
27 82
11 96
75 77
34 66
26 27
80 79
0 82
38 73
55 6
4 62
72 61
21 91
92 23
11 65
31 10
15 81
24 75
92 20
15 32
91 75
62 23
55 85
19 95
10 41
87 27
51 74
96 65
3 91
35 61
56 49
43 7
91 12
20 56
58 34
24 72
9 97
68 72
76 72
61 86
70 22
89 50
10 60
93 99
89 7
4 14
8 63
72 94
37 51
42 2
58 83
22 33
7 44
55 75
11 32
92 84
95 70
88 45
31 42
53 78
77 55
92 80
82 76
38 14
31 4
9 1
86 59
28 0
0 49
58 52
5 85
60 20
57 67
90 25
9 14
59 18
33 45
15 95
56 35
17 71
88 47
65 63
54 92
52 66
42 22
1 41
86 8
52 69
76 90
27 92
94 23
13 40
50 65
7 50
25 67
82 94
82 10
12 82
64 0
89 38
93 88
99 47
77 29
95 47
85 16
20 12
90 26
99 17
12 48
65 16
43 83
43 30
20 82
94 73
87 77
20 6
39 48
5 78
84 4
35 83
9 48
14 49
19 31
79 31
8 51
9 0
2 80
42 11
79 2
31 99
52 74
43 60
46 77
44 30
86 16
96 82
48 62
32 64
26 78
83 7
54 40
16 95
8 19
21 96
31 65
80 35
16 7
38 98
33 79
62 44
22 90
1 17
25 24
45 57
3 33
49 96
3 4
7 71
38 95
94 20
71 62
24 73
27 10
47 85
92 3
57 30
93 29
86 29
42 17
1 85
92 45
25 63
24 31
39 40
53 3
6 48
88 54
28 53
57 55
32 62
27 97
59 78
16 61
91 49
72 27
46 78
80 66
28 76
5 24
67 23
56 37
79 34
77 59
55 35
1 38
30 95
90 53
17 75
84 79
65 46
79 87
86 73
85 69
18 65
1 10
27 63
62 94
51 9
87 57
81 84
6 24
75 53
39 60
26 29
72 88
61 14
42 41
55 26
91 11
61 57
30 66
30 77
79 44
12 63
53 5
72 16
80 71
44 86
6 89
38 90
14 43
39 84
23 45
73 84
35 89
35 66
82 81
6 42
7 52
51 13
51 36
60 44
82 8
65 67
33 17
48 79
92 40
57 38
76 66
70 40
2 14
11 61
6 78
32 40
50 76
31 15
78 64
22 95
89 59
4 64
1 6
67 47
73 29
47 13
25 47
12 42
28 70
67 34
75 69
56 8
75 30
98 18
24 64
28 24
99 26
88 68
2 16
48 70
33 81
4 63
22 17
12 80
24 74
65 70
80 49
90 65
84 87
6 62
80 20
22 88
87 86
17 5
18 82
96 69
5 43
5 76
73 65
72 45
74 81
79 98
50 57
55 56
12 94
58 2
45 75
24 97
49 84
32 33
6 71
16 55
99 90
59 25
23 4
57 65
28 12
7 73
27 41
43 74
90 75
12 71
50 73
45 38
54 78
83 38
7 42
87 60
4 40
45 4
35 53
26 96
35 2
47 19
74 21
76 57
2 50
81 1
96 90
47 22
9 47
72 5
11 30
34 30
90 54
82 90
1 35
74 13
50 35
2 34
59 54
48 80
50 92
42 4
28 74
33 53
17 97
1 2
82 6
59 84
92 44
49 83
69 23
58 93
45 16
79 91
3 19
63 76
69 1
41 40
56 77
93 37
28 60
73 68
21 9
3 62
82 52
34 18
54 49
63 33
26 54
52 27
80 32
68 36
45 3
84 25
31 34
72 85
78 31
54 76
92 52
71 52
29 39
33 16
13 15
65 55
60 67
94 3
13 24
4 25
24 26
63 22
46 23
67 9
77 98
4 33
24 67
47 66
84 98
97 15
43 3
91 22
49 7
67 87
51 90
79 64
11 14
46 85
10 76
75 74
0 84
52 16
90 48
8 97
72 71
85 49
0 23
61 8
59 17
32 35
67 84
29 48
94 13
24 66
5 36
31 20
58 28
86 26
21 19
18 45
25 73
73 85
47 14
62 79
18 17
67 18
69 13
98 39
79 82
25 39
96 15
6 50
58 39
44 67
36 35
73 17
69 74
8 1
87 2
46 71
47 44
68 58
45 93
97 44
43 13
59 61
43 22
34 35
62 58
15 55
71 14
71 68
32 70
0 2
55 50
2 71
53 67
77 63
95 83
74 71
19 81
57 89
77 95
28 63
87 52
38 91
68 63
72 4
49 33
19 50
57 51
5 96
92 72
18 70
90 43
24 86
57 54
7 1
72 67
88 20
65 40
91 66
16 3
45 40
69 53
2 64
60 19
56 67
63 66
41 89
90 18
85 90
85 44
86 75
61 85
52 55
3 85
8 18
49 77
6 60
97 23
79 32
32 22
83 19
4 96
26 50
78 90
24 93
66 49
78 68
1 59
74 44
79 24
6 74
80 8
4 19
36 42
62 84
21 36
65 74
80 13
96 18
82 43
66 58
54 66
66 42
68 97
81 62
26 21
77 41
50 82
62 66
39 83
33 68
42 3
42 33
64 47
87 36
84 45
24 89
38 79
78 22
37 84
19 52
94 35
85 94
55 80
17 78
11 5
17 34
43 27
38 96
81 40
26 44
14 86
80 54
94 59
48 28
35 90
96 57
94 83
94 68
60 75
70 99
81 96
39 34
60 29
35 63
55 1
32 57
30 10
17 65
15 61
60 22
31 48
77 62
15 46
99 94
77 54
78 94
10 86
88 63
6 7
68 25
61 52
95 31
11 2
25 12
60 13
16 35
10 58
58 19
13 99
68 12
99 34
28 97
48 16
84 99
25 89
75 66
52 79
9 90
49 30
84 86
45 63
74 91
69 3
74 47
93 30
59 82
27 20
25 49
85 75
72 19
40 16
85 74
28 93
29 9
0 80
38 59
8 9
91 72
31 35
79 17
91 69
89 28
77 45
4 16
78 91
38 41
31 30
56 76
24 95
24 58
29 10
3 17
76 78
48 44
30 59
8 77
56 15
6 12
68 99
64 30
96 40
82 67
7 41
47 55
94 40
55 96
50 13
6 98
10 88
51 26
32 18
68 18
94 74
0 48
30 27
62 90
66 65
31 6
90 2
21 66
95 26
23 81
67 28
83 13
78 27
1 0
65 25
14 36
21 50
21 67
69 72
60 12
15 86
29 55
35 6
15 66
47 57
68 59
10 23
68 48
4 26
59 23
60 81
87 68
55 4
52 51
71 53
45 91
36 47
66 98
45 66
14 28
43 80
98 80
69 19
35 43
6 76
25 19
92 7
54 79
41 28
80 25
9 33
50 12
11 72
63 38
27 35
25 86
1 65
47 1
45 26
49 3
60 53
45 35
6 39
86 20
35 68
40 73
44 3
13 37
66 83
40 24
29 23
52 67
65 2
8 55
3 97
82 29
97 0
98 34
67 93
2 70
29 16
81 27
83 93
53 32
78 11
90 56
60 86
0 10
77 73
82 41
12 89
54 67
17 39
99 82
87 94
8 81
17 9
43 51
56 12
71 5
67 59
72 1
43 71
81 93
75 52
3 65
25 55
3 1
31 76
40 47
98 8
40 79
74 76
50 56
64 61
95 49
72 9
4 76
6 64
79 41
42 52
69 82
31 7
50 0
45 12
38 8
34 86
45 11
78 33
64 88
16 47
89 0
14 56
55 94
49 52
32 2
39 85
55 71
54 31
25 31
41 22
96 70
60 89
33 29
96 67
48 57
27 89
26 79
21 65
83 44
84 69
92 8
82 3
98 76
77 24
95 7
53 50
25 10
43 33
81 99
49 78
27 48
88 13
31 5
66 22
