100
845 323 108 114 846 756 766 728 134 407 529 310 62 484 845 8 641 978 726 736 783 479 666 148 170 426 170 593 149 336 155 387 379 759 182 71 151 821 652 37 177 335 247 784 229 295 669 921 155 719 193 254 332 214 669 134 261 182 447 836 27 415 83 856 883 443 467 938 128 665 249 441 927 792 201 715 730 636 333 764 105 171 476 108 414 46 506 524 293 305 404 196 55 911 522 578 418 14 858 750 
20
669 233 203 649 910 992 95 842 599 252 980 39 79 132 266 895 53 290 282 800 
1000
76 44
1 80
93 72
91 54
50 11
34 9
30 62
7 11
79 72
83 13
81 85
34 72
16 98
63 22
64 89
79 62
65 51
37 1
74 71
91 33
5 10
88 2
84 25
17 14
21 14
10 79
81 44
48 88
19 21
56 79
75 94
43 66
18 60
49 47
29 5
78 71
57 34
88 87
68 39
6 37
74 87
58 69
72 57
21 30
79 14
70 3
87 99
55 79
28 73
24 95
65 84
14 71
19 22
28 47
16 72
64 83
83 26
74 31
32 26
39 64
56 82
23 51
48 85
1 72
70 42
27 28
21 42
66 6
41 80
42 37
18 70
34 64
49 21
84 69
91 79
72 66
80 95
86 53
98 25
32 85
66 62
82 5
46 71
43 89
2 55
14 89
77 2
17 7
94 86
37 81
49 98
92 12
62 83
80 87
35 91
71 21
60 33
99 52
76 40
46 69
80 60
50 76
25 67
80 98
97 47
0 98
1 4
92 0
31 26
96 9
37 27
41 15
55 96
35 97
46 74
96 26
70 16
55 72
48 25
65 24
97 39
70 80
63 27
74 53
90 97
96 31
90 22
49 97
92 56
49 52
33 71
95 42
64 54
90 83
71 72
23 89
10 48
73 24
28 71
46 64
83 94
10 71
67 89
29 91
74 67
40 4
35 24
9 13
85 58
6 59
90 93
6 18
59 23
66 95
92 87
63 31
76 91
18 58
17 52
22 20
75 48
76 51
94 65
41 50
2 36
18 83
93 80
40 36
78 10
34 61
46 90
73 18
52 91
80 5
68 11
7 23
24 22
77 44
62 43
26 10
14 62
65 59
77 9
96 53
20 59
2 46
56 11
44 8
92 16
95 3
0 60
62 71
18 81
35 5
76 67
46 81
26 73
27 9
46 65
73 7
54 79
21 29
97 44
95 53
64 3
24 10
74 21
88 99
99 42
14 67
65 41
45 95
96 63
61 97
16 38
5 11
95 85
61 91
26 21
39 71
33 1
68 62
41 94
28 46
2 54
41 27
47 74
53 52
97 25
2 97
46 68
96 89
88 4
2 95
70 25
1 32
6 41
33 0
9 91
28 98
70 47
46 26
31 71
79 61
93 51
98 70
61 36
42 3
50 75
29 83
72 33
69 97
57 52
27 66
14 57
0 24
21 99
30 98
88 84
15 20
54 43
83 45
19 94
34 41
0 28
41 1
70 75
52 35
13 56
14 46
5 57
8 42
10 30
57 55
86 61
39 25
27 40
59 41
14 49
39 9
23 43
72 0
66 92
39 73
45 70
72 47
2 99
21 41
67 28
4 58
34 37
89 6
45 92
36 31
32 78
52 0
47 91
68 36
23 98
94 24
77 41
47 35
55 64
19 7
21 77
38 25
20 36
44 61
79 39
49 92
99 53
72 77
1 84
59 49
79 42
2 12
39 35
86 6
20 23
35 80
94 56
56 65
76 18
35 65
89 15
77 88
61 66
16 61
62 2
0 44
37 64
32 57
38 24
28 62
84 24
91 64
85 13
96 92
38 26
43 63
16 57
86 65
25 86
36 84
3 11
50 83
89 82
69 60
73 58
8 56
85 40
86 73
49 51
91 71
15 78
6 15
32 13
19 70
62 67
56 95
47 27
27 11
81 60
80 97
43 27
97 26
11 53
83 25
27 84
2 24
79 98
8 11
44 15
62 98
33 25
77 82
15 71
61 12
57 20
17 36
68 79
66 50
62 72
20 82
82 95
2 8
6 72
6 67
20 92
92 73
88 71
37 20
93 30
48 65
27 59
16 3
43 85
64 31
65 19
2 50
62 25
68 52
11 23
56 34
37 45
93 29
45 28
22 38
74 81
74 61
63 38
40 19
43 42
33 66
82 30
72 64
12 72
2 33
66 79
85 23
78 92
81 26
36 21
55 11
98 58
24 44
52 84
93 0
79 70
49 91
84 68
10 89
71 4
81 58
81 2
11 99
82 36
28 86
71 68
19 4
7 53
29 50
4 15
39 96
28 38
67 39
49 75
28 59
54 8
16 91
62 91
50 96
75 7
89 11
67 35
34 15
98 3
25 53
10 16
15 2
37 89
35 77
54 29
19 79
9 80
74 77
43 52
1 82
3 1
96 51
66 63
89 8
16 47
77 0
88 11
47 52
87 4
55 90
55 94
39 95
14 68
14 65
8 72
8 37
40 86
4 77
85 47
21 31
72 61
21 90
79 87
24 18
61 68
66 28
92 57
54 50
44 5
81 64
31 9
60 13
15 66
99 37
55 97
52 83
55 47
50 4
38 31
52 5
95 65
17 89
52 73
89 25
36 3
48 41
98 43
7 9
39 33
99 3
4 36
80 20
67 51
80 85
27 87
32 98
79 22
10 99
63 57
20 73
93 78
59 74
94 81
49 67
18 9
44 75
86 42
59 85
33 20
96 59
6 84
56 40
61 10
62 94
45 50
71 25
94 90
35 71
43 12
28 72
80 74
13 92
13 98
61 7
91 43
73 59
67 46
28 19
15 55
9 85
26 41
1 67
43 76
91 63
13 74
24 66
87 29
34 55
56 0
47 64
84 56
13 75
3 20
69 89
9 46
73 90
67 42
77 3
23 95
91 74
61 80
99 17
32 68
86 22
62 35
9 36
13 44
83 3
49 24
81 52
35 10
72 60
32 59
70 34
75 60
50 30
8 3
34 21
23 30
70 85
61 21
56 4
24 55
33 50
77 34
94 48
86 26
54 31
16 30
15 63
57 69
71 86
40 14
92 6
11 75
93 5
61 32
86 83
59 8
60 55
82 38
64 77
70 69
33 29
99 22
34 4
72 40
47 71
6 95
19 18
33 47
67 80
75 66
64 90
6 14
20 60
35 15
13 39
90 92
85 53
75 16
94 12
4 9
23 6
0 30
16 35
37 49
53 37
76 56
96 27
32 64
96 35
63 77
95 51
83 56
38 66
29 57
38 46
44 67
10 9
10 77
25 75
60 38
17 56
34 29
37 73
31 49
36 88
61 76
95 62
32 44
74 57
49 72
21 82
98 29
40 37
41 35
39 53
3 45
90 84
65 5
19 84
65 34
23 88
12 3
8 41
18 99
31 15
52 93
64 25
94 76
51 88
68 38
6 93
14 58
71 56
90 67
8 68
11 51
82 43
48 59
10 51
94 9
82 48
79 80
50 61
61 17
46 33
29 95
30 31
50 71
32 3
54 95
83 6
81 92
6 52
6 19
45 81
24 57
60 1
63 8
62 81
84 18
44 43
65 82
21 98
43 14
1 44
25 57
97 0
47 41
17 57
36 65
83 28
3 72
48 34
64 17
15 42
2 1
39 58
94 8
10 47
50 85
43 37
1 63
88 43
34 42
51 18
33 22
75 10
27 77
84 57
52 75
61 45
71 30
95 75
45 27
10 25
84 81
52 28
7 47
99 72
17 81
88 94
3 34
4 57
76 9
72 83
46 72
14 16
80 32
96 88
53 31
50 49
87 20
12 10
65 33
69 30
8 55
42 26
70 37
94 92
91 83
58 60
91 55
83 54
76 31
11 80
55 65
28 23
82 51
40 44
96 29
25 92
72 36
32 89
1 92
36 54
79 88
0 12
29 45
93 35
39 28
67 34
50 79
18 29
20 35
60 19
77 46
21 58
83 30
38 2
92 86
5 36
52 85
4 78
8 65
13 70
30 14
75 69
89 21
28 8
32 17
19 25
13 37
82 7
9 83
85 60
81 21
79 1
52 20
57 68
53 67
53 88
18 0
2 60
91 40
47 21
22 94
86 45
13 18
98 66
67 65
94 93
35 40
94 30
25 5
9 3
45 4
88 15
29 28
43 78
75 91
9 23
50 90
91 97
57 76
5 58
67 75
9 25
83 32
31 4
1 93
89 33
58 59
31 52
49 65
52 94
7 36
22 7
78 59
76 49
64 82
26 28
41 38
60 39
70 55
91 88
44 86
77 59
71 59
90 25
60 32
6 7
27 82
52 13
28 89
72 9
83 65
70 73
16 87
38 97
39 86
23 47
31 25
52 98
16 43
54 90
21 1
76 78
97 10
61 20
89 5
14 32
35 45
9 89
9 48
5 27
82 70
89 52
27 35
89 68
64 78
59 37
20 69
66 58
2 52
14 63
48 28
92 38
86 10
16 6
92 23
23 65
5 33
90 95
12 89
98 50
78 24
12 19
4 2
79 4
16 23
82 41
32 99
9 43
36 47
57 3
89 48
29 15
42 53
7 60
59 81
25 47
72 20
89 85
27 48
33 44
70 31
3 94
48 63
82 10
66 34
74 42
47 42
58 55
11 62
16 77
0 89
87 8
23 86
99 98
59 31
21 44
51 22
40 21
37 38
45 91
87 89
27 25
6 28
65 63
90 48
47 32
38 33
20 17
32 74
2 21
93 85
5 28
2 26
26 71
63 19
75 43
97 87
83 89
95 10
96 1
54 19
79 5
70 93
76 37
41 83
49 84
4 61
12 93
25 50
65 0
68 44
42 4
27 86
46 40
