100
273 405 483 537 945 489 75 939 733 252 581 595 823 693 90 962 286 337 189 955 193 318 835 521 585 437 364 470 458 306 18 59 859 728 449 716 336 685 7 521 541 2 656 824 930 411 959 273 854 393 32 408 521 140 443 854 655 826 657 465 488 444 820 721 603 205 476 894 851 598 40 386 565 129 26 134 969 23 326 957 696 126 581 3 726 451 157 390 603 707 662 884 519 100 371 550 666 24 686 827 
20
29 24 149 17 700 205 868 261 363 461 324 652 383 466 587 973 352 378 102 989 
1000
70 99
71 88
63 92
82 93
29 9
37 68
21 5
29 44
41 73
2 9
96 25
34 59
55 10
41 25
54 74
74 44
16 34
2 76
85 21
50 90
32 85
80 69
25 79
25 75
72 43
97 27
31 99
38 15
68 57
25 57
51 92
59 80
22 29
69 6
85 56
73 81
58 71
40 57
84 37
81 75
36 28
37 76
34 43
27 58
95 77
36 53
12 61
8 20
44 34
85 73
75 99
57 15
86 28
48 41
43 30
52 58
42 96
35 19
59 1
88 26
48 90
7 23
65 45
29 69
85 1
71 25
62 93
14 43
58 88
3 27
38 68
81 50
42 5
48 0
61 69
44 32
63 79
87 98
22 81
98 53
8 73
37 67
96 89
94 47
77 3
77 45
72 40
7 57
84 69
82 72
79 97
71 99
15 94
85 27
38 9
78 8
96 3
58 95
7 12
58 22
11 77
48 21
39 24
81 2
59 85
19 16
97 2
32 80
93 31
76 45
9 3
4 20
30 65
40 33
46 19
65 33
24 93
16 41
56 38
82 68
62 48
19 20
63 51
80 20
36 7
90 75
58 92
28 73
16 50
70 28
0 24
66 77
42 35
82 39
2 38
21 98
50 69
96 81
41 9
95 65
35 76
42 6
67 50
32 55
4 25
73 66
12 87
82 41
24 17
11 7
62 5
37 44
75 18
62 10
57 66
5 61
2 78
10 61
20 92
8 0
25 80
77 29
97 77
15 59
95 18
75 1
33 30
63 99
43 90
28 5
71 15
84 60
52 44
40 3
16 10
31 1
94 85
77 43
47 23
87 40
79 96
46 40
38 34
1 27
85 5
68 46
23 73
53 80
44 42
78 92
16 12
62 68
1 61
50 63
29 86
34 48
38 18
26 34
95 8
20 18
73 52
69 15
15 25
0 56
19 1
37 69
0 91
51 43
88 48
6 97
89 25
3 47
22 23
7 47
76 8
45 82
68 35
85 61
37 0
5 52
83 14
54 70
24 50
25 95
57 91
17 14
41 95
96 18
71 66
44 86
79 78
72 49
1 56
25 5
4 71
60 1
65 32
95 21
10 6
79 8
16 90
47 9
0 77
24 20
1 96
65 37
63 83
86 12
53 97
1 38
38 62
19 69
63 49
44 63
58 40
68 1
65 10
80 1
85 79
70 49
34 22
38 43
17 78
6 31
93 28
60 66
19 12
77 67
33 8
14 27
74 95
41 98
42 62
18 71
36 41
50 26
67 3
19 49
59 62
75 14
9 91
31 85
86 37
26 68
35 47
75 64
45 4
32 27
30 61
55 71
25 55
23 97
36 27
62 0
23 25
64 96
43 40
54 14
80 48
74 63
99 85
87 24
11 64
28 65
95 5
11 26
49 48
60 73
54 86
98 69
89 59
26 16
70 22
6 49
61 95
8 7
80 97
46 7
21 12
96 98
59 19
78 44
65 77
22 32
45 44
14 42
27 21
38 0
57 19
31 21
67 78
39 31
74 76
67 13
81 23
30 66
41 66
9 71
49 81
89 1
51 86
48 96
13 82
66 93
38 8
23 38
7 92
57 22
18 59
49 50
7 25
19 62
94 58
30 91
23 24
47 36
11 34
27 61
29 4
87 46
15 63
28 29
94 74
51 85
10 89
38 32
50 1
86 68
72 41
14 64
63 81
97 88
44 28
62 92
43 46
3 48
70 48
18 36
24 84
57 88
62 51
15 90
63 32
50 91
60 83
46 72
83 76
15 50
29 21
96 45
33 88
77 84
4 40
69 55
82 19
90 85
88 89
88 31
47 93
65 18
79 99
11 33
80 34
14 68
86 21
32 25
40 80
58 81
28 72
84 54
11 27
60 25
61 4
78 60
92 59
72 84
31 91
67 12
99 73
85 96
98 51
8 3
47 76
17 65
92 83
79 91
59 4
22 39
91 10
82 69
92 48
84 14
32 2
14 55
75 66
28 6
97 90
42 93
20 13
37 89
63 31
2 21
37 95
43 0
53 89
36 8
73 62
53 27
89 43
46 55
4 73
12 83
5 26
93 74
19 44
92 35
37 2
9 54
9 16
63 33
12 72
51 44
63 90
26 71
39 92
17 93
23 15
59 81
14 74
10 72
16 40
1 65
23 3
68 72
22 84
97 95
46 15
14 77
58 54
61 91
93 79
22 26
32 19
68 61
64 83
50 64
79 70
41 7
65 8
96 90
84 3
94 0
67 68
26 66
46 8
29 24
27 37
88 63
78 97
88 60
66 76
29 43
28 83
74 30
35 91
55 9
2 89
54 83
99 42
89 98
97 16
31 94
96 93
82 58
38 84
35 14
71 63
44 56
54 30
53 7
56 74
51 17
19 99
24 59
16 24
88 99
54 35
94 98
83 25
49 76
19 97
13 5
17 33
52 7
72 17
75 77
47 69
80 47
93 15
36 5
95 12
33 69
22 33
60 85
58 0
16 60
67 99
57 60
34 46
88 52
3 32
71 76
31 9
33 29
50 96
41 79
70 17
42 86
35 3
67 42
8 44
27 22
16 32
57 58
17 86
66 96
42 76
95 17
90 36
72 51
60 36
97 22
44 40
8 14
96 15
6 75
12 38
58 10
27 41
80 78
70 72
0 40
15 40
74 75
79 28
58 75
10 22
66 13
58 83
26 76
62 57
28 76
67 29
23 21
80 4
46 54
85 33
10 48
67 84
4 7
31 73
21 45
76 61
6 63
74 34
60 23
1 6
43 27
27 25
76 10
16 79
89 78
59 7
20 67
75 40
86 20
25 26
24 78
14 52
34 54
64 28
87 85
66 95
21 19
33 70
23 82
93 75
30 97
95 24
15 65
67 27
28 97
57 86
96 47
17 82
61 14
52 6
53 26
8 22
7 38
41 15
25 46
62 60
9 62
58 26
16 66
35 1
85 88
78 88
25 94
68 74
86 5
70 67
24 31
86 75
49 37
89 74
64 69
66 78
31 44
25 52
94 96
37 98
16 31
43 76
58 25
91 28
46 16
3 51
80 9
14 44
64 33
9 30
24 97
45 79
67 98
91 52
78 77
87 84
12 23
76 6
4 68
73 54
87 18
34 81
64 66
14 7
81 76
60 56
58 67
43 11
64 24
67 5
89 20
21 75
24 90
13 78
83 89
44 50
13 21
1 76
27 29
66 89
98 47
57 67
75 71
87 2
54 12
32 28
28 37
3 60
80 98
97 15
89 51
77 39
17 68
95 32
49 5
38 13
40 96
34 3
40 97
38 93
55 23
93 39
41 2
56 43
98 63
25 74
15 34
55 60
86 36
30 36
83 7
21 79
61 6
82 48
92 4
47 86
90 88
26 62
31 0
84 4
38 24
0 22
41 94
57 65
59 87
54 26
50 79
24 71
78 20
97 93
54 76
93 20
18 45
58 99
66 92
27 42
31 3
59 26
62 23
17 22
1 62
8 96
49 80
53 72
84 58
97 59
62 31
33 98
79 9
26 79
43 74
47 44
78 65
45 66
86 61
92 9
34 70
92 93
28 54
46 98
76 48
20 68
48 81
33 56
45 55
38 69
0 25
87 99
21 37
30 8
15 72
84 46
53 57
28 92
81 6
85 50
19 78
47 18
11 90
31 5
76 34
96 55
40 41
67 4
65 99
62 70
4 11
5 20
53 24
64 4
30 28
60 53
71 0
12 80
45 63
56 37
20 58
87 39
82 32
76 93
91 68
53 4
57 83
75 50
37 41
74 88
89 6
12 49
46 50
86 3
23 8
22 94
66 1
42 98
15 85
40 64
34 40
8 5
51 55
19 61
61 70
81 1
4 54
8 39
70 27
38 70
39 4
52 35
82 53
90 51
34 41
71 67
53 3
69 53
10 80
40 39
36 12
21 10
14 37
13 60
82 61
74 46
85 47
74 3
17 10
90 29
84 23
79 68
87 30
83 45
98 54
77 32
34 39
23 18
21 67
68 24
96 83
4 13
36 94
96 75
50 66
47 81
43 10
74 47
54 88
87 11
58 35
89 7
20 35
91 42
58 69
35 10
38 6
67 48
32 76
34 65
31 45
67 31
19 71
17 85
37 5
95 82
43 59
24 70
21 54
54 68
67 0
66 33
29 23
25 28
26 81
38 91
31 11
42 59
89 30
89 35
50 84
21 55
0 21
3 94
52 62
36 29
98 84
1 86
12 25
82 46
73 67
91 81
47 14
21 53
81 72
38 16
18 94
53 41
20 6
98 71
42 81
24 45
51 45
93 48
86 55
25 87
14 65
56 96
72 55
32 12
7 93
87 77
29 8
0 60
71 59
60 46
31 47
41 97
68 80
13 30
17 19
7 77
17 31
94 78
28 38
59 86
45 15
73 78
42 95
28 57
15 6
57 26
35 40
48 27
75 56
67 76
85 42
42 94
48 37
3 41
16 5
20 60
9 89
42 83
35 94
45 6
45 86
57 84
6 25
90 2
97 81
26 63
40 25
20 9
91 70
38 94
84 36
83 19
13 69
19 22
54 42
