100
656 93 543 899 616 950 321 305 672 103 634 885 912 738 587 614 204 950 922 406 845 864 632 451 177 859 375 340 345 778 431 604 596 971 685 182 260 925 259 859 437 315 754 286 758 426 317 881 726 251 567 284 315 576 471 390 62 972 316 702 6 798 300 93 630 266 5 197 750 538 177 351 482 564 304 95 503 82 472 48 183 273 311 908 660 198 720 899 677 21 910 821 268 741 971 795 65 631 416 655 
20
641 450 138 21 623 477 508 636 231 870 216 325 983 226 839 629 74 656 564 900 
1000
27 42
71 98
43 64
48 24
34 61
45 3
87 81
37 94
69 19
76 7
4 76
74 40
68 8
68 82
24 58
26 29
62 54
70 8
60 77
31 36
99 89
26 24
24 88
73 71
38 92
3 57
72 24
40 18
30 45
35 56
81 1
70 17
51 46
42 57
47 81
76 29
39 38
51 69
83 2
33 61
0 72
64 92
44 74
73 30
57 90
72 13
65 3
57 59
91 2
28 69
97 76
91 69
82 77
61 66
18 46
92 83
33 12
20 45
54 65
51 14
38 13
55 80
46 86
55 9
4 19
74 49
1 17
15 84
59 29
2 82
0 36
88 85
37 68
0 55
69 37
55 10
88 54
65 84
57 95
34 36
69 56
19 11
75 50
70 38
81 76
94 95
86 3
85 49
72 56
15 17
12 17
27 78
75 57
14 66
42 12
44 52
15 74
95 39
32 98
84 44
10 18
14 46
61 47
23 15
85 97
78 71
37 16
76 44
38 10
37 31
15 69
29 96
93 73
51 73
86 28
43 30
51 18
76 70
90 46
9 10
73 79
80 25
96 31
7 49
43 25
42 75
64 15
1 29
44 68
53 33
47 0
63 94
47 77
41 19
90 62
6 55
23 96
59 81
89 41
5 21
68 3
22 90
83 96
99 63
85 52
40 73
26 49
27 72
97 53
45 36
42 76
46 31
82 72
89 45
54 34
51 49
88 33
12 98
38 48
45 48
93 78
2 5
59 16
29 93
89 88
96 59
85 57
59 49
9 97
59 30
36 87
70 55
18 4
86 96
93 23
48 41
59 0
99 19
15 78
63 65
36 9
14 93
43 89
17 69
38 65
27 44
26 11
19 2
57 73
2 63
54 28
70 73
43 86
51 28
75 8
22 77
60 81
82 79
56 64
52 24
81 68
58 96
84 5
54 64
49 90
48 75
83 41
8 47
68 31
83 68
82 66
98 4
63 11
80 41
58 3
40 48
37 79
78 19
46 99
80 0
3 32
59 60
92 26
36 56
5 1
87 72
21 9
80 44
55 81
92 1
75 7
23 72
46 66
15 57
46 36
77 23
40 67
28 82
67 47
40 16
64 96
89 11
13 14
95 18
98 27
7 27
8 19
69 34
47 23
90 17
93 41
95 89
48 90
5 4
2 48
75 9
4 69
90 71
54 20
78 45
75 37
97 38
21 80
14 72
83 42
7 81
16 52
24 79
5 97
25 26
5 30
50 31
94 18
40 94
15 62
55 27
73 89
92 11
43 59
82 91
70 98
20 30
48 1
94 52
66 51
55 60
3 96
84 37
65 92
85 7
37 44
93 18
29 2
9 82
40 64
68 30
29 35
45 61
52 96
25 21
5 26
79 72
93 12
21 84
35 43
94 21
93 21
72 11
38 4
58 67
28 11
27 39
23 2
58 64
16 25
80 56
99 92
98 38
62 56
22 80
93 26
67 41
84 28
62 52
73 36
6 34
81 28
72 9
43 54
92 94
4 79
3 71
93 38
82 16
5 16
41 53
28 45
32 30
44 54
38 59
94 4
8 90
56 91
42 32
98 11
47 73
16 53
40 43
21 74
62 63
53 98
2 81
7 52
71 38
11 76
12 53
19 42
15 71
23 11
60 64
91 33
90 36
76 69
85 56
54 55
95 70
73 58
79 56
29 0
47 91
57 27
18 20
78 99
3 41
14 25
84 29
48 17
86 42
92 42
67 88
67 98
22 11
17 85
78 3
75 26
57 98
81 90
15 65
46 69
87 5
74 16
40 85
48 33
48 61
68 66
34 85
18 79
51 44
35 59
27 62
43 82
92 52
85 60
36 22
3 27
49 82
99 67
98 85
76 62
83 19
49 50
67 32
30 2
20 52
90 20
28 98
34 12
64 30
11 99
9 87
36 21
83 84
9 19
26 53
65 14
68 36
7 41
30 57
1 47
51 76
18 42
20 39
28 67
23 29
95 24
45 47
57 19
68 12
28 91
41 94
36 5
81 75
74 13
0 90
33 57
91 15
52 47
18 21
45 10
7 12
35 88
30 71
81 52
16 8
2 43
80 47
89 8
32 48
35 22
72 22
14 92
69 81
84 23
17 32
81 10
21 13
96 28
97 33
50 30
95 51
30 83
14 52
94 43
2 97
5 76
61 8
82 15
18 39
98 43
40 38
30 60
26 19
12 29
0 3
12 10
35 61
86 18
67 15
34 95
48 18
30 34
49 53
87 88
75 79
8 4
81 71
78 2
63 34
92 70
64 90
62 61
15 30
6 93
11 67
24 60
45 26
26 22
18 1
67 96
93 70
65 69
10 37
91 13
1 99
97 72
50 57
96 11
45 98
23 46
0 70
73 59
76 59
66 41
88 29
14 79
28 22
88 34
31 86
29 31
33 49
99 3
97 54
79 32
60 39
47 44
22 79
76 83
35 17
63 12
2 42
73 99
34 44
31 13
72 95
67 42
54 86
69 21
97 3
71 21
74 64
51 87
19 81
56 75
67 14
49 40
18 35
24 32
51 7
45 90
70 94
43 23
54 57
21 42
72 67
88 75
74 42
55 18
87 68
13 62
40 46
26 28
18 96
52 54
31 58
0 61
24 56
87 22
66 55
73 37
52 89
67 35
1 33
7 23
60 3
75 55
21 72
66 81
65 49
44 58
90 84
78 62
93 35
67 45
56 63
26 38
73 86
98 52
43 4
75 35
34 74
61 30
88 3
33 85
85 24
68 51
53 77
87 37
92 35
1 73
68 0
2 44
98 26
60 98
8 23
23 98
15 42
5 48
55 4
22 91
75 44
35 62
9 61
5 40
35 89
82 53
98 49
65 67
59 77
28 47
37 56
84 34
22 6
28 15
15 66
33 13
78 90
38 77
36 82
43 15
82 90
89 94
97 83
69 96
24 51
11 83
79 62
18 59
32 8
92 61
3 6
63 13
24 14
23 22
59 52
39 89
84 36
40 25
83 18
72 6
74 0
9 46
79 38
54 30
13 88
83 51
13 69
63 87
31 95
81 45
14 30
11 16
97 48
68 42
16 48
8 84
60 22
85 19
45 83
13 94
18 61
95 44
76 35
53 37
94 54
88 69
42 39
68 4
2 67
96 75
71 69
85 2
1 55
76 56
40 89
59 61
56 46
96 5
57 40
6 19
20 19
16 84
11 68
23 94
86 97
98 89
40 10
93 49
79 2
36 11
53 38
70 14
39 37
77 42
1 22
87 33
27 96
83 22
30 66
99 33
82 19
48 98
18 27
93 66
4 15
80 42
67 46
37 80
34 5
26 9
6 85
94 35
92 17
51 58
9 44
63 41
19 47
41 88
28 97
47 86
32 25
31 45
98 44
60 28
93 74
96 12
94 11
77 93
1 32
78 43
51 55
56 16
45 11
27 47
87 43
36 26
83 78
62 29
14 94
28 4
1 12
57 46
79 83
16 28
7 64
19 53
99 53
25 74
22 47
9 7
96 91
37 27
53 24
37 62
90 70
30 88
23 63
73 54
87 29
7 57
68 21
62 55
60 18
43 21
83 94
34 32
1 83
1 24
19 29
49 80
81 74
43 61
53 51
23 9
47 99
82 38
42 53
41 42
97 50
22 63
95 58
33 46
66 26
65 32
33 80
6 51
78 35
55 58
57 38
45 4
2 14
0 54
10 29
59 4
68 94
59 93
97 13
96 57
52 33
97 55
49 32
28 95
48 47
79 51
7 25
8 6
24 15
96 34
31 40
92 60
11 7
58 57
7 35
10 30
72 43
74 63
74 96
56 31
54 95
83 90
62 47
97 42
17 0
12 31
0 76
17 71
21 49
0 65
45 58
7 38
59 17
43 8
20 6
36 27
7 44
13 16
70 54
67 75
89 6
71 44
61 98
71 74
14 57
31 22
62 12
72 33
54 61
79 88
59 14
88 32
86 30
24 59
37 3
60 89
49 41
5 53
41 35
21 11
33 83
98 63
82 89
57 10
20 2
44 66
54 85
18 99
68 61
25 4
49 4
10 70
56 95
45 15
39 80
12 8
39 78
62 31
34 15
25 89
53 56
18 70
38 21
48 23
99 38
84 87
23 35
88 86
25 60
12 32
9 84
72 32
92 74
76 77
62 38
28 48
11 93
1 87
23 40
24 20
77 5
23 53
48 59
61 12
48 30
6 33
53 94
2 58
12 51
5 51
64 53
94 55
51 91
28 8
66 21
58 62
15 16
73 2
11 54
33 14
66 90
10 91
0 78
32 20
32 36
29 97
10 16
49 39
58 49
4 75
72 40
6 42
97 40
91 43
54 45
8 87
26 21
93 42
46 55
47 34
44 60
89 48
90 9
22 53
4 2
10 3
0 24
4 96
84 68
75 74
43 38
38 17
38 34
19 25
11 47
3 30
34 99
17 53
36 99
93 44
81 25
50 98
84 99
82 86
98 8
40 17
35 64
72 18
92 19
81 94
83 31
51 45
97 92
66 3
44 36
0 42
45 69
49 68
7 99
86 60
99 32
21 37
89 79
