100
85 88 213 336 630 728 411 825 249 878 463 740 493 371 544 854 197 901 895 138 252 952 224 127 862 260 193 376 275 182 828 442 860 373 903 110 874 375 54 951 279 431 445 54 877 832 936 23 696 422 284 804 751 770 20 884 260 707 319 575 153 308 490 477 372 422 497 380 691 533 719 533 802 493 126 777 267 79 644 20 715 291 722 86 122 224 278 757 7 19 48 946 538 337 701 845 597 819 779 845 
20
738 931 295 945 427 104 549 365 575 991 365 551 445 263 694 999 21 156 990 718 
1000
20 76
71 51
33 98
32 19
42 71
54 45
44 69
79 47
22 98
55 4
5 3
47 46
55 75
91 16
87 71
62 83
64 22
0 61
41 1
94 9
40 71
82 84
7 40
61 58
71 8
4 10
60 7
47 90
78 15
42 73
99 33
31 46
48 24
11 15
26 30
59 97
97 56
52 38
5 91
92 77
39 18
60 27
96 14
80 14
55 1
46 67
56 81
80 78
9 1
93 7
5 18
78 47
15 5
62 17
95 88
38 59
26 0
4 40
87 56
25 3
8 83
99 94
27 34
82 13
8 82
81 7
7 35
5 45
63 43
58 74
95 68
26 49
77 48
83 89
95 99
10 23
98 19
33 84
50 43
31 93
61 53
95 14
59 60
85 92
91 60
34 28
80 42
48 95
35 13
9 10
63 11
90 68
94 78
83 86
77 51
21 11
73 13
28 69
25 62
64 25
99 52
15 30
13 9
24 91
90 93
59 78
23 91
18 46
84 35
13 86
90 13
17 34
1 14
48 96
53 60
61 38
58 27
25 11
73 68
67 93
37 93
38 60
14 5
90 77
35 74
78 95
47 1
8 34
23 0
19 27
8 61
3 53
35 98
0 47
0 8
77 75
72 78
24 76
31 25
15 7
19 21
99 66
33 77
82 12
38 65
92 69
62 34
58 16
65 87
67 80
62 27
82 18
36 91
46 32
88 92
22 74
18 34
53 81
99 48
7 72
65 46
80 87
2 64
17 98
38 42
42 81
92 25
86 67
73 50
92 75
0 48
42 12
19 99
12 38
17 57
56 79
67 96
38 68
23 1
54 90
60 24
71 3
61 56
62 30
52 18
77 10
80 69
51 87
93 96
28 66
58 13
57 98
25 26
2 32
64 9
79 6
41 31
2 46
40 56
11 85
68 98
47 67
61 32
86 8
62 9
39 96
74 84
66 88
17 4
79 73
76 52
46 96
31 27
89 9
29 78
54 42
83 36
28 51
43 68
72 75
93 92
76 78
6 27
49 73
7 46
42 75
41 88
32 20
58 75
84 42
3 4
31 87
53 17
89 17
48 4
16 84
6 68
81 75
71 14
57 79
73 66
16 44
93 74
85 1
12 7
71 18
78 62
87 26
89 61
87 73
52 20
68 57
94 54
82 70
18 77
1 83
68 63
15 73
78 6
62 63
10 54
95 25
22 50
2 27
65 25
12 20
2 90
68 0
5 13
77 42
63 5
88 82
43 11
64 48
12 9
65 45
71 46
55 88
69 59
84 51
99 58
9 55
28 4
90 76
13 8
39 88
71 54
1 29
26 19
1 44
74 64
87 16
28 35
9 65
6 83
84 24
40 87
66 4
19 36
16 2
91 65
87 66
54 33
86 73
57 5
23 75
83 61
15 0
37 36
75 20
84 67
25 13
59 20
31 32
86 63
2 25
57 49
61 60
58 95
68 7
60 54
69 21
88 22
68 85
1 78
86 54
30 10
28 33
31 10
91 25
51 35
51 60
8 32
0 28
42 8
58 19
94 95
57 39
33 50
48 31
94 37
38 89
28 13
0 89
31 6
91 47
76 64
83 0
14 59
40 81
27 92
26 27
3 96
29 90
70 49
78 92
61 12
53 86
4 30
60 0
89 74
76 36
15 32
50 27
22 32
9 29
2 63
77 12
22 0
63 82
32 91
86 34
14 33
48 37
49 67
89 53
28 36
53 51
79 65
61 7
94 79
47 23
74 60
21 25
24 45
11 72
18 66
63 28
56 27
91 19
61 41
49 94
46 17
92 11
84 18
75 89
71 78
3 10
92 38
38 3
59 93
98 42
65 12
26 24
77 45
72 82
0 49
77 63
21 54
11 4
12 81
82 86
40 59
26 36
89 88
56 52
42 36
98 83
93 58
52 42
53 12
91 77
76 47
37 15
79 38
51 92
22 30
15 43
24 49
87 99
16 1
91 84
74 32
76 2
97 50
81 82
56 43
76 91
7 22
82 27
94 34
74 44
89 12
16 74
3 91
83 42
15 86
43 8
84 79
86 56
86 28
25 23
69 22
43 9
1 45
56 1
35 17
97 95
80 62
94 59
77 0
64 65
44 72
54 81
76 49
29 91
70 54
96 55
99 49
44 43
74 38
9 31
11 52
10 74
54 64
55 46
27 68
36 39
93 78
25 59
11 28
90 83
19 14
39 58
27 7
89 95
22 82
15 29
93 38
7 50
63 9
0 65
95 77
44 62
33 85
87 85
19 17
71 30
16 33
62 36
18 65
87 30
49 37
79 97
26 41
53 62
86 65
1 20
84 75
68 19
23 69
53 64
11 75
26 72
59 10
53 77
12 70
76 4
20 58
83 17
21 24
72 98
75 82
12 18
7 19
11 33
21 40
51 42
53 21
76 37
7 71
90 73
92 60
68 76
74 80
43 14
76 59
96 36
64 78
4 9
84 70
68 46
75 8
79 61
72 54
11 54
91 13
17 61
72 1
84 64
10 12
28 44
18 90
33 81
0 20
64 79
61 25
69 20
28 70
89 67
60 16
35 47
84 86
1 6
89 36
8 27
28 76
80 49
26 64
26 34
62 33
86 17
46 51
12 21
59 6
98 58
21 92
67 99
99 40
97 81
61 35
0 67
12 16
83 97
42 23
79 78
71 43
3 1
83 37
55 82
58 51
41 47
27 16
17 30
87 48
21 8
56 62
23 54
43 40
80 36
15 80
59 73
47 80
53 38
23 31
72 53
26 8
0 37
45 21
54 43
92 34
98 9
12 15
7 8
16 67
70 79
65 4
1 53
81 63
39 55
21 28
11 53
7 91
43 79
13 14
98 29
0 70
50 44
15 28
27 96
96 95
70 24
53 78
37 29
20 98
45 17
78 35
61 24
64 89
60 99
83 92
68 88
96 50
50 15
65 62
20 11
98 64
23 79
53 68
16 7
86 79
24 29
40 82
37 30
58 67
95 6
62 41
44 65
85 81
37 64
43 70
44 96
33 87
37 61
85 32
85 26
23 50
22 56
11 74
26 17
0 78
71 6
11 76
89 72
88 72
35 3
36 16
53 22
69 75
13 63
50 17
36 17
64 47
94 4
47 33
54 2
53 66
88 34
12 39
2 97
14 77
10 94
87 91
40 34
22 42
67 7
48 23
80 68
30 54
23 17
84 12
23 86
56 50
99 88
1 80
84 14
87 7
74 45
42 46
31 45
45 67
34 76
24 15
15 55
12 45
89 80
99 75
83 23
91 50
73 7
13 33
36 55
70 94
63 74
13 19
4 81
30 57
96 34
55 30
11 13
38 8
98 71
29 72
61 71
31 70
78 91
86 1
12 66
65 90
48 98
46 1
12 35
17 80
48 52
97 66
52 53
5 97
82 64
95 98
97 88
6 74
30 13
56 13
88 59
2 39
9 79
92 47
63 95
31 2
0 46
12 25
21 75
42 55
74 88
87 64
75 97
54 27
3 81
29 34
41 37
48 68
93 18
68 5
90 6
94 36
96 8
35 91
57 99
15 74
62 4
5 77
63 57
65 19
75 29
84 13
94 86
3 34
60 88
98 66
79 92
69 13
87 6
38 23
15 51
3 93
70 8
5 83
41 12
70 48
93 63
37 39
27 75
18 80
60 19
44 59
56 69
33 78
10 19
49 19
61 23
25 49
34 59
43 41
15 23
2 65
47 72
18 16
11 89
97 91
43 94
0 16
66 24
30 33
43 49
46 3
85 88
1 27
63 29
21 0
12 29
68 70
49 44
50 89
37 7
63 38
72 23
95 23
2 56
65 61
19 47
88 56
41 53
77 76
60 84
41 40
41 10
15 39
3 42
6 64
85 7
89 43
3 51
60 30
97 51
20 93
15 82
51 17
13 1
44 48
31 62
76 33
63 39
21 86
14 3
55 47
24 27
92 57
66 89
93 71
78 60
73 52
50 47
60 20
69 11
92 22
2 78
11 71
73 19
32 30
6 0
76 23
89 52
6 73
18 29
57 26
80 22
44 25
10 44
76 7
64 85
60 21
56 85
96 98
57 34
94 32
82 93
50 16
74 7
65 60
59 23
41 27
7 90
20 13
93 34
59 15
46 29
35 67
6 45
67 18
3 86
89 35
39 87
88 86
45 94
34 97
26 47
68 66
30 51
15 3
34 54
26 4
85 23
50 58
50 76
85 19
24 22
80 48
18 73
38 75
15 83
77 43
83 80
26 3
90 43
73 32
83 60
5 85
69 14
2 4
4 63
73 82
17 64
58 10
39 21
65 27
96 90
9 6
97 13
59 43
62 16
15 84
25 77
57 96
59 55
59 24
23 68
82 69
86 66
83 59
77 54
1 94
10 67
52 3
38 50
67 95
90 19
6 13
66 63
88 1
14 98
85 13
87 17
89 97
22 12
16 41
33 93
52 82
83 47
46 22
96 9
18 49
15 10
63 69
56 63
85 36
12 0
8 64
10 42
57 75
99 21
11 67
15 57
59 85
30 90
59 84
98 88
72 81
11 9
6 28
93 65
