100
579 94 679 957 737 957 417 337 332 972 94 230 730 188 825 938 244 735 201 350 167 615 436 437 112 454 881 743 950 955 223 414 46 169 617 332 331 297 378 683 102 105 807 745 957 755 791 607 561 508 582 832 657 777 233 0 459 205 620 641 19 46 524 264 175 659 330 562 879 560 342 375 845 824 123 698 621 919 837 720 713 718 456 558 379 775 697 300 759 300 499 569 982 506 643 207 465 647 555 987 
20
907 10 466 149 930 996 531 554 198 198 832 431 215 935 390 835 4 604 270 718 
1000
9 59
48 89
38 35
56 84
19 87
30 0
6 37
50 69
26 77
51 53
97 64
34 58
80 31
18 15
80 24
89 64
81 38
85 71
42 96
84 38
80 51
14 80
28 88
55 50
60 84
84 33
68 36
80 74
42 94
93 16
17 10
56 95
35 32
17 14
28 70
50 86
30 97
2 28
97 38
10 78
31 2
88 3
45 66
32 39
89 99
42 73
87 3
89 94
10 64
83 74
27 88
76 37
77 29
90 79
58 79
37 5
86 18
98 16
44 66
76 33
84 96
2 10
83 88
32 48
83 25
39 59
7 56
66 41
6 63
76 27
85 34
1 13
79 60
30 35
70 61
11 95
16 52
93 17
0 23
66 47
8 3
7 85
45 56
65 83
73 55
30 59
84 35
24 33
40 92
71 74
66 64
30 38
91 41
85 14
98 29
17 71
42 67
6 24
52 25
48 95
47 33
76 69
25 22
44 53
56 54
6 14
13 48
77 58
17 72
36 88
72 43
83 62
54 20
49 31
84 83
52 77
27 79
35 36
6 54
57 91
20 93
85 53
87 78
45 92
65 63
73 52
90 89
10 27
17 36
13 47
88 93
9 2
1 79
24 4
78 92
80 8
75 54
90 30
72 40
19 97
35 82
40 86
69 63
57 68
57 37
13 16
10 38
76 82
38 46
91 55
24 66
13 24
34 65
45 98
20 3
59 21
12 36
29 35
54 15
51 63
7 79
78 7
6 50
25 82
68 22
14 64
42 8
71 63
54 43
40 79
77 60
58 80
2 63
38 67
62 97
13 99
15 20
48 73
12 73
2 43
45 81
22 55
9 66
79 64
90 40
99 70
87 1
71 34
28 99
86 41
11 34
47 44
28 51
36 52
88 33
72 14
3 86
31 96
60 21
58 41
97 79
12 50
69 79
95 19
30 32
7 11
88 78
49 18
22 2
74 46
75 87
27 83
84 20
75 96
55 84
75 11
15 45
62 33
53 5
32 62
73 3
15 40
78 33
92 74
99 41
32 10
99 73
62 41
76 1
79 9
83 26
58 75
59 12
73 66
92 46
14 84
4 65
55 85
88 19
53 91
30 26
84 22
53 76
57 62
77 5
49 19
72 7
18 81
95 30
3 26
83 33
46 26
37 25
96 38
0 55
23 16
11 44
82 84
28 35
0 31
33 87
0 78
56 31
14 0
55 71
20 90
13 4
0 2
31 16
84 37
79 41
35 55
19 94
63 7
56 22
18 16
44 74
65 93
5 71
34 29
31 45
81 3
14 62
9 45
99 26
93 53
84 88
31 53
1 31
82 26
35 15
72 16
15 85
25 1
38 79
83 19
69 14
95 15
6 18
88 92
49 47
86 2
9 32
31 19
24 55
83 98
40 70
53 43
43 98
0 24
37 20
0 7
68 50
30 19
3 65
54 59
51 23
77 8
18 24
60 13
50 46
38 99
59 41
90 87
30 6
15 70
24 17
45 55
86 78
30 94
99 68
74 15
4 34
47 30
7 8
42 63
66 70
43 13
35 41
71 33
77 67
58 43
18 58
6 83
8 71
9 43
94 40
12 63
86 47
31 8
77 25
64 62
94 51
91 95
9 17
51 82
3 76
38 31
16 19
78 56
37 4
40 76
27 36
26 6
37 65
44 97
59 93
11 21
1 68
56 90
9 3
95 40
50 98
78 90
96 28
38 9
19 80
7 68
74 18
37 70
51 48
87 91
76 22
54 79
21 74
99 27
57 61
74 69
31 37
90 43
72 13
95 65
93 21
68 49
31 41
61 1
48 70
81 30
27 43
20 59
12 6
72 60
91 56
30 88
49 12
64 73
68 16
92 19
95 71
77 81
70 94
24 29
87 89
34 57
98 61
16 20
89 82
86 59
57 73
11 14
32 66
69 68
12 16
13 35
47 42
90 82
54 70
23 78
45 27
22 11
23 93
49 69
44 67
40 30
6 67
65 85
81 52
5 90
29 60
64 32
86 97
71 96
50 54
97 42
83 22
44 65
17 26
29 93
89 85
13 14
46 34
4 97
56 98
57 30
29 68
44 5
31 81
87 11
88 97
98 99
8 39
34 38
75 89
59 57
52 88
95 41
95 34
78 39
54 7
39 53
39 85
3 83
82 54
24 52
31 12
14 42
71 59
28 18
15 33
24 32
69 25
17 39
44 30
33 66
97 90
43 73
87 53
51 59
79 33
83 48
95 20
23 12
30 27
39 88
69 29
64 52
23 50
70 67
67 47
21 62
7 22
70 20
38 71
14 78
87 77
82 95
4 71
85 26
58 56
15 62
94 76
52 21
85 3
71 11
8 59
95 63
46 60
91 61
72 41
37 87
51 7
35 37
84 24
17 31
23 91
4 92
23 39
62 86
39 97
44 0
88 81
42 33
63 30
42 44
95 37
72 20
30 84
18 98
91 67
17 94
11 43
66 14
37 8
46 91
95 94
33 41
61 40
65 87
31 72
49 15
82 13
88 5
65 55
11 39
8 85
39 56
0 20
92 90
39 5
69 16
9 4
57 19
68 33
13 80
89 92
5 22
69 43
95 80
2 79
62 85
58 98
92 64
70 4
2 26
52 39
66 91
49 62
36 94
96 66
14 48
88 14
26 9
6 73
95 42
34 73
24 97
24 44
91 37
59 53
76 2
0 62
96 82
28 19
73 36
85 36
96 76
15 86
71 98
15 91
2 13
21 19
10 99
82 67
73 51
28 94
92 51
63 82
37 23
94 44
32 6
89 61
4 84
97 11
46 15
44 43
29 22
74 76
74 20
36 93
51 52
99 30
22 27
82 52
10 55
43 78
52 57
26 60
53 81
88 23
95 12
57 72
6 45
67 86
57 99
27 35
83 55
41 40
25 43
0 92
45 59
94 63
21 45
95 16
42 79
85 5
24 57
51 11
39 25
59 50
43 99
6 34
37 24
7 16
24 62
72 84
84 93
10 6
6 41
95 68
8 86
58 88
96 69
22 6
54 14
66 19
18 59
4 87
21 33
31 71
3 39
43 56
3 18
78 73
53 8
1 49
74 48
74 52
57 33
62 30
87 57
96 90
87 95
4 25
87 92
12 3
58 55
10 36
71 40
46 62
75 85
55 95
34 99
61 74
71 25
97 72
66 43
15 34
16 42
26 67
31 58
20 63
72 82
77 89
4 35
96 36
75 6
35 25
93 28
89 49
34 67
13 98
74 70
7 6
12 14
32 76
75 59
8 61
54 26
61 10
25 9
55 89
31 82
21 35
50 37
53 67
85 73
38 62
74 16
43 35
5 62
37 85
32 81
68 3
36 90
18 91
18 97
46 81
55 32
60 9
50 62
63 89
2 85
10 20
15 50
6 89
45 25
79 15
63 92
38 13
25 26
62 98
65 47
78 40
39 75
29 79
92 43
2 29
23 38
9 53
65 81
39 33
87 79
54 35
33 56
56 48
20 6
21 92
90 77
77 63
20 82
1 3
54 66
1 78
63 81
40 31
45 90
96 70
63 98
34 26
5 45
27 78
16 89
65 26
69 59
37 27
36 49
25 2
84 71
0 41
52 58
11 4
94 0
72 32
91 5
32 20
27 14
89 81
0 68
13 78
19 44
44 31
87 43
25 51
67 43
85 4
46 67
36 80
68 19
60 83
86 0
99 64
90 46
93 11
92 25
80 32
61 49
77 23
8 79
18 10
10 35
42 27
54 71
79 46
73 82
2 57
95 31
56 93
39 44
97 29
68 75
63 85
38 15
0 64
95 75
23 1
99 6
37 33
7 62
1 26
38 26
48 4
26 22
13 41
50 52
43 28
21 30
48 6
55 87
92 44
74 99
74 14
7 89
75 24
50 76
62 94
0 26
21 44
97 71
50 77
68 54
80 7
51 95
56 89
6 86
92 49
55 36
76 61
52 20
53 75
6 88
32 22
24 41
36 33
9 27
74 25
17 63
72 38
8 0
62 84
17 45
37 44
36 18
41 19
12 34
11 84
22 75
62 13
81 66
56 83
56 85
36 28
65 25
96 37
60 41
87 99
70 21
22 4
73 91
88 32
4 1
66 8
82 50
93 49
57 29
41 52
12 64
13 61
45 68
67 62
18 22
15 71
77 39
50 36
84 43
24 10
66 89
9 57
93 32
31 69
40 75
51 78
69 2
95 79
94 97
75 7
92 68
3 32
51 9
79 34
29 87
16 59
4 60
38 85
48 54
33 81
47 95
97 82
18 83
32 68
1 9
25 6
92 58
72 52
87 38
53 1
97 10
37 51
28 55
84 29
58 53
75 41
68 21
66 79
73 97
57 54
90 88
56 65
40 20
45 42
56 99
59 40
50 53
96 79
3 59
96 41
91 42
45 79
69 78
68 20
50 2
94 26
56 0
20 69
54 41
62 47
75 63
28 26
58 46
16 49
39 99
55 44
4 43
96 29
32 46
38 77
81 44
48 68
96 1
53 2
92 96
78 35
65 58
9 67
89 17
70 90
64 86
36 26
97 36
41 29
94 9
