100
356 893 923 572 132 204 831 982 355 442 977 573 732 855 476 553 4 325 88 863 136 303 859 463 95 187 970 869 19 649 427 922 589 495 259 804 294 869 216 176 569 539 917 208 95 454 759 839 943 411 391 552 785 655 558 437 444 439 729 449 736 722 720 867 771 239 654 597 611 89 642 226 944 633 442 890 865 446 534 781 961 770 428 92 667 911 432 358 955 715 844 705 274 534 443 705 330 458 576 831 
20
824 997 623 931 70 154 205 51 193 941 245 885 378 997 969 84 985 866 421 309 
1000
52 83
26 54
96 53
4 97
54 13
46 43
48 49
29 40
24 92
43 22
13 21
91 48
0 86
86 26
16 39
63 61
96 87
45 79
54 25
3 14
80 92
26 89
14 84
25 57
27 76
82 92
67 4
69 91
4 92
61 82
11 81
23 96
39 97
58 7
38 65
33 18
74 38
41 1
65 76
83 92
83 30
59 97
50 37
82 84
81 62
8 32
63 47
20 2
34 98
70 28
83 93
45 40
96 2
67 28
32 90
43 93
70 47
10 93
2 91
2 77
7 10
65 87
67 60
84 58
44 81
50 36
52 2
53 59
1 98
64 50
51 92
55 9
38 53
12 70
40 41
90 49
21 10
90 4
14 40
41 11
40 64
56 73
56 40
2 17
62 53
84 7
96 93
64 75
67 47
77 24
43 7
71 92
23 24
27 24
18 54
57 47
29 21
76 33
12 24
0 18
77 14
36 54
52 64
21 87
86 43
88 35
77 50
4 29
57 13
21 67
21 52
14 23
89 92
83 78
25 27
83 74
13 20
48 98
52 17
7 14
45 27
97 40
75 4
91 81
40 95
13 96
51 70
3 60
22 19
10 40
75 23
90 0
3 48
41 58
85 79
19 52
9 67
78 19
18 66
67 16
74 52
47 19
70 17
16 98
7 60
45 95
1 23
45 67
55 16
9 63
77 4
55 86
6 50
73 92
38 42
32 78
86 36
28 2
85 52
82 80
63 89
17 93
99 46
98 68
15 87
76 18
47 0
10 83
69 21
95 36
38 8
1 5
48 57
19 45
26 65
10 43
57 44
43 41
67 26
72 31
6 82
7 83
25 1
4 45
77 23
5 61
1 11
60 30
9 86
65 16
33 79
89 44
99 24
2 90
69 74
24 82
34 20
53 92
14 0
12 82
23 45
94 79
69 37
28 16
37 13
30 40
56 3
85 18
81 57
11 31
85 9
97 53
86 64
62 83
41 64
49 11
74 40
35 70
27 72
54 69
86 56
68 82
19 76
51 80
50 33
25 42
16 38
25 75
87 11
14 61
20 62
21 71
80 85
7 61
75 56
43 81
75 15
36 42
45 99
72 37
94 95
3 83
80 96
41 30
22 55
12 40
6 68
50 79
20 99
8 79
59 9
51 33
1 20
64 9
11 26
2 73
84 39
56 80
34 5
69 52
2 33
1 79
26 98
33 85
91 76
30 92
85 91
23 54
31 70
64 0
96 28
92 54
47 32
21 85
23 84
3 28
77 36
57 70
51 53
38 55
14 35
85 74
72 30
68 88
4 39
91 20
47 62
95 38
14 52
73 37
94 87
74 86
31 78
31 91
4 0
97 11
5 99
35 75
55 39
43 12
94 83
86 85
15 72
87 55
22 85
81 69
38 70
53 9
30 97
20 27
76 93
6 96
4 31
44 35
1 44
71 23
34 50
67 29
67 53
76 23
4 27
76 34
74 93
87 61
86 99
71 83
64 79
2 9
2 66
86 27
28 71
96 49
91 37
58 61
65 95
73 11
70 87
95 9
24 95
61 75
67 77
75 98
13 5
34 87
14 20
47 16
73 52
77 10
79 19
61 38
31 94
91 42
60 46
54 12
97 42
36 11
17 60
60 72
39 29
8 96
37 22
62 69
19 44
75 2
93 94
76 37
74 7
60 85
49 32
63 48
20 8
22 14
3 96
98 67
25 45
71 49
27 73
32 20
26 81
28 85
95 90
34 59
47 80
81 21
53 74
91 93
73 81
59 51
98 91
69 12
44 30
74 37
46 11
85 7
99 95
33 48
23 51
4 14
52 35
36 2
9 81
93 16
25 73
22 32
70 43
74 3
44 13
90 67
78 90
65 36
67 68
59 41
37 8
11 0
21 34
97 3
28 18
49 34
53 15
71 3
16 31
37 82
93 28
50 3
20 61
41 73
95 63
98 23
69 5
24 71
25 36
95 11
17 39
93 44
74 94
50 51
24 47
32 35
30 39
18 63
65 31
66 10
58 70
89 29
83 6
94 59
19 99
35 13
6 80
62 3
34 8
73 83
91 72
32 4
62 23
99 76
48 43
78 69
58 32
38 13
72 33
90 41
89 74
76 79
41 8
61 28
99 44
68 95
28 95
93 82
55 28
12 68
80 98
58 48
98 31
80 76
0 99
5 85
31 66
89 61
71 57
18 95
90 58
16 88
38 14
92 9
19 35
74 32
12 26
0 54
57 0
82 99
14 41
61 50
69 97
72 66
27 26
56 22
11 58
4 2
46 39
37 71
79 5
23 63
24 70
34 53
2 8
86 25
91 19
45 63
27 81
58 99
9 14
12 0
28 90
15 6
54 27
85 89
23 66
44 88
47 14
21 54
74 17
19 60
65 60
30 81
86 80
23 15
34 78
98 63
68 46
51 42
60 47
54 34
78 14
63 15
59 68
44 36
18 77
62 49
8 23
30 68
28 13
72 40
52 18
32 91
77 86
82 62
89 80
78 56
86 81
70 83
90 81
3 25
72 58
17 44
53 36
89 27
18 4
83 8
97 90
60 77
56 11
52 53
7 77
83 85
37 84
8 52
66 35
1 88
78 62
52 62
35 30
75 42
19 94
40 37
50 97
89 11
16 4
77 48
56 7
84 5
41 78
65 83
44 9
35 36
61 94
76 85
84 19
73 21
8 47
59 96
42 87
84 96
79 52
8 51
32 94
26 71
77 63
39 8
10 17
33 96
68 62
90 34
49 52
21 15
26 24
97 57
6 40
69 46
41 33
37 68
47 68
98 4
24 81
47 12
94 42
43 92
2 89
88 70
93 95
19 85
16 22
95 19
85 51
24 64
28 83
6 36
24 97
56 14
10 86
66 55
78 79
71 96
32 26
0 93
25 78
87 60
59 50
48 76
95 6
42 56
89 18
99 17
80 5
46 47
95 64
76 5
59 83
19 13
96 25
28 80
11 14
8 16
95 15
23 37
48 21
18 23
8 22
19 33
66 74
77 57
48 17
85 88
90 75
22 27
86 5
99 75
66 61
84 35
2 98
89 72
31 3
78 27
77 68
99 22
22 68
89 49
59 66
87 39
91 40
31 76
0 88
72 0
13 42
93 57
59 57
24 75
39 49
20 39
60 9
49 58
21 38
81 65
63 44
59 24
87 69
76 11
89 70
96 42
59 90
98 47
23 47
97 25
64 31
45 1
79 54
63 4
76 89
13 18
27 93
92 91
26 99
21 40
28 38
24 98
69 70
43 73
27 11
23 74
43 49
60 86
61 36
38 26
83 90
30 51
17 36
56 61
70 23
24 25
10 69
7 81
74 35
57 40
28 25
21 86
56 15
60 0
82 52
93 38
7 91
46 54
84 85
17 78
22 17
80 45
25 12
50 38
46 66
6 42
18 81
7 39
16 79
17 49
43 77
92 84
55 14
57 75
90 70
95 5
18 21
60 18
54 4
51 71
39 36
43 63
57 27
21 30
44 0
73 40
92 7
50 13
19 81
91 44
86 94
9 61
42 67
22 93
49 64
40 2
36 22
92 86
55 31
35 17
73 33
30 38
12 23
24 39
30 37
63 60
18 71
19 39
7 52
53 47
51 79
21 32
99 88
5 91
28 64
44 60
65 85
51 81
64 53
71 5
96 7
34 74
11 63
68 93
18 9
21 16
35 54
86 16
53 10
54 52
34 63
29 96
51 14
85 49
45 66
0 85
4 84
94 21
52 88
41 69
64 2
88 13
44 85
35 0
52 96
44 84
19 3
58 13
80 93
39 2
77 1
16 2
81 80
29 35
98 49
82 23
98 11
77 53
24 1
62 37
30 33
14 39
32 83
2 32
1 56
17 66
19 67
56 89
33 99
79 75
80 94
0 1
60 38
36 60
19 10
54 93
33 95
54 82
32 36
72 1
59 20
89 50
68 44
51 55
66 64
83 35
88 26
39 47
50 49
66 84
4 11
92 95
15 22
64 69
3 80
55 2
73 63
99 29
95 7
53 79
52 91
31 42
69 36
51 68
29 77
30 61
51 31
88 15
75 78
87 37
3 79
94 78
50 88
38 59
1 40
42 65
34 80
23 20
21 58
60 66
78 85
78 7
81 22
0 98
26 74
31 34
58 45
79 6
36 87
77 64
44 2
23 99
17 79
33 38
7 19
6 17
46 59
79 25
17 77
25 72
97 2
70 13
57 60
43 58
2 1
11 53
0 56
31 8
88 10
45 55
66 51
69 94
2 15
80 35
74 44
99 18
65 30
89 34
59 21
76 67
17 47
35 49
70 98
38 88
77 95
32 27
53 54
42 28
47 7
53 43
68 58
71 9
88 24
33 81
86 87
48 9
37 97
47 56
24 54
11 57
23 94
46 84
16 3
82 66
32 43
97 43
26 42
50 2
82 69
7 30
14 27
85 41
34 62
76 42
79 21
45 78
75 37
5 21
42 24
72 69
71 75
45 21
49 77
9 38
69 11
45 18
19 43
35 15
40 78
56 67
51 56
34 29
89 25
47 42
16 13
10 27
