100
730 564 398 545 506 234 600 466 227 184 770 675 909 624 512 98 737 651 266 674 165 24 596 193 889 400 955 745 886 330 652 553 325 64 303 783 816 331 581 857 301 71 279 683 456 890 284 728 538 391 192 555 477 125 495 783 107 501 848 958 641 372 963 541 38 75 41 823 428 558 597 712 85 710 596 457 933 528 104 880 986 990 595 106 181 584 443 54 203 483 970 835 376 816 420 755 260 591 454 174 
20
440 433 569 655 249 160 981 368 852 453 661 994 169 18 798 381 285 132 404 308 
1000
24 52
94 48
20 52
74 12
67 14
52 0
28 73
22 59
90 69
58 76
60 31
82 70
3 70
77 88
73 95
54 72
81 95
69 40
60 11
6 44
22 15
94 39
69 87
41 66
13 55
26 7
29 88
2 36
59 41
46 61
68 25
51 49
36 30
85 88
18 69
48 30
34 77
45 92
54 11
82 20
82 76
33 57
39 82
63 40
63 91
46 21
8 55
53 65
44 41
43 36
22 78
97 41
80 12
12 65
57 22
71 58
39 63
36 23
80 19
46 42
71 74
30 0
77 10
18 28
12 52
30 68
14 38
79 63
77 73
65 55
49 14
12 78
63 97
70 80
68 17
94 50
26 33
26 25
82 36
78 11
88 63
57 14
11 76
25 50
66 4
70 74
55 97
78 46
54 32
54 26
91 53
82 72
44 50
31 75
90 42
87 94
51 35
76 29
94 40
38 66
64 78
44 30
54 3
63 62
40 26
65 17
38 86
12 22
15 7
39 3
43 95
24 9
48 14
2 63
44 76
92 8
95 87
2 99
99 44
44 52
84 5
92 73
59 65
21 27
56 80
66 12
43 94
57 94
87 86
88 51
52 74
28 76
91 45
33 17
70 92
96 88
99 39
6 73
61 42
72 83
49 3
95 35
97 38
81 25
60 34
61 67
73 90
33 1
68 29
2 51
6 28
12 99
6 77
52 66
45 70
40 37
93 69
82 89
37 45
98 67
13 12
86 96
5 45
5 7
38 96
0 90
34 16
17 61
22 95
5 63
29 98
64 58
36 17
38 42
22 71
97 59
10 46
67 40
75 9
10 30
95 54
67 8
9 35
30 17
47 12
82 28
33 79
20 31
38 82
34 93
3 43
10 95
98 57
35 69
79 32
60 88
98 15
67 51
7 65
84 69
94 99
40 22
55 22
38 18
99 55
28 27
32 66
36 77
99 37
16 7
37 81
3 63
31 99
60 92
80 34
92 1
70 55
72 70
43 69
54 15
47 42
8 94
2 62
8 77
59 75
97 26
21 35
9 79
92 5
92 63
42 50
52 83
71 11
58 19
46 20
10 75
36 37
27 0
37 15
43 74
69 98
81 90
32 96
46 14
58 77
64 45
66 40
75 3
20 64
45 79
32 27
80 29
17 53
99 57
99 8
51 17
47 76
80 35
78 56
60 9
87 88
86 84
47 36
64 62
96 89
74 90
41 29
83 8
98 96
43 44
71 94
13 10
39 15
7 67
50 98
15 75
47 40
88 34
55 2
20 68
90 84
20 71
38 9
16 60
67 88
13 66
98 76
49 52
58 66
56 84
94 75
35 4
21 23
58 85
71 16
88 7
50 99
99 90
28 15
7 60
86 92
81 16
26 3
22 66
41 80
70 67
18 55
72 71
39 74
56 47
38 67
87 38
20 89
24 30
84 43
50 70
3 41
45 28
7 29
76 33
95 25
89 85
63 61
25 4
43 67
12 6
84 88
2 33
91 84
93 12
0 98
51 29
91 94
61 97
29 0
84 17
74 93
5 18
34 32
91 16
54 8
41 20
32 44
82 34
41 22
28 86
73 17
73 42
22 6
49 84
65 31
29 11
6 87
10 65
83 28
37 17
48 71
72 25
22 56
59 48
93 23
23 32
40 52
5 88
7 20
20 2
99 64
63 69
69 38
4 88
12 26
99 87
26 67
57 85
57 3
80 85
69 64
53 80
16 54
75 80
79 49
89 58
77 74
9 50
58 55
59 44
63 51
34 25
26 80
58 9
46 74
47 25
18 66
68 66
82 26
0 69
80 27
75 48
63 65
42 75
90 67
41 38
79 84
24 68
3 81
86 34
60 74
98 87
67 81
77 2
24 20
66 75
42 43
45 82
73 96
81 49
85 52
65 1
80 66
68 34
8 30
64 81
72 46
77 76
16 27
1 99
79 24
2 37
29 59
96 80
2 41
89 9
7 24
23 48
70 42
27 9
7 57
50 13
85 8
48 64
61 59
59 93
48 66
12 61
18 2
56 72
66 76
55 40
44 48
89 55
21 44
58 11
72 41
57 97
55 66
74 36
13 61
40 6
72 79
19 85
12 86
24 4
53 85
68 92
94 55
53 18
52 27
95 28
93 30
20 70
8 46
86 52
37 46
21 76
58 57
87 68
74 68
64 73
87 92
0 68
82 37
28 23
7 82
15 53
37 79
77 97
2 0
96 5
74 75
25 96
46 80
12 59
72 55
0 95
90 56
30 82
59 76
15 31
5 64
3 93
5 90
30 32
31 67
16 55
34 49
61 15
22 77
17 54
86 85
6 9
58 68
26 85
43 5
76 35
30 58
43 8
96 23
93 20
5 95
23 54
3 97
28 37
66 39
88 10
90 65
29 96
73 47
25 63
67 94
82 63
12 76
5 4
21 82
85 51
80 99
61 22
55 51
73 57
28 63
61 25
73 9
33 11
5 71
92 22
56 86
33 97
17 24
0 79
67 21
10 86
24 13
76 86
34 7
94 0
63 32
56 8
87 22
55 27
55 31
71 63
30 43
48 67
31 66
35 54
55 76
66 72
43 22
32 18
90 16
63 75
16 43
40 85
35 43
13 1
9 14
21 48
31 6
95 42
74 24
56 59
94 31
59 62
0 53
1 28
62 1
94 56
21 74
45 48
57 6
67 37
39 40
16 53
49 82
27 13
57 87
20 37
19 63
74 51
63 27
55 10
37 58
21 40
9 74
98 28
70 77
69 46
85 44
92 85
67 62
72 34
74 15
73 1
27 60
43 46
35 18
83 15
9 16
35 63
15 93
37 54
25 65
50 21
92 21
18 75
6 51
41 98
73 71
49 62
55 56
46 83
5 98
96 58
16 75
0 38
40 75
54 83
41 15
10 90
72 3
33 72
89 90
8 20
17 31
61 39
57 79
63 68
29 39
31 39
46 98
37 11
39 11
93 40
0 92
61 27
47 64
0 99
34 54
23 47
26 19
69 36
98 62
33 70
27 42
83 82
91 47
62 47
25 60
42 10
37 18
14 76
2 66
17 4
45 78
29 81
61 30
60 49
83 33
33 16
68 4
48 11
62 23
8 21
72 75
29 54
58 78
86 51
46 92
63 47
44 87
13 52
55 7
70 37
15 17
98 80
88 39
68 18
36 20
5 94
26 87
6 41
13 91
48 8
76 89
28 90
27 2
72 60
66 93
27 33
99 35
21 59
26 36
40 10
79 56
84 76
38 65
47 84
15 64
87 60
85 72
25 51
47 81
85 43
59 28
61 54
24 88
14 0
18 58
67 19
61 44
71 54
11 7
94 12
93 89
86 19
49 88
71 56
93 33
11 73
48 60
24 78
39 52
68 76
98 6
67 23
69 82
36 28
78 65
71 46
66 59
83 22
38 44
13 33
29 40
93 85
94 42
78 84
46 91
81 51
31 52
84 28
34 26
85 0
90 57
70 51
95 12
31 69
5 79
5 80
38 72
94 16
66 24
80 17
7 36
84 67
64 84
33 92
9 90
66 15
17 41
89 29
98 79
30 92
22 63
18 15
83 12
94 64
57 42
86 77
8 40
93 58
47 4
98 40
64 53
66 56
12 7
96 56
92 61
15 21
53 29
95 82
89 48
16 42
69 66
98 61
40 56
50 45
7 31
70 31
40 57
7 61
83 16
43 32
31 35
68 98
33 60
94 4
56 60
80 82
57 24
39 56
87 27
0 23
26 96
47 37
79 71
60 6
70 97
3 76
76 90
26 39
87 7
61 77
45 21
72 19
97 64
59 58
42 25
98 90
66 53
69 13
28 4
40 76
73 82
56 92
14 21
8 4
39 95
32 47
50 31
34 2
43 61
49 68
65 14
74 99
78 19
2 16
51 30
60 66
12 0
45 41
67 64
43 91
30 65
7 25
52 10
24 43
80 94
37 26
20 28
15 96
33 80
98 14
60 28
67 60
99 91
91 5
76 80
89 51
64 59
96 67
5 44
73 16
50 20
90 49
49 54
68 32
11 27
63 78
1 86
33 48
84 61
43 77
97 90
62 61
1 48
64 3
66 99
36 58
52 64
54 93
19 70
49 56
64 79
8 12
53 62
2 94
28 9
56 51
72 69
64 35
9 91
64 61
98 56
86 47
44 56
53 8
45 43
14 51
25 11
57 4
15 49
99 89
2 35
4 79
13 99
73 84
31 37
89 67
9 30
97 73
19 81
15 1
94 30
10 37
49 7
17 64
77 3
6 67
98 77
49 32
47 5
14 78
84 37
17 72
94 28
37 85
22 53
63 21
36 8
18 25
29 16
34 42
18 7
16 8
29 87
7 83
43 15
86 27
2 40
65 84
38 56
68 96
65 60
86 0
64 30
50 35
83 65
5 37
80 36
80 15
52 79
73 41
30 77
14 86
98 91
1 59
52 84
76 92
8 80
9 31
54 79
42 55
46 2
5 46
57 27
70 96
6 39
87 71
86 21
38 35
87 79
25 27
6 66
20 12
77 87
65 82
84 95
82 94
61 31
31 76
