100
300 516 220 239 119 629 949 490 844 268 192 24 126 66 940 319 589 48 612 178 37 712 38 293 641 744 952 403 877 867 231 507 40 266 661 164 544 958 381 626 565 859 620 621 44 918 16 816 551 600 475 559 610 900 18 817 22 305 616 461 314 72 525 477 415 906 224 156 125 444 820 320 761 313 701 526 134 878 67 745 417 137 2 329 465 239 579 666 880 873 760 524 872 175 304 238 288 606 72 226 
20
274 727 254 922 379 224 55 998 233 587 507 32 207 160 365 467 852 902 69 513 
1000
9 58
85 1
92 39
44 58
35 2
24 40
12 73
42 2
90 94
68 1
96 82
36 19
61 70
81 56
82 22
76 69
91 47
47 36
7 4
60 48
88 21
46 48
77 50
37 33
30 39
54 11
5 91
58 59
33 56
21 13
71 39
99 85
4 53
21 68
23 30
39 23
80 90
65 14
32 55
37 31
60 37
52 90
72 93
74 89
29 68
29 1
11 61
85 51
64 66
1 69
40 46
54 68
96 29
35 7
9 83
97 49
79 69
65 93
50 23
43 10
97 81
25 89
97 86
17 24
10 65
29 95
94 20
97 37
92 9
29 25
28 52
75 1
35 26
90 42
16 11
95 31
15 2
6 66
35 88
76 19
36 76
7 5
33 72
90 21
86 81
70 27
11 25
67 11
27 67
89 90
13 14
8 61
0 63
95 73
84 92
62 74
81 61
41 90
18 17
51 79
98 57
21 1
87 92
25 97
41 55
8 86
2 33
80 31
18 49
21 41
65 96
95 3
12 19
94 57
11 39
20 32
14 64
66 41
47 81
82 88
79 73
44 15
83 75
79 46
98 16
62 85
75 21
86 50
61 63
89 70
34 41
53 36
77 60
52 37
85 76
50 25
82 80
62 66
31 3
28 33
41 3
63 34
28 25
77 76
68 69
12 86
58 38
9 59
81 79
96 36
14 54
35 74
21 8
2 26
53 81
49 23
1 88
72 92
63 90
45 48
89 58
21 14
79 78
66 86
39 29
26 77
88 34
44 11
88 23
57 71
19 98
15 25
43 84
46 18
41 87
62 83
2 38
66 20
11 47
48 82
22 36
44 63
15 27
62 46
69 25
60 63
31 32
13 9
30 89
67 0
61 35
65 43
63 29
36 67
30 6
25 83
76 53
56 50
67 55
20 19
10 42
63 3
82 92
84 14
76 57
44 19
96 23
89 38
64 65
88 4
13 12
19 5
51 5
45 80
39 9
61 88
80 13
60 42
8 13
14 7
55 66
26 46
47 33
13 58
5 84
62 88
41 69
79 21
40 30
57 84
65 74
25 99
61 4
65 63
16 45
6 67
44 21
80 32
83 69
97 76
73 67
38 79
51 11
73 20
3 61
75 90
94 47
10 93
56 58
12 82
74 84
93 56
96 16
77 10
46 33
34 39
42 12
72 18
72 17
61 80
60 57
7 16
89 4
81 80
3 70
0 84
73 55
49 14
10 21
20 37
71 66
79 39
95 11
57 20
31 55
99 2
22 51
98 96
46 21
54 50
93 54
7 58
48 23
7 36
17 53
42 71
61 41
77 45
87 57
56 83
75 77
69 10
49 71
28 2
56 87
23 58
68 57
69 88
53 95
16 37
54 59
22 77
37 47
18 70
60 44
23 22
81 4
56 16
29 89
57 41
49 69
57 7
83 73
46 14
55 34
8 20
67 62
59 56
49 3
66 79
85 8
78 34
94 11
65 33
21 51
80 24
9 69
50 18
41 85
2 55
70 69
23 75
33 70
96 77
55 36
56 99
14 93
33 13
26 53
45 83
81 43
91 21
68 24
48 66
1 61
39 27
51 55
98 33
47 41
60 36
37 36
33 75
48 1
84 96
51 44
61 83
88 73
37 59
19 57
20 27
34 44
35 6
84 61
70 1
47 42
35 70
89 37
20 65
35 28
14 29
83 30
45 10
83 48
74 47
92 85
7 63
44 99
28 94
15 91
75 0
45 79
15 88
95 26
16 48
50 59
90 78
41 7
61 89
96 74
41 15
34 92
38 67
51 34
35 8
24 23
5 24
7 74
28 16
54 12
73 82
0 78
17 14
9 11
11 73
98 32
6 2
67 64
27 26
42 41
76 8
60 32
1 37
80 47
51 20
37 51
30 81
62 81
78 31
52 85
92 73
49 40
83 82
9 98
36 20
50 84
9 76
69 0
59 10
94 44
31 49
49 55
43 80
20 95
38 33
55 76
81 68
14 1
25 64
17 45
73 45
83 98
46 55
43 16
45 42
5 29
66 35
69 27
47 27
34 74
82 58
24 53
53 89
50 35
87 69
6 61
46 31
34 93
65 56
90 36
43 86
36 77
71 98
45 31
88 85
52 31
6 57
97 88
85 17
12 72
28 34
28 13
10 30
38 22
19 0
94 60
82 13
19 52
12 9
49 36
20 6
36 95
69 26
53 47
5 63
63 37
59 18
38 14
55 37
32 92
91 34
71 2
95 83
1 2
27 55
41 48
93 33
92 15
73 72
78 50
42 96
20 93
35 95
92 88
20 63
40 52
49 53
64 97
47 43
45 40
27 22
26 6
49 92
92 69
69 19
22 25
99 48
90 18
20 52
7 90
35 75
98 13
74 91
95 42
35 98
66 29
50 43
74 36
34 95
55 77
66 28
97 91
92 10
9 10
56 0
84 11
27 59
19 74
18 94
70 96
17 68
69 95
29 67
57 97
18 61
31 73
45 43
76 24
78 84
14 51
23 72
97 20
24 35
76 22
35 80
2 75
5 8
21 92
48 20
44 33
78 41
93 16
35 10
19 75
42 15
59 8
27 83
42 67
75 13
74 3
68 49
44 39
2 41
82 70
43 52
92 36
83 35
9 35
30 12
73 69
26 62
16 92
52 1
8 9
21 25
80 62
68 38
61 98
83 81
84 81
8 2
19 1
65 76
91 26
75 43
48 24
89 5
68 45
27 85
67 9
59 52
50 71
31 69
35 93
30 78
94 9
67 37
25 32
41 51
85 46
44 95
96 18
37 49
68 2
90 66
66 33
60 31
32 59
83 31
94 17
77 90
25 98
45 89
95 82
10 54
32 7
96 93
99 21
92 7
11 89
0 73
92 44
48 47
32 69
49 56
3 18
52 68
32 52
38 99
65 90
74 59
52 29
43 53
47 73
24 28
57 9
17 79
62 23
28 8
0 36
68 53
56 26
70 49
24 69
73 41
47 23
22 9
51 78
5 43
59 99
51 72
5 90
31 11
94 98
79 55
28 77
31 66
11 59
43 19
32 75
80 85
40 66
20 70
22 67
74 61
73 91
91 98
78 4
5 21
26 72
43 51
85 64
68 63
66 65
20 4
22 39
10 86
10 3
2 65
77 23
25 34
19 7
91 67
48 49
34 89
42 35
25 59
94 63
32 47
51 58
4 6
81 74
16 83
10 29
63 33
69 43
19 42
44 37
57 33
16 22
54 98
1 57
31 15
16 73
11 53
89 63
58 35
60 98
8 36
17 70
58 28
27 56
97 58
68 99
56 86
57 18
5 27
47 0
93 8
79 37
64 28
33 60
35 41
0 65
14 41
42 32
23 76
44 43
67 31
19 50
23 46
19 51
80 60
13 64
6 17
73 37
7 67
65 69
95 9
13 1
98 12
14 86
76 50
57 32
33 82
46 16
98 28
35 39
65 83
32 54
34 64
37 74
12 41
69 16
70 52
55 7
71 11
50 58
44 48
77 38
39 56
39 40
27 10
18 68
46 39
26 33
64 60
52 73
23 84
28 93
25 24
20 82
83 57
47 72
85 93
48 10
99 83
65 18
80 26
18 73
67 16
3 91
64 49
24 19
30 16
25 66
0 30
82 94
67 82
68 36
77 68
66 72
36 66
47 77
44 42
61 25
51 54
75 78
45 57
42 56
20 21
81 7
36 52
74 54
97 45
83 18
25 90
45 92
24 14
28 83
35 67
26 24
69 53
90 64
63 2
13 66
82 84
90 30
49 32
81 85
47 22
18 39
94 80
95 41
87 67
96 89
41 30
66 63
50 46
17 76
96 54
67 88
51 91
78 38
23 33
48 71
31 48
17 52
12 46
99 53
60 92
24 71
98 11
3 23
22 80
25 95
22 21
86 76
2 96
80 70
94 27
47 98
98 69
58 32
98 18
98 55
91 14
2 34
65 89
42 43
24 97
47 97
36 86
96 14
34 21
56 98
17 65
31 22
60 43
61 34
18 58
9 55
0 16
28 15
76 92
30 31
73 22
57 35
32 46
7 66
50 8
73 43
12 87
56 89
61 54
79 27
31 86
93 39
8 97
63 10
55 21
16 68
28 17
78 58
37 66
15 24
92 38
76 2
65 88
39 50
50 96
66 59
14 6
59 81
31 24
98 30
41 81
46 76
65 9
72 71
78 71
14 35
0 26
55 13
17 80
76 38
52 24
37 75
46 84
10 72
90 72
52 58
83 15
36 35
39 88
60 22
29 92
74 58
88 54
72 31
53 12
67 51
44 36
90 57
5 98
98 22
96 20
56 28
53 44
90 92
48 79
43 71
26 59
25 38
4 76
2 61
21 57
88 78
11 7
36 82
48 50
10 11
35 99
35 27
59 80
54 63
62 27
45 15
83 3
91 52
67 56
88 32
25 53
34 37
84 80
61 7
21 78
42 69
8 42
98 24
76 12
60 61
52 33
94 87
84 15
34 47
24 63
54 19
3 57
56 47
61 26
64 51
86 65
41 75
87 47
76 79
23 29
19 65
44 97
61 55
26 43
