100
662 382 833 252 84 138 844 66 209 835 233 464 111 544 707 430 591 623 584 83 217 548 314 830 164 367 707 116 714 884 777 377 874 152 993 450 693 771 844 183 809 947 63 325 191 423 561 604 271 167 106 433 484 215 160 696 43 228 300 717 237 131 234 762 779 239 856 719 128 814 997 190 196 515 655 572 763 353 851 169 213 82 120 386 384 986 739 28 312 329 706 433 669 959 513 856 944 865 206 123 
20
998 158 292 704 679 709 626 284 832 201 36 820 979 402 35 496 761 877 623 819 
1000
93 43
81 14
99 5
1 61
14 1
2 44
52 22
74 12
26 24
77 96
8 19
67 70
80 28
88 10
61 8
9 40
52 47
16 28
31 5
42 29
42 36
45 36
91 36
46 18
66 98
24 52
49 19
53 18
76 36
93 16
3 57
27 41
35 1
77 37
55 27
31 77
25 29
50 68
39 61
36 82
18 63
49 7
82 70
58 93
58 10
50 86
22 64
41 43
25 53
72 22
92 71
51 13
15 30
25 46
62 41
75 52
78 17
92 42
27 61
44 27
88 79
21 79
20 8
52 40
33 95
15 69
96 17
7 61
89 56
16 40
31 17
76 27
57 26
31 22
13 33
21 42
28 9
53 16
34 0
52 4
92 98
42 8
6 68
13 70
23 16
91 22
70 52
43 11
24 20
60 4
73 10
41 34
47 38
96 3
90 71
53 69
25 5
6 12
65 71
72 31
90 79
68 3
57 96
57 12
97 93
5 75
88 45
69 21
32 56
40 18
38 73
33 62
1 0
3 62
11 46
64 89
31 32
74 59
15 3
63 20
22 1
69 79
8 14
15 20
58 8
85 8
71 66
45 40
45 84
99 24
57 36
90 66
79 99
42 26
61 89
24 60
56 52
63 93
32 71
3 65
26 21
26 73
7 55
78 99
1 26
59 61
91 0
75 38
47 53
70 90
42 6
58 82
65 6
15 86
67 72
30 16
71 73
66 95
82 90
69 35
89 67
83 46
88 82
85 96
77 1
17 36
8 6
3 91
56 82
76 21
98 50
45 31
77 81
32 45
81 52
56 39
75 68
5 77
19 95
1 91
43 57
3 60
55 50
71 34
15 89
76 54
22 50
13 23
62 77
23 28
64 97
33 46
44 21
54 16
80 74
26 74
60 34
47 23
42 2
98 63
48 26
81 79
92 20
85 95
67 31
74 56
14 42
59 83
23 36
55 35
38 43
80 89
55 51
36 86
41 46
56 91
92 90
3 8
77 54
15 55
56 94
38 5
28 54
17 67
84 1
64 3
1 16
41 14
81 5
43 59
64 4
76 90
48 79
35 17
77 11
21 54
46 22
89 2
39 64
19 93
53 88
79 44
86 13
15 62
50 85
33 97
43 52
62 36
95 46
40 47
89 16
65 18
59 28
34 78
99 93
57 58
50 2
93 76
37 12
11 6
10 38
17 39
64 52
76 39
36 6
58 23
38 99
93 33
42 37
47 71
83 43
4 69
66 75
27 6
7 69
67 45
34 64
44 58
41 94
40 60
3 52
54 24
25 89
51 23
32 25
70 79
51 83
71 28
18 72
80 46
45 14
51 34
65 32
89 4
5 59
18 39
21 25
78 26
26 43
30 3
77 76
65 88
34 12
24 66
51 85
10 27
92 29
83 39
2 1
37 82
23 22
53 13
60 80
14 96
84 92
37 87
22 6
72 2
64 31
5 88
99 10
89 98
16 9
87 93
85 56
35 15
7 31
28 45
83 10
38 61
68 97
49 55
50 38
38 80
97 88
77 41
91 39
35 22
84 72
23 46
85 27
9 68
23 41
37 64
7 75
80 98
93 73
12 91
21 53
74 40
89 40
13 4
21 80
46 76
43 12
23 60
41 76
8 83
99 42
43 23
90 0
18 43
45 61
27 84
82 59
94 48
27 71
19 43
45 83
17 76
55 57
68 76
14 73
57 63
49 18
89 27
56 15
20 0
57 73
77 30
96 18
32 29
15 84
52 30
91 21
40 56
69 52
48 61
7 70
44 37
95 94
42 59
63 46
78 38
68 2
53 59
77 55
38 69
93 2
27 94
24 94
41 31
64 46
68 63
55 98
51 61
14 97
19 35
51 32
91 88
36 61
52 33
36 48
19 76
88 2
89 23
81 84
25 36
27 53
47 84
19 37
32 19
75 10
31 82
89 49
69 26
31 93
17 20
23 37
53 62
22 15
95 52
75 76
13 75
70 43
39 72
83 28
46 93
82 4
20 10
48 91
83 56
17 63
97 44
32 97
82 48
82 1
31 66
12 81
92 44
53 44
95 18
20 29
42 3
69 89
65 91
54 1
34 32
8 52
61 56
21 55
87 80
46 67
87 50
56 95
41 8
94 26
97 40
3 95
21 22
50 21
55 96
54 61
33 85
12 98
97 52
25 38
85 35
19 41
73 47
10 49
91 70
47 89
37 1
39 69
8 65
99 21
12 16
81 55
41 72
82 22
22 75
81 98
13 67
13 48
55 34
72 33
9 93
79 55
88 9
85 40
34 50
40 61
89 84
6 21
98 62
88 28
67 19
23 20
97 36
64 30
13 19
61 30
20 1
2 92
43 49
89 68
40 63
36 41
84 43
15 70
29 94
92 76
16 82
8 49
62 18
5 32
59 10
31 86
79 24
23 5
52 46
66 3
96 31
43 75
77 69
36 35
38 97
38 12
60 52
96 39
22 83
70 42
93 15
26 4
30 51
1 60
48 52
1 4
70 39
42 57
0 7
14 18
73 67
46 61
90 26
59 8
62 69
22 65
20 12
75 98
43 56
14 20
44 42
22 45
71 26
32 33
70 37
92 14
86 10
5 63
58 96
83 38
0 36
18 23
58 17
62 87
87 89
30 19
31 40
0 47
86 23
23 11
48 4
8 7
9 24
66 61
20 18
92 72
11 90
88 40
25 55
30 29
37 93
0 39
87 95
2 16
77 71
75 45
3 38
74 98
0 71
24 7
22 79
12 23
93 60
86 20
95 44
74 39
82 51
7 78
98 30
95 16
46 21
60 32
29 79
87 92
79 65
1 55
57 80
32 6
0 88
89 91
40 2
0 55
99 16
98 77
29 54
26 64
13 56
33 49
2 81
27 15
88 30
18 85
38 22
65 96
52 68
67 52
85 46
98 87
12 24
77 87
92 45
35 91
65 81
2 57
80 79
80 39
76 42
28 8
34 4
86 82
12 58
8 16
27 18
73 35
88 35
60 12
1 68
87 45
80 35
23 30
46 88
28 7
36 38
86 2
32 99
39 54
35 27
74 81
23 38
29 16
83 97
7 56
3 83
50 30
22 12
49 39
73 19
64 72
49 4
83 87
22 49
32 91
17 27
34 29
30 45
43 48
19 55
29 95
97 45
27 26
85 4
58 25
87 81
56 49
35 5
36 66
50 35
8 60
55 6
23 64
46 92
17 7
66 91
45 26
97 15
14 95
91 34
74 71
86 83
76 53
62 65
13 28
19 27
52 6
92 65
30 59
28 31
19 47
25 79
54 47
36 90
80 69
1 78
47 79
34 38
86 76
21 86
63 60
3 93
37 83
66 50
98 23
60 26
28 86
60 2
95 53
18 35
64 0
50 62
83 50
62 35
97 4
41 35
53 85
73 45
3 7
31 74
15 54
16 69
26 19
55 67
5 24
87 16
71 67
80 75
73 70
74 73
76 88
90 73
77 45
80 32
90 85
1 3
93 52
86 63
85 64
36 40
49 90
74 17
52 88
79 76
73 3
32 76
50 33
73 50
91 71
38 31
17 25
70 40
89 60
4 84
32 73
34 63
27 33
48 66
4 68
12 95
11 29
95 4
38 72
23 95
40 54
38 40
76 96
16 41
42 84
52 28
91 46
42 32
70 21
12 65
63 32
67 43
92 25
80 51
31 43
2 65
74 82
19 96
89 58
22 25
94 15
91 98
53 9
67 42
90 77
70 99
60 76
53 30
54 38
19 50
92 10
57 54
9 62
52 20
90 2
70 57
81 45
2 59
43 14
38 53
20 73
48 74
66 43
70 17
67 20
25 63
99 41
8 56
72 94
99 86
94 79
83 92
5 9
51 88
58 48
76 55
46 79
59 19
55 64
83 69
26 59
12 2
35 89
36 94
61 15
75 63
29 28
44 28
49 1
11 36
29 44
69 59
71 76
32 57
33 0
82 71
93 67
58 26
52 98
38 52
62 89
82 41
78 74
15 96
53 67
9 37
64 25
62 99
60 31
4 56
98 10
9 84
46 68
49 32
25 60
79 77
32 2
42 71
79 4
97 79
54 86
66 94
30 86
81 58
45 33
34 24
51 29
22 58
4 71
21 23
66 5
88 13
28 14
74 95
85 88
32 96
71 3
99 98
84 34
12 64
41 5
19 90
61 90
25 35
17 49
24 87
35 83
19 45
48 60
93 22
14 54
44 33
40 64
27 32
30 81
39 71
97 11
4 21
66 47
98 72
29 2
60 11
14 58
30 31
17 79
19 11
8 5
62 92
50 75
52 41
69 63
64 44
95 39
94 1
64 81
25 34
22 37
38 41
81 36
11 82
97 78
18 99
99 39
68 91
91 90
56 70
62 21
0 8
72 13
83 20
59 46
69 76
42 61
36 4
38 98
88 77
28 37
31 70
0 13
44 81
31 50
7 5
98 79
35 49
74 72
47 28
93 83
71 14
46 86
75 83
27 48
52 74
85 89
69 84
20 30
9 2
74 9
57 9
32 86
44 74
39 73
46 74
98 73
93 20
70 14
12 75
