100
598 222 884 653 890 192 957 675 22 88 120 236 629 83 408 325 743 134 639 321 579 662 791 218 670 891 738 372 566 735 251 165 197 434 540 137 590 616 82 148 142 335 417 894 68 801 233 536 479 332 931 161 18 696 130 520 867 646 896 629 69 151 78 264 342 784 868 369 665 192 494 341 13 546 682 446 533 821 197 412 897 453 364 222 664 969 54 9 814 424 906 77 495 643 51 834 914 476 867 792 
20
790 756 260 523 782 988 289 472 49 919 985 637 124 942 965 297 386 219 33 697 
1000
17 11
48 79
41 73
66 0
33 75
78 26
18 75
32 33
39 12
84 74
40 18
6 34
18 44
66 74
45 21
67 81
27 48
90 48
45 92
7 24
24 19
78 60
26 80
30 27
64 20
55 69
63 36
54 35
56 79
75 16
6 32
52 71
69 9
6 66
85 78
19 29
76 29
40 53
2 8
40 77
72 62
3 60
31 27
20 24
82 86
10 22
78 32
73 23
87 33
47 45
88 84
29 90
1 23
40 6
88 67
82 48
80 65
96 17
13 29
2 93
58 49
40 34
20 57
21 68
20 21
92 52
88 12
93 65
61 48
97 30
47 64
53 48
55 66
32 30
53 49
41 45
12 69
70 86
39 38
37 9
37 65
41 8
5 54
20 75
75 37
77 71
54 27
91 10
83 35
72 30
4 64
36 37
49 30
46 90
63 55
75 83
43 27
67 83
10 98
17 0
35 0
15 89
98 0
64 85
80 21
52 93
73 20
95 4
40 76
61 2
91 22
5 85
12 11
78 4
29 28
93 83
26 46
90 72
54 56
25 15
9 77
28 3
73 97
62 87
27 59
99 43
94 6
72 39
47 66
99 91
18 25
38 97
81 41
73 33
24 90
23 19
6 24
81 22
24 95
47 93
73 47
73 65
25 51
50 17
62 4
83 22
4 17
91 40
46 31
59 23
28 84
51 28
15 8
88 15
77 37
90 0
51 61
28 22
68 28
32 64
28 14
6 60
76 68
7 95
55 30
45 66
23 91
47 82
86 76
45 62
18 1
91 32
68 52
85 89
76 81
15 49
65 25
64 34
49 90
0 89
28 81
77 45
53 19
71 23
70 40
12 55
10 6
89 14
87 63
94 57
69 85
17 85
54 95
56 98
87 26
0 52
0 49
38 76
76 1
87 12
21 60
77 5
20 49
26 54
43 67
69 10
19 82
81 46
74 8
61 37
48 42
46 76
45 25
81 96
11 61
79 69
87 81
41 65
4 97
83 62
13 57
27 88
20 70
30 89
83 42
90 1
87 28
37 23
90 45
90 68
86 88
93 79
86 26
5 95
24 32
9 93
91 37
18 64
1 60
52 61
91 58
36 9
36 58
40 83
90 55
49 42
32 23
11 98
30 2
58 19
94 68
4 7
59 29
3 13
67 76
59 5
91 2
34 5
14 69
73 50
27 36
84 24
76 20
75 27
88 23
93 37
72 86
17 45
78 11
76 55
31 71
59 64
57 26
30 64
81 86
49 80
2 56
99 75
93 54
16 41
14 70
82 30
63 56
52 30
49 79
97 53
14 35
54 25
62 34
4 48
21 99
53 8
68 80
21 28
52 89
33 86
32 86
5 71
67 47
21 72
52 64
37 64
62 12
73 60
54 0
14 62
32 22
34 32
72 76
65 64
10 20
42 57
63 65
17 48
13 30
25 44
68 69
72 46
93 98
5 14
94 19
98 83
95 18
93 1
60 36
42 10
39 42
69 16
80 84
22 50
32 59
50 39
57 70
98 5
32 73
47 25
25 80
99 7
90 35
17 38
65 20
10 51
0 55
18 29
77 43
68 1
43 2
71 46
15 53
9 51
18 89
61 27
22 37
89 36
20 1
13 2
64 60
20 77
69 47
69 77
3 37
70 68
29 10
3 56
93 55
44 93
88 35
86 6
84 43
41 35
4 44
97 6
30 90
46 18
63 44
38 44
59 1
69 58
44 52
87 9
41 60
63 72
92 11
66 5
7 84
86 17
2 98
45 76
86 4
59 86
54 62
89 33
30 12
40 73
8 85
5 63
78 7
12 76
26 88
61 5
24 34
69 72
67 55
59 76
33 83
84 5
38 81
70 96
23 83
68 3
95 69
57 21
5 32
22 51
29 45
31 83
97 65
98 1
51 50
68 4
77 46
75 41
93 10
24 33
36 96
56 0
94 51
96 30
78 22
94 73
56 20
94 77
81 53
41 43
86 35
6 39
84 83
95 50
18 58
74 10
58 87
89 6
53 74
67 16
51 40
79 31
1 0
50 81
85 71
11 73
17 29
9 33
98 26
7 62
12 79
66 25
0 83
20 69
18 33
70 56
93 48
21 8
72 24
80 16
16 33
28 66
8 28
93 18
49 1
50 69
71 36
38 19
82 74
68 97
11 48
31 2
14 67
74 16
82 25
85 95
12 94
91 57
76 53
8 14
23 31
45 97
37 47
27 40
12 5
81 95
1 3
9 27
78 81
89 37
81 75
59 97
70 9
52 79
82 90
37 67
41 33
52 91
54 92
38 65
2 3
79 39
18 49
35 16
73 78
91 95
39 56
15 86
56 68
73 25
21 42
84 38
64 77
51 79
13 34
58 45
30 47
43 75
84 4
67 95
71 25
32 41
16 77
11 71
46 20
84 93
3 12
83 57
92 88
61 67
79 62
83 48
29 89
47 38
3 14
67 19
9 96
91 14
46 24
45 57
8 71
34 29
35 9
56 69
65 18
13 27
34 35
24 73
81 64
68 20
82 89
11 22
73 38
75 29
36 65
74 5
30 10
14 4
75 53
36 68
55 35
83 80
54 51
7 66
53 9
34 98
84 17
7 96
98 19
90 9
76 85
41 5
93 86
77 53
44 55
15 22
93 75
76 89
92 32
48 31
91 80
24 80
8 83
65 68
13 0
23 40
39 98
40 69
34 8
64 45
42 28
74 41
62 30
88 6
56 32
75 36
84 20
38 11
1 67
62 99
29 5
25 11
7 88
88 34
9 42
19 68
48 69
27 46
4 87
28 17
25 21
59 87
70 90
10 12
82 81
78 20
14 46
23 87
26 31
61 43
24 12
77 28
37 45
40 87
31 72
7 70
61 62
16 17
23 8
23 84
72 45
87 49
9 6
99 28
26 33
18 91
49 40
59 19
38 79
11 13
39 87
10 94
19 69
71 35
65 56
66 24
46 60
30 23
79 80
73 66
93 16
15 61
45 73
65 51
8 44
60 90
16 3
23 86
99 61
93 41
45 10
92 2
32 7
36 16
66 12
95 68
88 45
18 70
48 88
31 29
55 83
35 10
0 48
21 38
31 54
4 5
17 77
41 9
98 50
69 5
58 41
5 72
95 96
37 82
60 38
91 19
41 79
36 86
19 42
73 30
39 83
47 33
51 84
12 48
93 42
23 41
68 89
86 29
79 65
22 5
67 86
48 63
47 68
52 75
60 10
35 59
93 34
48 74
5 96
28 32
4 50
51 67
30 41
51 8
41 66
81 79
18 16
33 37
82 79
5 51
68 61
83 69
70 17
7 22
37 39
40 75
59 71
12 54
40 79
50 63
85 15
28 90
96 10
66 20
23 60
25 12
19 70
88 61
46 1
83 86
73 63
51 11
87 79
51 62
74 80
12 58
49 68
24 65
0 14
45 99
37 85
35 25
72 47
14 2
18 20
71 7
12 56
47 53
57 34
21 16
11 60
33 53
84 18
59 52
88 75
12 60
47 60
70 5
54 14
78 64
72 70
97 25
43 58
68 18
21 85
27 33
35 49
25 61
17 65
58 81
33 8
60 42
18 74
45 78
71 74
51 97
83 92
65 14
26 4
97 60
33 85
30 99
84 19
97 28
10 83
55 17
51 93
29 36
35 7
20 88
3 78
45 67
9 80
39 58
97 26
4 9
59 57
39 28
85 3
90 19
88 63
57 1
86 90
85 58
95 37
12 31
86 69
13 71
37 30
21 93
63 58
84 82
89 21
19 18
62 85
26 37
66 21
12 61
57 14
48 5
17 76
73 51
64 16
12 41
74 29
17 27
35 73
44 29
28 0
24 93
78 56
53 0
71 86
64 3
24 68
30 1
71 97
79 95
10 64
86 78
81 49
7 61
5 10
33 76
71 92
57 31
10 97
42 36
58 77
66 80
13 9
49 88
3 19
15 79
38 0
32 68
80 37
86 12
54 7
46 39
58 64
85 46
47 6
55 85
94 88
17 78
94 99
83 25
42 29
79 67
57 86
29 85
74 28
60 70
77 80
36 5
61 83
92 12
77 33
9 76
66 42
34 63
54 90
63 15
11 45
75 31
63 97
15 96
90 2
88 56
65 72
72 37
74 21
43 94
86 3
58 68
45 32
16 31
3 35
94 41
43 50
3 55
47 39
47 70
15 3
69 23
51 43
49 10
32 44
2 54
71 2
26 63
61 24
98 53
86 61
0 37
64 6
11 64
16 85
74 22
36 47
21 50
52 69
40 29
27 0
79 36
52 18
70 93
84 71
26 42
50 80
76 93
25 36
72 10
2 10
19 85
40 59
81 14
67 98
49 75
11 41
61 82
71 47
65 91
63 86
8 82
87 35
66 16
51 32
84 63
22 19
36 41
76 88
50 75
34 38
55 46
1 47
94 33
88 78
62 81
42 14
44 27
71 39
47 98
80 72
6 69
40 10
83 70
16 4
81 34
85 13
10 1
35 15
84 31
55 56
52 31
96 66
31 4
25 99
82 60
23 36
85 56
23 85
70 41
80 93
12 34
