100
305 268 755 832 72 941 955 418 655 250 158 653 237 523 415 820 661 470 533 982 102 29 790 89 772 539 891 780 513 568 306 101 807 238 427 604 590 464 565 448 79 471 671 568 696 336 64 709 85 859 881 837 848 655 181 117 332 631 823 519 472 745 249 198 285 313 551 131 977 909 924 911 560 341 943 590 954 191 571 54 784 32 591 845 311 562 967 260 26 634 424 23 827 346 741 196 878 461 795 835 
20
403 40 850 167 96 710 934 66 463 782 400 989 546 197 356 909 241 609 326 257 
1000
23 74
98 91
99 12
91 58
19 40
36 33
78 67
34 76
96 51
83 37
16 92
83 67
38 29
89 51
60 44
95 53
7 44
33 84
51 97
80 89
45 66
18 53
51 63
56 83
96 22
72 0
78 61
4 28
89 75
84 64
5 86
82 48
85 4
32 80
80 6
69 2
66 62
83 94
15 4
77 72
26 22
10 84
72 49
89 37
94 78
47 69
37 51
24 54
71 52
2 79
27 46
67 49
21 17
92 32
66 65
40 0
42 90
2 20
50 99
26 71
57 55
61 43
32 7
1 74
38 8
51 26
5 55
88 5
2 23
20 26
68 45
11 7
14 72
72 93
94 96
61 16
9 91
24 88
98 83
68 87
58 47
97 43
18 24
1 86
13 61
67 18
90 95
38 69
0 98
55 13
52 73
73 29
36 77
67 19
22 1
94 14
73 13
78 72
22 19
57 51
40 39
69 54
91 59
54 60
45 81
55 37
12 29
40 41
9 77
10 47
62 78
44 78
31 18
71 59
49 79
37 47
64 85
5 76
99 10
85 42
75 67
95 67
35 7
27 84
36 98
5 98
90 98
81 99
8 25
48 41
45 69
70 73
95 49
22 44
4 9
96 56
97 87
88 99
8 42
2 13
32 65
36 15
14 37
56 3
1 32
74 86
33 89
40 94
98 38
71 33
42 69
7 43
75 29
20 73
32 47
28 44
10 21
1 8
73 97
31 85
31 96
3 2
34 72
75 28
17 42
63 86
81 94
37 25
49 43
1 95
93 25
72 73
56 46
66 40
53 32
18 41
34 23
73 95
32 6
45 87
65 79
79 50
1 14
10 75
98 62
58 81
3 23
95 50
59 23
44 63
27 61
11 15
76 89
86 59
16 44
97 46
34 90
22 29
63 37
62 7
12 78
66 41
24 9
95 2
78 74
41 57
87 86
35 48
93 18
25 19
65 50
63 47
60 49
4 73
93 78
51 85
10 8
28 14
89 13
94 15
27 58
61 40
22 9
66 68
96 25
54 84
91 86
63 2
19 80
23 84
45 56
50 69
82 73
42 11
80 4
91 63
68 99
12 61
73 64
99 38
21 61
79 90
42 7
89 70
28 56
47 54
5 45
46 53
39 94
31 62
86 41
87 26
72 19
8 2
55 88
61 22
71 45
61 84
70 47
67 2
91 54
30 28
95 33
66 21
25 88
10 60
7 64
55 80
24 46
75 44
46 34
6 21
31 83
20 99
7 74
93 31
65 59
1 31
88 2
66 18
12 42
0 93
52 82
8 36
45 39
44 59
4 18
80 9
96 35
3 79
47 25
57 78
75 30
65 39
99 25
51 32
1 56
52 24
85 88
22 92
42 53
75 84
6 79
10 65
8 73
28 68
68 32
19 94
19 2
50 26
31 27
68 2
71 29
23 81
17 91
9 5
26 36
86 18
42 16
85 18
15 68
22 20
14 10
55 47
48 99
93 97
59 11
84 38
47 11
16 22
81 78
18 12
39 59
24 4
90 82
42 81
66 46
6 28
40 96
36 84
43 0
16 34
57 84
71 41
9 43
91 4
4 10
34 42
44 33
46 92
45 16
96 13
8 83
5 19
34 99
87 56
17 62
97 28
13 14
44 17
22 11
4 52
98 74
7 94
65 19
29 24
13 56
85 95
63 59
48 36
47 3
28 78
32 74
39 36
19 64
64 97
26 5
65 53
14 48
63 66
16 80
81 50
29 66
48 79
63 32
36 81
42 58
56 11
14 26
13 51
35 46
36 92
11 81
6 11
14 66
24 58
31 0
61 33
0 14
23 6
91 47
64 56
45 57
58 22
99 5
36 80
98 48
47 51
80 83
47 71
67 34
51 35
29 3
14 77
7 87
86 70
97 56
82 38
43 41
97 15
2 4
5 11
4 84
33 76
94 53
21 47
30 41
6 58
8 72
35 79
97 69
43 6
30 56
60 71
72 87
92 94
28 72
54 66
5 57
94 73
96 17
41 67
65 69
36 79
42 3
56 32
53 85
13 40
75 35
54 82
68 63
0 55
72 10
35 87
58 57
75 49
8 53
37 75
94 70
60 76
61 32
78 56
41 36
16 26
46 55
28 70
54 41
64 37
2 11
0 23
48 92
70 15
99 14
85 90
41 0
25 6
27 68
83 79
93 5
37 17
96 27
77 90
88 42
62 74
88 67
41 9
64 54
83 81
61 89
35 95
41 58
5 87
51 72
22 50
91 90
43 42
49 81
14 38
98 7
43 62
9 62
19 1
0 63
30 48
54 80
67 36
1 27
31 8
49 45
15 81
99 26
45 11
63 69
64 12
87 37
61 63
9 21
4 97
63 26
28 17
74 59
24 69
66 1
75 76
78 65
40 28
57 31
25 74
21 35
82 62
11 60
26 70
85 59
62 35
19 98
34 52
60 97
62 87
61 49
12 16
21 97
60 62
5 23
35 13
11 1
8 44
19 32
20 95
53 78
3 35
82 24
63 89
99 92
19 54
9 7
42 6
57 50
49 48
98 59
91 2
76 50
35 24
34 2
32 76
50 36
82 2
2 1
93 85
1 17
9 8
16 10
19 12
64 58
80 95
74 72
64 6
67 81
93 1
35 12
74 29
13 16
52 16
13 41
37 57
67 64
44 57
39 53
93 13
72 2
8 49
48 24
43 88
86 64
21 40
33 46
59 88
64 26
14 98
21 7
82 58
30 64
44 12
88 76
52 44
84 70
18 14
97 29
87 19
79 94
72 95
94 61
30 72
75 22
29 23
8 11
83 41
23 33
3 51
50 86
94 18
5 61
71 51
59 83
84 77
31 87
59 14
36 42
10 18
25 81
25 36
26 91
79 31
59 20
48 10
10 68
25 53
75 31
22 78
35 93
60 53
38 55
56 67
79 16
92 38
70 57
23 4
85 33
54 79
68 75
79 15
1 7
98 27
21 74
87 8
65 45
6 7
52 60
55 87
87 61
17 83
90 16
3 32
52 3
35 14
33 92
51 48
39 84
50 51
6 8
30 65
90 32
21 26
28 5
48 13
11 74
88 81
40 80
54 29
84 47
82 3
79 88
45 53
31 70
40 27
64 83
64 96
22 62
50 98
82 42
13 92
57 91
53 24
40 20
24 28
97 17
31 35
46 58
68 3
52 87
14 90
12 17
65 38
95 60
78 30
1 94
35 68
24 50
27 70
53 38
42 29
0 87
9 95
50 92
6 0
46 44
58 16
72 36
64 27
26 42
78 11
93 2
60 65
80 38
13 4
6 9
54 86
17 5
16 6
69 89
96 7
34 28
71 36
60 9
28 59
17 65
54 51
68 43
34 48
79 80
95 55
93 48
12 31
41 31
28 8
98 47
68 29
60 50
88 21
40 47
67 39
83 76
3 6
79 14
1 21
30 9
51 42
40 74
38 95
86 48
4 93
2 59
27 24
82 60
23 72
67 52
69 92
82 78
92 37
27 17
97 12
15 32
82 23
65 43
56 10
17 73
20 62
21 15
0 95
41 68
40 68
14 68
95 62
13 52
41 60
93 21
53 7
90 15
26 7
75 79
2 25
19 9
0 76
50 38
58 84
64 11
62 68
12 34
18 46
6 13
9 14
52 32
23 83
50 31
53 51
78 98
68 79
34 93
80 57
39 92
33 63
24 49
58 11
69 94
35 80
7 88
92 55
78 68
29 16
12 3
79 9
21 45
10 17
74 15
62 30
87 77
99 94
75 39
53 37
76 93
83 27
42 67
28 71
79 34
88 36
48 56
25 68
20 3
63 45
57 19
75 85
71 17
99 62
34 15
39 24
18 75
35 59
27 65
76 57
68 82
88 31
41 3
72 38
21 69
68 36
37 23
86 80
42 79
25 70
94 4
20 6
60 98
78 33
36 2
27 44
56 63
49 35
94 71
5 31
44 26
72 71
28 15
41 92
97 71
38 37
72 33
62 75
92 81
30 18
88 54
6 76
20 48
90 66
92 58
31 51
6 50
13 65
53 98
94 59
86 84
17 41
47 29
93 71
13 94
70 36
19 92
70 17
84 60
31 30
34 89
98 1
56 20
1 23
50 55
5 20
73 6
42 65
86 83
15 87
10 29
82 51
42 97
17 47
35 57
28 99
3 64
86 28
75 98
76 24
17 48
61 15
49 11
19 73
70 65
41 75
49 74
29 9
63 98
51 83
43 58
33 41
67 15
43 54
42 23
95 93
70 60
87 36
21 53
30 98
88 93
93 23
79 41
40 60
68 97
19 95
73 68
3 90
19 23
14 96
95 75
37 28
65 93
57 25
1 79
41 49
97 50
7 23
68 38
76 42
40 53
29 45
75 27
69 29
1 20
74 19
13 67
96 46
86 67
43 47
31 26
66 58
2 7
62 76
84 85
8 34
6 27
68 98
71 50
39 15
63 13
62 89
79 26
96 39
85 20
3 48
4 98
29 20
76 28
32 34
60 48
72 81
53 76
64 22
88 20
44 94
40 9
5 4
56 44
85 0
61 19
68 52
