100
624 933 644 109 351 203 979 181 405 907 749 95 88 6 831 57 339 456 631 794 780 463 860 126 74 529 569 849 803 858 673 957 754 827 914 240 59 783 453 445 837 267 699 403 384 808 733 259 969 659 890 855 990 351 160 185 874 284 710 592 689 956 812 910 955 934 528 319 423 552 395 736 457 286 741 667 819 512 951 577 435 187 277 858 19 592 756 948 319 74 76 546 982 572 794 801 762 236 633 584 
20
489 736 672 381 195 740 994 40 864 965 439 33 170 969 950 588 441 38 84 639 
1000
44 13
74 61
85 25
90 45
97 57
90 78
35 53
99 89
78 65
78 38
62 56
0 18
93 7
22 88
46 22
34 78
4 86
20 47
35 18
96 46
71 47
98 48
88 37
41 78
20 43
6 55
36 52
38 84
81 92
21 90
44 19
19 68
80 82
51 6
85 68
16 95
5 23
81 73
46 76
39 69
38 40
16 98
34 96
14 13
38 11
58 50
16 91
50 69
7 49
82 55
84 21
68 82
65 57
31 26
38 10
23 21
1 82
46 9
10 37
98 5
99 98
27 47
43 79
27 51
63 72
62 94
48 39
55 91
8 48
74 18
46 33
82 9
7 18
55 74
44 3
2 37
63 52
88 60
60 79
57 60
36 8
10 3
48 16
85 59
36 19
67 85
74 30
71 73
26 53
57 27
54 0
46 59
97 83
91 61
6 65
84 86
46 37
70 98
98 38
81 40
68 99
9 18
55 53
59 90
46 79
84 7
96 28
23 57
24 52
85 31
82 69
47 55
77 96
70 11
94 67
94 36
6 93
26 46
22 69
46 58
79 18
16 60
73 67
47 39
62 59
94 24
99 48
51 58
14 87
4 40
36 71
57 2
74 27
86 46
51 31
49 72
51 62
41 86
58 8
82 45
59 27
65 97
1 18
72 6
2 86
59 69
43 78
39 15
93 88
74 41
73 94
80 72
64 83
99 16
6 33
35 88
59 54
12 89
12 51
73 74
97 48
71 7
77 10
70 14
46 82
42 56
95 31
72 2
83 69
30 13
15 28
91 59
43 70
55 99
89 52
35 1
15 66
5 13
4 51
48 3
5 38
97 55
99 25
63 8
41 21
94 29
13 99
96 75
49 46
65 21
78 33
27 98
83 12
41 88
32 50
39 23
58 30
32 84
38 54
54 17
10 99
89 6
68 53
20 33
45 96
52 9
19 16
89 85
13 10
88 44
46 3
21 2
46 73
82 83
64 86
26 50
62 89
44 7
65 3
55 42
89 16
36 11
49 58
49 75
22 25
83 17
10 5
31 6
3 47
35 82
25 27
70 44
68 93
85 96
63 12
78 8
94 53
67 30
12 92
27 5
27 38
91 96
18 88
54 9
35 17
94 75
51 69
59 43
67 89
10 47
29 89
7 95
25 29
2 93
37 22
22 0
10 30
58 26
4 97
36 42
30 83
96 48
73 57
45 81
17 10
49 90
21 19
87 21
33 23
3 79
98 88
38 76
60 98
45 27
34 11
59 74
98 52
51 36
61 39
67 55
23 99
18 57
5 39
5 94
37 62
32 85
10 43
72 48
38 66
0 64
56 76
99 74
59 83
82 66
48 38
81 1
84 54
35 80
25 57
22 54
73 61
16 30
56 75
15 1
73 79
89 1
95 68
95 91
22 92
15 81
55 29
62 98
33 16
79 23
16 50
61 31
42 71
24 4
47 58
88 27
6 23
98 28
88 83
54 35
95 40
24 26
41 48
21 28
10 89
71 43
49 68
36 60
47 36
43 32
65 75
19 47
56 93
6 99
64 91
73 35
3 21
63 21
61 6
8 42
4 83
9 21
91 47
78 52
23 92
98 71
10 72
63 2
12 28
43 89
62 52
72 54
64 95
93 42
26 54
29 58
86 15
34 8
18 76
34 56
12 64
66 19
70 12
36 89
84 62
23 48
95 87
87 48
80 41
21 85
25 16
70 3
0 28
94 27
26 93
31 48
43 60
52 87
29 14
87 43
28 42
37 19
46 83
59 87
86 93
8 64
39 27
21 61
45 50
95 11
35 23
85 63
81 72
25 80
87 81
96 55
29 64
21 56
3 9
33 57
77 15
77 70
14 7
20 38
31 50
13 83
92 87
3 89
76 4
63 48
32 5
28 93
57 87
2 60
54 44
98 17
45 2
48 56
55 21
28 27
52 97
7 26
37 13
80 61
18 49
28 71
10 19
80 45
79 7
7 58
14 57
64 92
27 48
30 70
81 58
74 3
13 96
38 28
99 41
57 55
66 6
91 39
74 89
10 11
67 81
90 32
32 46
69 35
4 82
51 49
89 2
63 83
22 89
27 3
22 84
19 0
47 1
44 84
19 49
17 96
61 87
12 79
99 40
61 71
34 83
31 38
51 91
97 94
3 84
72 94
56 47
16 45
79 55
97 54
89 95
30 51
32 2
52 66
60 35
81 93
37 72
93 58
58 61
71 56
36 17
6 98
94 84
42 11
45 84
93 82
11 62
43 64
90 87
11 0
54 4
38 57
64 94
30 84
91 73
58 90
22 17
87 49
39 90
74 45
90 43
45 1
75 16
36 27
18 89
69 67
39 60
99 73
13 82
6 94
64 58
24 13
93 80
60 33
4 65
4 29
67 71
1 24
40 64
56 32
26 77
42 1
77 27
90 93
55 81
85 98
74 12
84 23
4 50
21 50
57 49
69 75
29 31
33 51
72 95
75 6
35 49
29 69
29 18
39 16
19 62
68 27
73 26
11 72
60 23
24 72
69 56
31 66
54 58
33 30
83 38
72 20
92 2
98 25
2 80
77 16
36 73
63 44
90 4
12 94
62 82
14 94
64 49
85 33
90 60
12 65
82 12
79 54
34 18
14 25
70 84
31 5
87 74
80 0
47 88
63 10
76 60
55 43
59 58
47 83
85 74
27 29
31 47
88 31
14 38
37 56
34 23
77 86
52 85
74 5
55 61
56 41
23 30
28 81
77 74
88 38
5 97
20 30
98 43
56 78
79 26
20 73
12 58
83 0
48 6
44 72
83 68
98 22
72 85
8 10
72 29
93 24
83 25
51 3
70 63
20 55
17 70
2 30
73 2
10 0
20 77
9 42
97 33
99 50
70 73
81 38
28 85
60 61
15 75
32 81
14 49
4 45
22 43
54 48
67 20
24 57
15 24
57 7
35 95
12 15
9 68
21 17
45 63
41 98
69 87
74 54
63 65
45 43
39 36
62 9
49 40
61 85
11 21
27 75
8 77
53 74
98 2
57 93
69 49
63 35
48 12
84 47
81 20
97 30
32 23
29 68
60 6
97 21
48 78
16 84
90 27
11 96
17 69
4 0
17 57
32 36
71 3
86 38
42 33
74 58
69 78
98 36
87 6
46 94
2 69
63 97
75 80
93 97
83 90
59 6
82 8
68 64
49 60
93 52
57 10
26 95
3 85
47 33
7 37
90 50
34 81
96 43
54 51
88 91
71 48
30 45
58 5
35 57
88 33
33 26
7 31
31 64
46 1
14 81
21 8
36 33
11 73
77 45
68 72
42 6
61 50
61 24
59 71
38 35
37 47
13 93
44 56
49 97
84 10
76 96
3 33
87 54
23 85
98 64
60 26
60 54
91 15
74 35
79 74
15 27
92 27
39 94
11 40
12 10
82 22
11 2
8 2
63 67
11 87
69 55
68 51
96 66
49 34
46 12
61 92
44 1
2 24
34 75
83 15
99 57
91 75
70 48
73 3
16 27
19 54
89 60
89 33
22 7
96 49
48 68
49 20
99 91
3 91
29 93
99 70
5 86
93 75
56 68
39 62
59 31
53 41
79 19
96 63
66 2
64 51
62 4
78 22
69 92
80 78
55 44
65 73
40 52
66 27
14 28
30 22
48 94
45 3
49 22
41 10
42 89
45 76
18 21
9 27
18 31
38 3
60 53
79 97
34 22
13 31
88 62
13 55
56 8
91 57
74 16
13 36
79 58
4 11
78 75
12 32
3 17
76 34
13 41
60 10
41 1
73 43
99 64
96 30
68 74
76 17
11 57
59 57
1 83
7 99
80 70
12 40
86 72
65 59
98 45
70 10
19 73
11 97
74 66
11 56
66 7
47 61
39 22
58 84
26 62
91 81
9 53
9 48
22 9
68 16
97 53
63 39
78 99
57 90
58 10
23 41
28 90
8 93
16 88
68 76
81 39
3 67
25 60
57 37
83 8
96 41
1 72
4 36
65 17
36 78
14 93
34 10
45 42
21 26
86 6
26 6
67 7
41 37
19 99
9 61
60 0
35 39
42 3
49 92
70 16
7 76
49 3
7 28
68 37
46 8
46 2
51 89
13 80
7 59
72 4
67 42
63 17
51 32
15 42
2 76
63 32
63 98
14 91
72 99
42 82
15 29
48 45
97 70
37 15
70 55
84 31
74 92
53 30
84 17
27 91
81 59
48 85
32 30
37 49
23 1
56 10
6 83
21 80
26 81
76 30
12 69
80 74
2 38
2 28
27 49
10 64
14 31
18 44
4 21
72 3
50 84
48 79
51 0
7 61
36 41
55 4
90 10
97 3
67 60
8 22
54 46
0 94
46 55
40 61
81 83
61 19
25 8
53 7
94 59
25 77
54 53
7 11
12 41
84 85
43 82
94 69
75 53
57 26
10 33
67 18
7 39
19 58
26 11
60 1
37 77
25 0
84 64
97 84
35 86
5 93
15 25
71 24
21 16
38 7
54 49
67 1
18 52
48 33
89 44
75 60
99 18
62 38
40 18
81 78
