100
673 211 563 235 536 150 450 745 709 571 153 501 750 697 567 832 924 879 930 170 784 947 748 626 824 397 909 14 282 393 831 273 727 475 874 392 211 829 211 913 560 851 644 564 752 41 702 101 810 588 268 855 197 339 832 782 705 343 161 158 39 382 958 178 482 81 679 646 968 63 256 695 317 271 728 680 648 10 497 450 33 730 823 878 643 343 437 811 980 523 609 157 56 32 916 630 58 892 178 70 
20
284 828 66 593 533 253 494 652 981 501 856 745 993 682 87 480 303 742 782 137 
1000
27 67
85 27
21 76
18 26
62 10
52 46
97 94
30 15
64 82
73 25
77 43
92 67
34 88
34 95
52 18
73 95
18 92
93 25
89 59
24 46
83 6
51 96
73 52
5 7
25 45
52 79
39 70
78 21
26 63
88 95
35 4
47 90
79 91
90 84
94 7
78 50
18 69
77 68
54 19
21 83
33 17
67 93
36 41
33 35
34 31
95 19
33 90
79 70
3 42
22 92
74 69
82 1
71 89
6 71
53 24
60 42
37 2
59 45
70 56
45 21
99 35
82 96
35 46
62 21
83 92
67 64
34 26
29 26
55 10
43 8
77 71
90 16
67 80
84 32
4 51
54 91
57 25
27 66
22 77
63 47
91 6
84 4
9 96
95 37
59 55
27 23
68 85
42 91
62 49
6 43
73 77
55 32
67 42
28 65
62 48
95 70
91 9
1 30
42 27
62 14
11 36
57 38
26 74
14 93
24 35
60 15
73 56
75 52
73 30
77 14
75 61
54 76
97 96
81 85
89 62
60 19
5 98
24 25
24 29
79 77
46 93
83 8
88 68
75 42
14 28
95 89
90 76
71 96
23 46
27 59
70 98
88 76
50 2
10 30
5 46
23 61
16 20
14 73
28 4
74 77
41 60
87 60
18 42
35 43
85 95
38 63
11 24
44 52
61 37
70 96
47 81
89 77
89 28
73 19
23 88
10 99
14 34
63 56
28 55
16 94
58 61
53 13
60 59
27 65
43 99
62 77
40 30
66 13
99 0
7 19
70 17
27 55
51 3
71 12
94 25
78 69
20 90
29 72
4 10
56 19
50 23
28 69
38 30
55 44
44 9
1 12
4 30
17 80
91 69
67 50
18 89
67 15
54 51
69 94
47 21
3 99
43 51
68 74
75 86
60 79
45 55
99 83
54 56
99 73
28 11
72 82
80 84
15 77
32 89
93 89
5 26
17 38
13 30
50 14
47 6
67 69
3 6
82 17
73 96
88 50
67 28
38 58
5 59
26 12
19 2
61 53
12 23
69 4
39 37
58 96
4 16
63 91
1 99
4 52
71 23
54 22
10 36
53 29
73 68
74 86
60 9
59 61
41 70
64 40
72 65
94 47
7 12
3 75
68 96
85 88
30 96
0 62
45 23
76 64
73 15
13 86
8 86
2 83
83 47
65 6
93 40
36 70
61 25
71 38
64 80
65 13
12 33
90 34
17 95
14 12
88 54
71 61
45 43
0 69
91 80
56 9
88 80
41 76
11 89
70 47
56 14
26 9
7 75
73 50
9 59
88 41
64 46
35 76
23 18
2 34
52 82
52 42
37 0
52 98
85 19
18 68
28 60
1 48
20 39
58 44
68 65
72 17
27 53
5 85
73 90
16 69
33 84
99 82
20 41
16 28
24 61
32 10
63 95
80 51
86 15
84 77
58 54
40 22
99 46
3 74
14 30
9 22
61 45
29 73
70 23
35 82
94 93
98 67
98 30
49 0
87 80
79 80
93 16
29 49
31 59
10 11
54 18
66 28
51 7
40 25
19 28
3 89
16 77
30 68
21 2
1 17
43 83
4 23
1 46
44 79
66 15
97 88
32 69
68 49
34 72
11 46
13 90
54 50
66 58
12 25
60 46
52 48
31 64
77 45
66 68
76 69
91 50
72 38
70 88
21 70
72 84
36 45
48 61
20 63
13 9
95 55
32 79
24 93
14 60
16 13
31 57
47 96
41 48
34 13
86 67
98 75
50 72
78 34
90 1
15 57
5 70
84 61
95 77
86 94
10 84
65 38
23 87
46 22
21 91
91 78
91 77
56 85
46 95
31 75
39 61
85 59
39 89
6 54
39 75
63 58
86 12
2 26
3 65
22 69
20 50
60 75
70 63
33 15
60 16
45 15
37 41
64 20
29 78
87 29
86 66
45 65
2 66
40 27
19 13
89 24
84 24
24 73
19 16
92 76
1 24
3 80
97 5
11 12
21 54
22 78
49 6
7 59
49 13
47 73
60 56
10 85
61 92
5 15
62 28
25 95
6 70
37 93
37 75
55 9
61 62
21 88
12 78
91 92
36 12
20 62
46 84
27 13
32 56
47 87
71 79
1 61
69 95
33 51
12 20
96 62
17 47
59 71
50 84
96 63
77 57
61 72
45 82
50 19
29 15
55 49
88 99
42 29
15 46
74 72
42 47
64 12
62 72
93 91
9 27
21 57
64 50
16 75
54 75
38 98
41 86
10 15
51 30
19 17
80 49
14 9
36 60
8 19
25 59
20 70
69 90
10 0
34 15
83 1
86 33
9 45
99 19
86 10
34 54
26 89
78 65
73 81
22 61
87 92
70 40
64 22
14 78
15 65
48 91
51 14
18 59
5 78
0 32
3 18
57 67
46 10
79 54
70 37
18 72
66 32
83 34
3 26
64 48
97 22
29 14
24 21
36 68
79 16
84 55
69 27
81 57
16 89
90 44
76 22
58 2
70 52
40 39
60 20
29 61
42 62
91 23
73 83
89 76
82 56
71 27
5 93
41 59
35 78
65 59
70 65
27 46
74 66
95 16
73 74
41 13
98 81
20 42
8 41
85 22
74 13
11 18
96 83
99 75
89 68
95 11
46 45
27 79
17 25
67 0
75 90
24 37
73 45
56 92
89 57
37 28
56 96
77 0
9 1
81 97
36 62
64 63
85 58
61 10
11 50
6 89
84 1
49 43
78 96
24 3
95 64
71 78
28 77
13 94
24 51
97 86
95 26
42 15
22 26
21 12
79 89
27 29
94 82
53 7
74 57
80 63
18 53
14 69
34 3
34 86
93 43
26 32
84 78
77 41
0 75
7 88
27 6
70 99
20 72
10 56
33 76
33 60
67 81
96 14
57 87
9 12
26 49
37 23
15 99
80 7
78 82
28 45
58 50
7 83
82 67
6 78
88 60
52 93
92 41
98 84
94 31
21 79
19 72
72 95
38 22
81 74
96 46
65 60
57 41
49 65
39 96
76 65
90 70
65 97
38 93
18 81
93 98
97 47
71 88
2 94
99 16
70 45
63 14
91 10
54 89
33 73
42 34
28 33
60 35
10 54
51 88
47 31
90 22
58 48
96 79
24 2
22 18
79 45
74 67
44 87
94 23
92 60
61 95
94 28
90 23
92 71
11 34
28 24
81 4
28 7
90 60
38 3
3 55
8 15
47 92
97 74
10 14
14 19
6 32
20 85
80 4
23 47
17 77
30 16
84 42
24 40
36 65
45 14
36 31
8 96
21 67
89 83
92 82
52 61
64 62
2 11
9 57
35 23
59 62
44 63
54 67
3 12
71 47
70 89
35 80
49 14
85 33
55 8
36 51
86 24
52 94
31 54
69 35
72 76
16 29
74 60
67 13
38 62
14 82
7 39
36 78
25 80
57 12
59 12
11 82
24 87
82 7
25 90
99 5
81 90
90 43
28 6
13 39
40 1
55 46
67 16
72 64
20 15
57 2
4 93
49 74
24 39
70 4
13 60
82 93
67 14
72 81
91 25
14 39
95 5
34 82
36 22
19 23
30 62
67 20
87 65
49 20
98 45
59 92
46 34
23 34
45 94
68 51
16 18
5 61
30 81
1 89
93 53
82 95
26 7
20 9
30 65
62 19
8 93
35 51
80 40
18 57
47 2
92 99
18 0
96 26
11 14
35 84
57 95
53 22
90 95
69 15
8 44
61 28
27 20
19 61
96 76
53 54
28 46
56 66
96 85
32 2
28 13
14 57
82 88
69 48
44 38
76 3
47 69
75 88
20 76
48 12
29 58
79 53
16 40
60 72
60 64
30 32
42 64
6 9
61 30
13 50
35 64
1 39
75 6
55 69
31 30
65 35
40 86
89 41
79 62
6 95
54 78
56 44
20 80
90 93
53 34
48 18
9 48
96 40
31 80
7 13
21 69
37 87
24 64
55 87
27 12
47 15
22 32
37 27
9 16
79 26
11 85
53 87
26 6
55 31
71 94
95 18
39 32
19 90
65 99
51 76
50 59
44 80
63 43
91 87
11 1
24 98
99 79
6 99
79 24
50 81
70 86
71 28
28 75
77 21
67 39
50 3
41 82
69 34
81 93
22 1
99 8
65 77
50 69
9 28
72 12
12 91
47 89
85 78
65 84
47 56
62 43
65 55
25 30
54 95
31 17
74 50
81 41
52 40
37 73
57 30
99 53
16 52
99 81
13 1
92 40
27 35
73 10
30 39
58 8
52 38
26 35
77 51
75 80
82 44
86 47
97 54
89 12
37 65
52 36
94 30
3 14
17 96
10 27
56 88
89 43
55 22
69 88
29 11
2 30
58 73
91 64
19 87
49 42
98 55
11 71
48 87
30 54
17 69
19 6
77 63
56 65
59 0
59 3
34 55
90 99
96 49
54 11
34 16
76 83
17 29
79 9
7 30
44 72
13 45
2 98
64 4
65 71
44 1
69 97
64 7
2 96
63 61
58 30
62 68
67 29
21 35
6 74
56 90
37 8
71 39
