100
152 98 187 539 637 20 550 375 81 715 623 170 275 977 263 231 481 827 379 986 171 837 354 191 98 458 192 160 367 966 881 919 837 789 224 989 15 240 609 525 792 907 655 598 361 309 545 668 188 319 918 682 911 904 89 58 265 480 337 823 305 744 332 471 591 573 9 74 984 436 110 812 858 760 900 112 80 735 950 664 122 985 432 265 540 871 339 961 512 187 715 772 302 886 487 994 0 86 602 277 
20
812 92 861 99 765 598 998 770 222 660 562 110 547 876 713 190 544 723 806 192 
1000
9 20
3 25
98 15
48 67
31 32
56 28
94 4
37 92
12 73
9 31
72 57
28 40
40 92
82 73
12 79
34 31
54 62
37 30
85 79
25 52
19 79
27 78
85 35
16 43
78 5
92 30
79 42
44 32
83 90
22 46
34 43
18 2
52 93
25 86
45 14
95 28
24 32
58 25
36 69
43 72
39 62
28 61
84 14
27 79
62 90
43 75
93 41
98 63
43 23
47 16
41 69
66 98
52 49
75 34
72 3
76 62
68 51
35 66
7 13
28 35
37 93
16 45
2 86
92 73
26 22
10 79
59 7
84 59
20 77
42 15
93 53
16 9
26 90
61 37
89 18
50 31
27 16
76 25
56 30
45 65
52 96
81 62
23 58
92 77
83 35
54 6
48 14
75 68
10 30
13 8
58 56
27 42
20 5
68 9
41 90
64 87
68 21
90 84
18 50
16 51
75 15
34 96
81 56
10 71
71 6
45 99
65 82
86 67
43 42
12 24
77 14
82 18
9 92
52 37
33 79
70 40
68 77
98 87
46 0
24 53
90 73
11 74
31 70
79 58
96 60
60 4
50 65
34 45
8 89
60 8
35 69
71 49
41 62
84 10
85 18
84 33
9 46
10 63
6 95
64 16
79 94
30 48
21 31
21 69
28 16
18 6
96 75
32 90
48 77
3 82
26 95
93 39
56 71
53 79
33 95
29 99
1 47
99 32
5 62
12 31
70 77
44 71
97 16
8 79
78 71
9 36
57 77
63 22
61 46
6 58
34 41
85 37
71 54
48 79
75 51
27 69
71 14
8 4
6 59
12 85
12 4
15 31
84 81
77 36
27 58
38 67
90 33
60 90
97 25
54 96
56 19
33 31
48 22
97 26
0 83
41 97
2 91
15 71
97 82
69 33
85 41
95 25
2 78
42 37
26 54
17 44
29 2
25 56
0 80
98 31
38 14
16 42
72 28
12 88
16 74
11 59
69 48
10 6
3 47
65 76
82 99
19 94
16 26
37 36
27 91
58 30
25 67
97 70
50 73
73 36
14 34
86 41
88 98
99 31
31 92
77 90
99 46
81 1
88 28
57 86
92 86
41 0
20 60
8 37
66 38
2 88
63 9
64 18
68 43
96 90
65 61
49 45
52 28
62 29
56 40
3 74
12 8
38 57
35 95
85 48
14 7
6 28
76 77
6 31
26 18
64 93
51 57
81 12
8 19
40 23
94 13
38 54
80 84
99 50
11 26
15 77
10 31
84 43
96 5
99 86
34 39
50 72
51 97
44 55
66 41
80 20
60 94
92 47
79 69
16 68
9 18
70 11
32 69
98 50
79 93
19 35
33 8
98 99
85 33
6 15
50 57
89 36
91 74
26 41
39 10
1 45
45 38
15 89
21 5
97 29
66 9
80 15
69 15
70 18
82 27
62 32
45 29
23 30
89 73
93 54
64 94
47 73
36 50
42 53
29 69
95 17
52 69
66 8
82 16
88 42
19 39
24 90
4 88
0 15
44 35
39 63
81 95
86 95
89 66
41 1
62 93
74 49
23 12
23 44
74 25
32 16
11 64
78 66
60 84
50 93
78 72
44 74
0 78
6 97
15 26
89 70
37 74
82 62
67 27
59 25
70 24
4 56
53 27
32 46
7 29
9 94
91 38
20 8
6 47
24 98
28 79
45 84
8 64
89 46
28 21
52 83
71 82
98 92
45 70
30 28
26 60
75 91
12 59
29 78
74 63
87 94
28 91
85 92
24 87
92 82
70 64
99 68
34 20
75 70
82 40
97 69
59 56
32 0
3 51
82 69
86 64
3 20
81 77
3 83
66 61
50 51
2 34
78 56
76 85
79 65
74 15
89 62
1 99
43 87
29 9
9 37
68 67
20 0
24 75
95 46
3 9
65 21
65 81
61 89
41 51
99 97
54 42
61 40
75 6
77 52
26 23
56 85
23 15
92 64
23 21
69 78
23 56
46 73
87 6
44 65
0 61
85 52
86 93
11 27
21 34
39 53
94 73
45 91
54 49
35 97
95 53
34 1
54 97
24 46
95 58
18 16
5 73
43 36
29 50
48 5
80 82
86 96
21 59
39 99
79 73
93 27
52 44
72 23
61 16
53 47
99 73
58 83
12 38
32 3
26 75
78 39
86 79
7 31
50 21
0 37
67 97
28 90
7 1
90 81
47 82
30 85
8 82
6 33
49 8
79 41
48 59
22 10
37 34
38 1
60 36
4 21
7 33
47 72
58 97
38 31
86 88
16 39
57 92
87 68
27 49
42 99
41 96
65 40
10 18
69 5
65 59
72 65
45 64
3 87
80 89
20 95
66 46
35 50
62 9
26 53
0 11
23 13
40 99
87 72
42 47
20 78
10 17
64 56
66 14
31 58
93 51
11 87
11 39
89 49
79 35
89 41
45 36
91 66
24 38
37 58
99 10
95 61
38 10
60 76
32 37
36 7
44 68
42 58
32 41
29 16
21 2
29 94
99 90
96 39
52 64
10 13
54 30
23 37
72 94
91 40
66 75
94 62
73 43
81 85
59 87
73 52
37 4
76 30
86 63
25 26
39 26
14 59
1 50
65 51
20 30
70 43
60 49
73 19
79 29
13 33
53 96
20 10
48 51
46 86
39 86
5 49
85 73
63 26
21 18
95 59
85 64
22 33
97 45
36 24
29 28
34 42
46 29
69 81
54 46
58 90
15 72
46 13
25 77
95 73
74 84
17 65
56 69
19 1
85 78
14 6
64 1
51 23
98 25
8 41
97 53
20 42
56 15
60 9
26 34
75 97
91 4
48 99
85 43
77 9
36 90
25 72
72 69
1 61
91 96
78 16
76 90
35 93
39 83
11 29
70 8
2 82
18 55
63 16
61 92
17 99
2 93
93 9
50 76
68 95
16 50
48 84
74 75
47 55
75 48
60 18
8 54
2 5
0 13
26 69
95 43
59 66
55 58
46 50
80 98
56 37
38 44
86 31
78 10
6 74
57 60
83 4
78 82
5 66
55 51
84 62
74 76
51 79
33 60
31 16
33 82
11 99
14 65
45 73
32 49
99 93
41 19
23 88
44 58
22 28
34 28
42 17
79 3
28 4
48 94
3 17
24 73
66 44
42 75
16 1
92 50
6 64
3 57
56 94
54 15
25 48
92 81
3 53
56 48
16 95
51 94
44 85
31 64
32 55
48 21
27 41
33 23
5 33
51 29
60 0
72 56
51 46
89 48
91 7
31 82
46 48
35 13
80 60
66 73
21 62
54 22
40 3
27 21
91 5
63 60
99 37
20 16
88 89
97 77
76 80
76 4
9 61
12 64
92 74
2 97
59 15
36 35
86 5
61 29
35 20
61 7
7 24
36 3
70 79
44 91
80 29
91 61
45 55
70 50
6 99
9 67
10 58
86 35
13 72
72 9
78 36
62 68
10 37
59 40
85 36
78 9
50 19
90 75
48 72
83 40
41 78
40 76
17 57
70 71
14 19
29 88
60 35
44 30
69 46
27 96
33 1
86 45
76 2
73 51
10 15
63 51
49 29
43 96
84 30
78 30
24 35
87 33
44 57
58 54
93 81
44 72
7 19
57 1
42 50
45 8
85 90
22 69
7 67
63 42
79 88
71 5
46 49
23 3
31 57
29 20
17 48
62 72
48 55
25 38
56 79
14 56
85 47
4 92
2 8
37 47
66 72
4 11
63 53
32 18
62 11
60 71
19 2
31 3
33 53
80 39
28 76
99 16
40 4
44 20
71 72
21 42
84 92
94 54
40 29
10 66
57 76
52 31
1 22
47 45
69 80
63 20
48 65
57 89
39 90
24 83
34 94
53 59
99 0
85 88
35 1
10 98
45 57
38 43
85 99
33 64
75 89
82 0
60 73
7 32
84 61
91 88
61 41
11 43
72 59
18 38
75 64
24 89
27 92
22 25
88 99
97 76
84 71
85 39
59 80
66 28
7 78
69 99
2 89
9 30
68 22
42 5
33 37
41 7
6 86
57 39
61 48
0 47
43 2
2 42
52 7
44 29
37 1
64 27
61 47
70 10
79 50
8 98
74 87
82 38
44 78
74 82
62 35
66 16
88 52
95 29
71 35
88 13
44 0
37 26
42 31
81 4
20 6
1 10
52 50
75 13
27 43
90 59
47 59
77 3
61 80
52 92
79 24
89 91
94 39
61 83
32 1
22 36
37 83
78 47
39 41
12 46
13 16
7 2
1 9
12 52
24 16
17 60
20 89
37 18
11 21
78 25
14 81
67 39
39 9
47 66
7 92
61 24
37 21
69 16
36 30
52 46
79 57
75 38
30 80
6 52
25 14
33 65
1 66
27 28
10 26
82 7
32 45
16 79
4 45
80 65
65 4
5 87
2 55
80 93
96 29
7 20
74 60
55 27
51 95
98 57
1 87
10 52
14 15
57 18
70 1
77 49
31 69
80 51
63 61
96 1
87 8
13 41
20 36
10 57
57 61
38 68
48 87
24 95
41 70
68 56
57 8
