100
407 411 533 935 638 72 317 886 475 819 20 750 571 778 440 683 34 879 67 594 139 500 981 632 309 389 182 264 753 847 626 726 746 798 409 304 831 198 434 826 440 77 587 557 896 194 332 343 957 949 892 442 118 422 13 831 180 749 263 98 857 523 714 38 244 484 293 344 807 487 99 712 417 525 635 193 176 731 760 257 321 657 232 651 836 162 256 419 976 699 256 381 752 174 972 962 759 347 350 781 
20
157 179 84 135 633 126 870 524 654 276 987 488 60 540 750 918 403 980 390 458 
1000
55 62
74 35
10 93
3 77
0 89
65 84
25 18
75 76
10 57
68 8
38 43
70 50
38 79
4 78
30 56
4 69
29 95
63 62
13 80
90 64
44 36
99 49
5 50
45 30
45 61
72 50
96 84
84 81
70 25
64 97
59 80
60 16
7 36
38 44
29 14
43 53
69 93
44 9
92 86
99 66
53 3
54 26
78 50
7 63
86 34
19 42
65 80
86 50
70 90
67 77
45 4
76 42
53 50
89 81
62 95
42 11
43 14
73 89
43 20
3 28
92 17
64 4
10 82
59 14
28 79
5 19
59 3
3 25
89 9
73 65
95 48
25 21
6 36
18 33
92 57
55 23
61 0
52 57
1 98
56 47
9 94
41 88
76 68
32 95
92 38
65 30
9 25
42 86
53 0
89 93
89 82
34 12
77 37
28 33
1 69
18 94
96 40
8 60
60 37
42 81
50 0
59 75
39 81
77 89
26 30
12 72
35 40
44 53
66 38
66 42
86 87
98 76
68 66
55 70
70 15
23 24
99 51
82 6
41 99
47 11
93 48
6 4
34 30
72 37
55 75
35 87
74 84
42 89
25 19
83 41
82 30
72 63
76 9
30 94
75 66
82 34
33 13
81 80
86 93
55 49
52 76
75 61
39 89
30 21
27 20
68 12
41 68
27 22
70 61
60 98
26 31
37 59
40 43
50 77
72 42
71 37
79 62
35 36
89 36
36 90
24 9
3 96
97 5
42 82
10 21
39 19
92 36
79 91
92 75
61 86
82 80
16 67
27 71
47 75
66 87
57 28
10 98
25 20
5 32
8 48
67 58
72 78
76 28
70 22
3 10
24 92
20 62
11 68
3 44
84 87
73 52
1 92
59 27
36 68
16 42
3 50
53 25
73 97
84 97
36 61
89 66
1 79
17 43
78 74
10 34
23 72
21 83
38 62
4 59
34 21
21 62
11 66
84 52
26 0
59 20
20 24
7 31
67 22
59 83
91 74
79 29
19 56
61 98
12 53
21 37
13 41
3 41
45 38
87 69
11 37
53 69
95 89
96 13
61 6
48 15
95 45
12 7
2 61
8 59
49 24
57 59
49 36
1 85
73 64
61 96
91 52
17 96
57 95
28 41
46 6
73 17
92 87
35 65
81 65
73 31
18 60
75 79
27 33
76 50
52 92
63 49
50 55
87 29
60 32
84 35
48 28
30 93
25 37
61 72
59 22
64 3
93 29
51 56
93 78
34 64
46 72
72 90
8 45
63 4
48 4
38 98
55 41
52 44
65 48
15 12
86 83
80 49
79 43
32 34
64 10
79 66
8 23
33 39
74 83
15 0
91 25
15 64
48 84
63 34
38 60
98 11
29 63
49 15
61 91
81 13
62 43
25 56
31 69
83 87
48 70
57 87
65 26
61 34
83 79
46 82
4 95
62 8
48 62
29 81
8 20
23 12
85 52
47 72
47 54
0 84
32 58
88 43
96 69
89 74
10 87
68 70
35 61
8 43
52 60
39 8
93 56
73 59
21 98
67 8
5 53
26 32
48 76
66 17
95 6
4 70
29 77
26 34
74 98
12 56
46 98
46 9
71 33
57 94
54 82
60 40
25 92
5 70
11 55
28 75
94 97
3 21
33 36
51 4
32 7
70 8
23 16
60 61
35 12
18 46
91 98
40 24
68 96
32 72
24 31
64 76
71 7
33 78
63 90
55 65
55 45
94 87
20 93
38 73
13 56
58 16
74 23
72 88
58 63
69 46
3 71
64 79
35 91
70 51
26 12
61 59
56 79
18 40
47 13
46 44
86 97
30 48
12 64
12 5
76 31
53 18
78 35
23 54
66 8
15 47
55 43
66 45
51 79
2 39
32 1
31 8
3 87
8 75
42 69
83 27
85 54
27 26
7 41
80 41
19 18
2 41
73 66
67 70
61 52
54 44
16 8
14 15
29 96
87 89
12 36
11 78
75 84
40 59
72 27
89 8
1 0
83 40
69 28
70 78
56 15
15 17
34 84
91 38
82 60
74 40
62 73
10 88
20 6
84 26
88 16
96 36
59 68
99 74
3 60
78 21
82 68
71 38
94 66
54 28
74 14
31 51
54 62
63 88
8 42
34 80
15 96
81 25
91 49
38 25
47 64
66 84
6 1
64 61
60 42
91 45
27 93
51 35
42 94
85 31
1 58
11 82
79 80
69 83
39 98
1 80
68 80
97 49
25 64
61 15
77 21
23 35
4 84
63 13
84 88
18 31
24 2
69 76
21 59
70 17
46 17
95 31
48 61
29 97
47 43
51 13
71 41
38 22
73 95
43 29
70 64
77 62
18 15
3 19
41 27
73 45
58 73
48 40
69 94
32 65
68 44
95 74
63 14
12 33
72 25
99 6
9 18
29 78
71 64
22 19
62 41
74 70
70 56
15 8
37 91
48 79
23 20
52 2
38 24
59 42
0 13
49 62
2 36
83 10
57 69
54 33
18 63
20 34
65 93
31 74
87 75
26 28
67 99
66 97
46 78
87 46
68 37
13 48
96 30
40 71
54 86
78 87
16 71
52 29
35 19
12 92
80 51
32 6
37 9
43 0
64 56
35 54
3 84
42 90
55 31
26 22
2 96
46 66
35 75
19 61
3 18
81 38
4 91
49 11
32 96
99 83
49 23
41 15
4 27
88 87
89 18
34 74
77 43
68 54
2 75
11 14
91 78
75 34
69 47
73 40
48 20
6 47
18 44
92 11
29 68
72 53
22 35
4 18
72 44
2 11
75 63
25 12
36 3
23 79
70 89
41 26
75 43
74 32
26 64
29 40
50 48
8 77
90 82
76 61
79 76
62 70
84 91
17 12
81 9
46 0
33 57
24 12
62 7
44 96
94 50
81 46
23 71
40 54
26 11
50 91
86 16
51 19
57 25
8 10
77 98
15 58
92 31
24 42
25 83
67 74
11 50
30 51
99 87
32 70
37 45
80 48
99 97
39 28
60 90
0 81
91 83
14 9
19 88
40 89
48 82
17 61
43 23
54 78
96 52
73 55
38 40
69 30
93 60
82 38
62 10
78 57
57 50
89 48
33 49
53 85
67 11
27 34
90 29
20 60
93 76
15 42
72 14
82 58
68 30
95 28
92 15
42 4
91 75
44 10
50 85
61 88
73 99
13 72
1 34
84 86
60 77
81 8
81 77
1 93
85 28
42 91
39 25
98 45
65 69
2 19
94 39
46 40
18 96
46 95
38 1
91 56
95 30
46 85
59 58
73 90
36 37
50 34
26 7
18 70
15 36
33 87
84 14
67 20
26 58
69 9
57 64
71 65
76 10
54 16
94 46
38 18
54 69
77 51
21 69
8 5
2 37
9 78
84 23
83 54
67 25
76 78
19 90
40 7
26 82
75 93
78 8
20 89
81 91
88 2
15 69
79 68
62 53
44 57
52 78
3 58
61 32
0 48
65 78
82 51
44 0
24 94
91 26
74 76
82 63
73 36
3 4
35 6
38 58
23 38
36 23
22 46
19 37
82 74
50 66
57 67
4 46
63 1
68 92
19 81
0 74
63 12
85 42
36 55
91 22
96 82
87 53
82 28
45 82
4 75
39 32
98 86
3 80
90 75
65 3
46 93
3 95
43 16
85 51
13 83
94 20
59 88
98 62
23 37
54 76
27 96
52 17
5 85
84 51
89 61
29 12
65 75
81 74
31 71
65 96
82 87
13 93
60 72
99 13
88 7
80 75
99 91
97 16
17 0
89 37
93 22
15 91
42 57
94 11
27 62
41 45
13 18
37 64
66 1
78 3
10 12
97 1
97 52
91 41
81 49
57 70
81 94
66 53
61 27
50 98
93 28
57 21
36 84
70 27
94 68
60 53
36 83
99 15
88 17
12 60
37 4
5 25
98 67
85 44
0 87
18 77
16 78
11 0
13 60
62 58
68 62
14 67
32 97
21 76
44 69
59 97
68 39
85 69
57 19
76 62
50 79
7 83
10 80
22 2
5 98
47 30
57 54
18 74
47 14
65 23
20 86
58 50
31 25
86 65
55 4
32 78
97 4
67 43
52 98
26 74
52 3
12 0
65 5
43 76
47 51
79 85
66 64
42 20
79 47
31 84
39 53
5 58
75 25
50 21
46 27
39 30
64 98
34 6
87 23
51 15
66 93
19 11
33 31
35 33
20 74
7 52
71 49
95 41
44 45
79 11
64 38
96 8
51 63
79 10
0 38
44 82
12 40
4 80
83 29
5 76
52 81
37 47
75 38
60 86
44 58
16 7
19 43
12 70
52 99
18 45
17 81
96 94
97 76
26 49
90 41
10 15
34 14
98 36
97 68
20 35
88 40
36 70
2 43
13 36
18 14
60 81
92 55
19 97
36 69
31 68
34 90
16 5
59 76
30 98
48 46
76 58
61 40
54 79
43 12
83 47
77 83
78 44
64 54
28 68
19 7
11 41
32 2
19 50
25 96
3 46
35 48
64 8
98 15
99 65
28 72
37 76
27 18
60 47
