100
697 580 873 602 299 89 65 630 60 541 454 947 720 490 111 601 160 488 378 378 53 28 234 148 379 956 787 401 699 126 905 555 406 23 568 704 424 350 506 653 282 474 845 98 444 158 840 393 242 327 452 204 312 361 234 273 409 980 628 97 828 548 794 805 573 654 363 74 448 511 891 101 651 992 4 437 543 575 539 656 701 289 92 852 816 53 814 375 237 324 989 558 126 984 377 319 571 627 104 703 
20
867 800 76 33 969 542 665 842 318 828 999 752 623 783 604 745 420 736 99 943 
1000
37 92
81 77
62 59
51 50
30 95
35 99
21 79
37 45
99 13
7 23
99 45
17 23
71 43
77 55
74 76
84 56
63 43
30 85
13 54
60 20
70 24
31 15
20 63
79 31
15 20
66 61
76 85
65 83
53 22
66 48
65 52
41 51
28 33
34 64
93 18
68 69
26 27
13 66
56 19
35 61
86 61
10 70
77 84
17 6
42 19
82 0
37 39
7 72
30 16
24 9
48 83
30 29
23 65
16 88
26 15
22 23
78 51
67 65
31 2
11 94
60 55
85 25
40 5
47 40
67 8
9 94
19 51
2 38
12 52
98 45
40 81
26 12
54 44
37 40
37 5
53 42
21 57
82 23
84 24
79 54
80 67
25 7
22 97
51 63
72 29
29 16
54 58
69 12
41 3
25 46
91 63
9 82
99 62
82 94
43 12
20 53
16 7
93 46
90 78
34 9
86 4
57 98
65 82
12 64
78 96
48 18
6 4
65 26
85 65
52 96
68 24
47 72
52 97
37 60
10 76
18 99
51 76
97 29
82 59
65 1
9 19
75 98
58 31
1 93
41 73
10 85
51 33
22 7
74 50
51 94
69 79
65 12
45 62
21 15
61 39
8 49
85 79
36 69
76 86
16 49
46 74
48 69
25 71
65 38
54 8
38 40
30 47
12 27
8 80
18 8
76 30
94 75
55 94
13 22
6 79
92 79
55 15
68 2
78 25
79 53
71 56
2 50
92 90
86 21
23 80
50 37
89 46
65 79
38 81
13 39
66 23
21 59
33 48
43 22
72 0
26 19
44 8
10 2
79 49
30 88
70 11
44 60
36 94
60 79
44 49
34 16
24 47
59 30
32 20
41 17
37 10
2 9
65 80
6 76
23 88
8 4
48 11
93 88
99 39
57 39
76 29
75 13
74 53
27 59
77 2
42 70
4 36
72 38
17 46
14 30
46 63
85 90
85 52
27 64
32 18
73 56
42 49
72 96
23 29
10 78
97 15
58 94
62 13
61 74
21 12
35 13
64 50
53 21
7 12
18 76
98 23
9 21
29 95
56 24
47 29
58 49
59 83
56 54
54 33
57 7
84 87
62 22
99 49
20 26
1 40
28 63
99 67
8 56
10 60
68 34
61 78
86 78
75 19
40 58
55 14
12 57
8 83
48 47
87 12
58 96
17 52
68 75
25 80
52 95
23 3
24 50
90 11
20 58
78 44
71 63
14 70
54 40
46 4
97 32
37 22
63 4
54 98
14 67
41 83
58 75
69 41
87 83
76 87
41 33
91 3
53 14
62 35
7 9
88 42
13 32
29 22
45 1
87 2
93 24
56 55
75 21
86 31
46 50
13 18
39 65
71 76
1 25
57 56
58 81
81 74
14 47
31 53
68 36
97 21
32 2
73 70
6 30
0 52
11 65
8 21
86 36
43 39
45 69
46 87
13 91
33 39
52 66
21 25
56 35
32 88
14 27
56 80
72 46
77 49
64 78
19 11
76 65
77 88
54 6
41 84
10 52
2 44
23 35
55 6
84 71
77 50
82 70
23 38
87 85
70 49
94 95
4 55
87 29
71 74
32 93
38 83
98 51
89 85
4 76
72 40
98 18
22 98
10 56
73 83
5 44
2 71
94 6
88 45
84 83
91 24
30 38
35 26
11 43
64 60
64 25
18 73
15 44
73 79
66 10
20 68
46 2
19 94
1 14
68 26
21 64
94 20
15 57
55 81
73 66
85 69
52 19
48 82
72 5
93 54
6 82
93 48
29 12
19 81
60 69
89 78
33 83
60 62
23 85
85 72
39 46
9 60
4 28
88 33
99 55
96 44
0 35
70 58
82 81
4 57
25 4
15 45
28 77
63 44
18 39
91 8
56 49
1 82
30 28
28 39
32 12
92 71
33 63
52 80
59 93
10 98
84 82
29 19
96 91
80 62
38 37
95 60
25 30
57 67
94 87
47 86
33 17
19 8
27 97
58 62
95 69
26 24
55 29
36 91
43 49
45 35
2 51
0 93
24 87
27 35
58 42
98 28
69 73
52 46
54 87
92 16
66 71
37 84
14 86
43 55
40 13
57 93
87 7
18 24
72 68
33 86
27 53
90 96
92 2
5 22
9 32
61 47
64 56
82 89
53 55
48 43
75 67
43 70
18 61
47 99
36 57
96 79
22 28
33 50
38 69
44 46
79 51
32 87
39 51
8 82
5 6
31 54
18 34
29 66
40 15
27 37
42 21
19 6
87 99
99 26
76 70
33 40
85 86
92 98
28 78
70 30
11 28
72 79
20 88
42 97
50 63
91 61
8 35
68 70
44 95
52 31
81 68
91 65
69 90
37 59
58 95
9 69
5 7
10 49
21 93
55 66
68 73
70 55
42 20
86 2
66 95
43 16
67 55
13 59
95 18
35 53
69 57
42 9
15 62
16 22
81 7
7 98
95 43
40 85
34 83
97 66
66 54
68 44
33 91
94 24
79 16
53 62
65 0
83 0
8 51
59 25
8 42
53 66
85 7
56 50
18 23
20 92
46 90
39 76
70 26
24 66
18 33
49 75
8 68
95 55
62 75
18 12
98 72
82 67
51 10
31 84
45 65
75 51
33 58
11 59
21 67
7 70
85 53
68 99
55 25
63 53
98 66
35 31
64 91
89 2
82 25
15 88
9 81
63 80
92 26
4 89
76 35
17 3
11 79
0 42
94 92
37 18
95 83
5 82
33 19
19 44
15 43
71 78
55 5
95 92
91 82
66 49
14 3
95 12
1 42
46 41
88 74
70 88
62 93
53 69
63 1
37 96
86 27
72 82
46 6
59 17
77 79
39 48
57 23
80 83
8 93
56 38
19 20
80 31
91 50
89 58
10 84
64 32
28 38
68 49
23 56
3 62
89 27
92 77
85 95
42 75
71 62
42 91
59 84
22 4
22 65
56 20
72 41
22 75
54 82
24 28
89 48
75 31
88 73
96 84
30 64
73 55
35 96
30 22
92 61
29 26
85 24
54 14
32 0
72 86
77 61
72 33
84 21
74 89
30 83
85 44
18 62
83 40
1 72
9 66
29 3
98 30
40 52
23 8
20 43
61 43
81 42
30 43
18 40
19 40
4 41
51 61
38 33
20 59
47 60
29 68
18 87
93 92
50 73
76 96
59 3
28 58
82 57
89 8
79 48
81 24
96 45
21 96
90 42
31 23
80 97
63 23
44 33
46 35
79 32
69 81
83 71
92 83
14 77
98 85
32 61
46 97
16 20
22 77
13 98
23 93
56 95
37 70
99 33
72 58
4 11
29 43
14 31
6 25
15 9
50 15
57 35
18 28
22 60
34 65
26 37
45 66
54 90
57 54
32 44
79 15
53 88
48 3
33 61
62 14
41 93
7 6
62 64
41 79
71 60
48 92
39 8
44 37
9 50
68 7
96 25
1 5
42 34
66 67
77 5
65 69
40 9
46 67
71 82
67 90
71 15
98 3
43 60
60 5
53 65
25 88
5 15
72 34
47 28
3 49
6 50
88 41
33 42
59 56
70 84
73 52
43 94
99 32
2 70
0 64
42 65
44 84
52 92
61 23
35 32
96 13
72 57
71 3
44 18
9 73
11 20
86 29
38 15
60 11
57 51
64 75
19 53
50 20
79 7
81 8
34 75
53 98
53 99
34 85
56 83
2 65
83 61
64 31
59 79
63 48
64 38
41 57
86 28
55 78
12 20
74 20
82 96
98 56
21 28
32 78
60 98
36 6
20 55
41 56
60 19
24 78
29 35
59 46
67 11
44 65
19 10
22 39
88 82
88 69
14 97
58 26
84 4
34 82
35 22
95 41
96 75
17 15
60 72
87 16
31 42
24 13
29 94
10 31
91 32
56 82
49 54
67 44
57 25
36 15
50 88
46 11
92 72
90 82
30 67
5 11
87 64
27 28
75 1
8 11
94 53
3 58
3 85
31 74
52 68
73 28
38 74
36 37
1 10
98 94
99 65
44 1
52 43
27 65
81 48
54 73
97 28
29 44
33 4
61 2
36 0
58 9
1 53
37 53
85 97
51 60
86 13
69 87
43 91
35 77
73 53
24 27
8 22
40 10
57 83
23 39
98 25
59 87
75 29
26 11
52 25
19 68
25 44
16 51
45 4
72 35
36 93
0 92
15 49
70 4
85 29
71 47
67 74
59 68
25 58
59 55
79 28
10 97
24 49
43 76
35 79
11 56
23 11
66 86
42 86
27 60
77 60
94 76
38 94
4 30
45 9
54 28
32 25
41 82
80 20
9 76
17 1
66 16
83 67
18 84
47 19
35 98
87 45
34 67
27 15
92 99
75 45
10 88
83 29
8 33
46 18
54 74
92 23
85 93
4 12
73 46
17 73
4 94
87 55
64 65
12 1
51 59
18 79
59 16
38 18
30 52
26 45
45 40
36 52
88 49
51 99
16 36
20 25
45 20
91 12
73 30
4 79
77 47
20 27
83 76
22 56
59 23
11 57
8 57
63 49
0 39
68 74
