100
496 24 938 76 379 129 876 390 579 990 957 818 237 151 356 669 217 272 64 239 192 254 396 633 640 979 121 281 732 661 74 787 446 250 180 917 185 457 622 328 13 978 810 320 152 200 520 419 903 375 111 500 479 76 38 221 941 20 685 136 970 104 284 741 963 114 965 803 753 701 348 693 36 905 920 211 530 581 753 10 482 611 490 573 25 209 941 236 816 364 754 934 148 705 201 626 214 530 750 398 
20
994 133 979 358 155 136 969 525 551 693 755 875 648 962 558 442 543 948 819 170 
1000
69 52
73 90
98 66
94 1
20 79
72 9
42 12
75 7
55 61
26 28
68 82
51 13
12 53
67 19
3 62
19 96
14 7
36 92
23 52
94 73
58 68
56 19
41 28
50 22
11 49
44 54
10 41
26 70
66 85
36 12
24 70
15 46
85 40
1 63
45 62
7 64
27 70
75 22
16 85
46 57
69 95
53 3
18 75
79 47
63 65
51 79
38 33
8 45
35 83
52 44
96 65
10 36
11 65
25 16
86 20
71 68
77 57
93 9
11 16
32 86
12 88
10 85
87 27
80 8
93 63
29 64
13 23
38 83
37 90
85 14
19 66
10 37
22 35
49 94
62 56
5 76
34 8
23 66
17 59
8 5
60 51
45 16
45 66
70 43
85 3
28 43
85 65
8 64
28 79
7 61
0 29
57 43
67 7
13 91
91 17
24 28
98 12
99 24
95 9
59 97
28 44
82 12
17 21
1 52
93 11
66 11
23 71
44 43
39 91
91 92
88 13
31 70
35 69
81 77
29 79
81 95
79 82
79 27
99 42
56 8
1 57
15 18
89 13
88 65
35 92
82 8
86 27
82 97
28 15
66 38
42 30
48 85
29 10
94 8
13 3
83 54
33 44
24 32
12 91
27 12
20 21
6 81
90 20
45 53
62 95
35 44
22 24
2 96
56 14
45 41
30 19
71 24
54 11
35 95
37 62
85 21
84 74
38 37
29 69
1 88
33 13
40 15
16 72
84 19
39 35
89 8
49 45
59 83
10 82
78 93
87 55
43 25
92 86
73 55
44 57
7 1
73 7
88 64
70 77
50 24
33 85
51 98
27 59
65 55
1 60
14 98
37 20
97 9
37 88
94 64
77 16
22 9
67 36
34 96
77 17
22 51
5 10
8 61
0 32
20 10
97 56
70 7
5 31
93 5
4 67
84 31
63 19
9 77
9 76
62 57
44 74
11 75
69 78
54 19
70 4
78 90
22 43
66 58
10 76
85 51
55 62
96 94
33 14
16 10
8 27
50 71
33 86
46 85
23 37
93 86
44 6
60 82
18 56
62 28
54 12
22 33
76 40
6 9
77 82
90 5
47 75
20 75
35 61
0 8
43 53
30 62
67 90
12 94
31 24
10 30
45 58
61 83
54 30
70 2
83 65
12 8
47 48
23 77
97 30
92 72
35 52
7 33
25 42
62 52
91 93
52 83
74 53
56 13
44 20
84 55
26 81
12 99
61 1
85 60
76 68
8 9
90 94
44 81
68 57
30 52
23 98
55 68
90 83
98 84
30 12
1 29
19 0
47 18
60 18
87 3
38 84
77 61
80 29
39 64
34 41
23 11
84 34
82 85
53 10
7 26
48 94
55 91
18 6
63 46
34 77
10 47
44 45
64 71
9 87
46 36
76 72
31 79
77 25
17 30
34 72
23 14
38 61
9 56
49 96
32 75
9 45
95 94
97 24
29 4
19 24
41 85
82 2
80 70
40 20
46 9
38 97
72 22
22 38
11 33
79 63
40 51
86 94
61 26
39 22
5 65
18 35
16 65
64 33
60 2
5 23
67 35
43 50
95 20
22 3
54 53
50 9
41 4
28 65
82 99
5 58
94 56
20 67
50 77
73 87
42 47
86 53
61 24
0 34
99 68
87 47
32 70
88 80
39 77
37 24
43 98
4 6
5 85
24 11
46 4
41 9
60 22
99 69
30 32
29 26
43 95
99 89
44 95
91 25
96 64
24 1
91 4
39 41
22 11
80 56
22 30
89 62
38 8
59 85
54 65
8 72
68 21
47 90
82 67
64 37
97 89
18 53
86 88
25 17
84 71
14 55
44 59
2 90
91 57
87 95
10 32
86 45
10 75
42 3
90 49
44 89
1 6
67 40
54 88
65 64
89 57
95 15
50 89
83 96
18 91
34 11
88 30
91 42
10 42
28 39
27 88
62 48
90 7
29 82
81 66
62 31
19 62
60 64
58 1
0 10
84 82
46 33
10 43
2 83
75 4
8 46
73 56
15 73
18 78
30 18
42 14
13 99
74 23
59 3
60 37
1 82
56 43
83 51
63 39
38 73
53 27
45 83
1 27
83 18
8 96
0 87
21 70
28 9
19 4
76 91
48 78
17 81
29 70
85 52
50 26
67 6
94 20
8 36
22 46
73 10
5 7
69 53
24 42
29 31
7 98
45 1
31 37
80 9
12 83
79 95
58 50
89 67
66 10
55 98
79 1
92 9
0 51
67 44
20 46
51 74
21 86
75 99
91 63
91 26
90 79
80 83
43 13
37 83
88 41
52 77
80 53
31 49
6 20
44 80
93 73
14 15
41 31
64 15
38 52
38 40
75 17
46 83
32 34
60 55
27 94
75 6
29 90
49 21
81 49
80 94
92 48
3 50
78 80
93 26
67 31
58 83
65 61
8 76
56 33
7 76
50 42
58 41
55 13
55 49
50 11
86 76
81 65
5 2
22 53
39 10
72 19
11 80
47 88
74 70
54 18
43 81
20 54
63 25
73 74
85 86
17 48
16 29
6 14
99 65
64 54
37 86
39 89
25 33
49 38
99 55
54 92
87 44
15 17
0 79
47 22
18 41
33 47
39 69
19 69
84 26
17 86
80 42
18 84
48 26
93 87
52 67
37 91
79 94
57 98
30 39
49 88
14 86
81 53
4 88
25 51
35 6
36 20
5 60
85 31
9 54
29 91
81 38
59 91
64 5
41 37
63 68
66 42
16 41
78 47
14 9
13 59
44 83
18 19
50 41
17 89
65 17
71 29
72 32
82 24
81 61
22 98
65 86
7 0
25 99
65 24
12 43
7 69
41 84
83 67
42 54
0 17
38 27
32 95
52 76
68 79
90 12
89 53
11 27
31 27
21 3
36 96
60 35
66 52
59 73
18 13
54 75
36 88
87 40
88 57
14 0
83 79
9 17
11 18
60 97
14 1
25 96
90 35
57 53
65 68
12 74
28 25
91 82
89 70
56 54
20 57
75 83
42 51
83 69
13 22
81 16
7 38
9 48
69 4
76 93
64 12
79 86
40 91
2 34
22 85
80 35
16 87
91 98
89 56
47 28
88 68
67 98
60 77
51 88
26 35
2 58
45 22
3 19
95 31
2 8
14 28
7 17
96 43
57 56
63 24
15 1
66 21
33 27
89 47
92 66
13 38
29 28
66 31
38 48
78 28
19 58
13 94
52 92
53 55
23 94
81 48
12 34
45 40
43 6
99 7
93 17
92 62
91 5
24 15
61 42
13 83
41 72
40 11
35 13
54 22
22 69
17 6
80 26
6 84
62 46
8 59
55 19
78 75
40 95
40 31
24 78
70 75
43 34
42 20
68 38
90 36
88 61
96 53
73 41
94 97
69 28
21 43
42 28
49 46
47 77
94 59
7 28
99 34
66 28
89 98
37 96
96 26
36 34
4 20
66 51
93 7
8 52
2 32
59 37
59 55
15 29
43 39
23 83
63 89
34 54
65 73
23 84
24 74
45 73
3 68
85 63
0 5
84 35
43 30
39 68
14 68
25 10
42 40
39 5
27 9
57 94
69 21
25 27
93 29
95 41
78 9
58 69
11 58
66 32
18 20
6 45
90 60
30 75
54 51
75 89
44 93
15 34
34 98
69 59
35 3
64 30
56 91
5 99
7 27
21 89
78 25
26 19
89 5
23 6
49 74
76 13
60 40
49 14
69 74
57 52
14 60
92 4
74 33
25 47
57 4
41 96
85 11
4 13
25 68
2 18
23 99
34 4
58 16
43 33
32 56
3 98
10 96
94 36
25 35
6 28
90 43
24 20
8 19
54 86
55 96
47 86
50 18
87 7
65 75
21 44
80 28
49 4
63 55
36 66
23 92
23 48
12 13
91 62
36 70
71 8
36 68
84 25
48 7
2 39
76 29
98 20
73 98
38 44
33 60
87 53
94 58
9 90
19 89
64 81
15 60
89 49
28 56
40 69
69 36
56 60
88 59
95 16
8 60
37 46
58 36
39 46
0 15
91 90
63 77
67 32
23 22
36 82
28 98
27 60
2 62
56 51
84 57
98 50
15 13
29 83
30 90
6 74
24 23
26 18
57 55
79 80
14 13
30 7
62 96
67 29
69 85
94 53
1 84
2 35
50 73
65 32
49 56
58 63
9 71
21 34
41 44
54 2
99 58
68 1
14 90
25 30
63 86
48 52
18 29
40 50
34 82
8 14
91 43
17 96
26 99
2 9
48 18
48 15
27 24
44 18
92 74
75 36
95 78
2 94
0 68
76 18
16 79
68 64
34 13
78 33
47 83
93 56
61 14
24 54
19 40
27 92
94 28
19 25
12 14
76 99
2 25
33 28
8 28
9 5
7 37
13 96
90 34
8 37
93 39
70 9
25 23
1 98
15 58
92 6
45 50
0 72
65 36
17 13
83 71
73 80
53 31
47 64
49 86
34 68
49 15
90 11
62 12
5 35
93 92
94 40
10 67
53 64
14 22
39 85
14 53
33 58
65 77
