100
671 153 933 96 238 960 249 84 501 912 506 940 271 581 542 592 540 450 926 802 583 470 157 100 773 840 517 769 892 346 161 422 53 236 750 275 186 753 429 393 707 369 321 733 449 82 386 632 303 385 10 183 41 99 489 326 197 862 719 794 258 743 908 227 206 266 428 130 933 332 828 926 965 227 745 756 905 412 834 126 127 590 608 535 564 293 664 49 299 750 800 570 458 746 923 783 428 408 641 931 
20
31 494 860 731 683 400 466 384 980 32 691 111 534 636 93 408 716 593 638 417 
1000
12 95
33 48
96 69
71 34
6 0
49 51
46 12
23 40
52 5
77 13
50 1
32 71
55 80
24 27
97 38
41 21
82 15
92 66
42 47
75 27
21 54
56 16
99 8
39 73
81 85
46 97
60 36
37 97
31 78
31 9
66 30
6 46
85 70
85 0
73 65
19 10
45 39
90 69
65 16
24 30
79 66
70 15
45 87
50 27
68 28
85 65
96 38
21 39
47 99
16 76
33 42
72 86
33 30
2 78
78 57
32 51
32 48
1 80
48 97
96 5
24 91
1 15
17 27
93 57
79 91
25 89
44 88
72 65
35 21
51 29
36 93
5 49
53 16
82 42
89 56
32 72
32 77
4 24
42 8
30 1
68 79
27 71
88 95
89 81
73 8
93 37
91 43
23 5
42 96
99 51
12 50
63 74
20 26
93 16
76 2
54 92
38 36
41 16
34 47
8 89
49 18
57 94
34 26
34 61
75 67
90 32
10 74
59 68
58 57
58 29
20 87
89 27
91 41
95 37
16 95
38 77
6 20
35 73
0 45
74 6
20 64
78 19
18 21
44 38
59 99
92 34
86 80
2 11
82 98
51 92
45 24
81 83
65 87
20 25
8 46
3 53
56 33
21 73
34 8
41 31
92 41
28 4
79 90
61 9
15 9
92 83
16 39
73 61
93 68
39 82
62 17
2 84
31 82
8 70
4 38
16 85
85 40
19 26
40 62
71 6
61 85
3 23
44 11
2 41
2 0
60 99
26 45
88 1
63 64
45 1
11 15
69 57
23 93
78 32
51 46
25 99
73 23
68 92
0 52
62 46
78 4
55 27
9 94
52 93
74 43
8 28
58 60
27 70
40 13
2 99
67 26
48 43
1 43
38 56
55 15
97 77
59 39
46 53
17 38
72 29
93 83
61 67
48 14
12 60
94 27
77 75
45 10
79 26
11 84
13 85
53 89
21 38
23 31
53 48
0 16
13 63
94 82
33 89
9 39
82 57
80 59
33 73
63 14
56 66
90 41
40 4
87 52
0 60
26 99
79 80
29 10
85 74
80 10
55 95
49 92
17 21
27 49
17 98
55 20
25 33
41 79
96 29
69 4
96 53
47 92
39 8
39 17
55 77
38 18
69 55
58 54
82 50
14 56
35 56
60 89
96 71
94 42
27 74
72 55
9 34
19 51
45 82
83 99
65 43
30 61
70 90
16 66
80 78
1 25
84 12
1 83
71 90
25 42
80 49
11 48
46 10
30 76
68 87
23 15
99 61
22 85
3 84
78 79
9 27
73 19
96 14
52 35
61 86
79 54
84 53
75 61
43 54
88 90
20 14
74 72
58 41
35 42
55 18
51 44
65 41
39 95
94 48
69 70
8 48
67 85
47 59
32 0
81 93
11 94
65 42
60 20
75 99
54 97
29 18
91 51
72 22
83 41
95 14
64 12
8 1
34 7
25 71
27 96
2 66
67 50
63 80
96 1
89 31
97 61
99 46
86 34
69 97
28 32
33 32
18 34
12 8
46 72
8 51
73 45
52 25
73 89
37 48
63 95
27 78
34 11
9 57
8 92
20 16
97 40
64 31
64 44
92 74
49 25
17 79
58 94
0 19
89 37
58 72
74 55
69 93
81 71
61 44
90 63
7 88
89 62
8 22
8 45
16 12
38 25
74 3
83 13
88 45
46 20
12 4
94 39
54 94
30 47
62 82
58 44
33 47
85 96
53 87
83 87
79 16
68 29
5 37
49 29
92 24
76 36
15 12
73 12
90 61
15 22
13 55
19 86
7 67
92 65
7 61
84 54
50 96
17 14
92 43
30 45
69 63
91 82
97 84
84 0
20 38
9 70
69 82
36 35
86 82
10 5
19 63
8 68
58 96
11 60
72 57
99 86
60 23
84 17
83 40
43 98
70 97
85 64
8 81
22 32
2 73
1 29
90 22
87 11
75 6
2 18
20 41
49 0
9 80
47 78
84 55
73 59
17 52
45 23
21 49
50 51
61 48
80 22
27 18
35 37
23 81
22 31
60 76
59 18
88 26
38 15
27 8
23 20
62 80
26 72
16 47
79 0
49 96
71 89
1 78
68 77
32 42
35 63
8 83
24 74
68 66
62 1
56 90
75 17
61 39
15 80
79 43
22 74
49 57
49 22
94 52
14 64
87 13
29 84
15 50
78 61
84 61
52 19
54 9
17 64
35 78
31 76
18 46
49 99
48 5
96 41
61 47
26 71
49 56
85 62
40 70
65 22
67 64
12 88
40 92
24 81
65 45
45 75
47 57
48 92
31 80
38 3
92 15
54 24
58 4
74 35
81 98
50 34
33 52
73 86
8 58
86 0
90 43
79 67
34 95
6 67
75 94
19 72
90 15
35 51
69 79
62 98
56 9
28 63
47 38
71 65
19 35
74 70
81 1
98 93
26 39
69 64
9 72
76 68
59 49
70 38
97 7
56 2
67 19
88 57
27 4
59 64
42 22
13 98
18 63
47 24
65 48
15 74
79 29
97 26
89 48
50 35
78 86
85 95
20 5
10 21
25 50
87 43
60 50
69 75
34 88
90 65
54 44
81 21
41 1
88 6
80 68
60 79
8 15
74 54
24 57
76 75
43 19
88 99
77 40
8 20
0 30
69 38
22 46
33 36
92 3
59 83
82 95
54 26
19 32
88 72
35 90
42 68
47 25
5 17
37 87
71 94
93 70
60 30
24 32
87 27
36 2
59 95
40 19
19 55
85 15
20 21
73 7
31 87
33 98
23 11
54 20
85 90
13 68
57 71
51 24
4 51
95 15
75 7
77 52
5 36
53 24
48 60
78 77
88 15
83 43
71 83
40 90
44 4
89 28
33 43
32 92
41 94
19 16
9 44
48 95
82 77
83 82
49 47
38 49
41 25
69 60
10 2
58 11
54 56
15 60
52 8
14 10
84 98
63 0
97 23
7 40
29 41
64 70
13 52
51 90
96 78
96 33
89 70
89 52
1 82
14 50
32 74
12 67
35 4
44 35
37 21
13 72
8 36
91 85
16 89
57 40
63 68
65 55
50 38
7 48
46 36
47 21
23 38
13 43
26 64
89 14
99 44
80 83
0 22
2 58
83 31
41 51
93 14
52 40
92 90
17 99
45 85
44 63
21 71
57 76
12 0
41 5
4 65
87 10
17 40
34 76
56 26
21 94
45 66
61 66
20 52
10 22
94 92
67 72
85 79
43 11
68 99
81 3
80 58
30 97
59 98
18 28
65 81
85 78
80 87
58 39
64 98
37 0
6 16
40 43
39 97
67 78
96 60
53 19
74 21
6 43
69 68
52 88
36 6
51 82
99 39
47 50
17 1
52 22
26 65
87 3
62 37
98 60
80 73
87 23
95 47
6 11
83 6
4 9
5 13
4 6
66 40
99 72
85 84
86 94
75 88
86 7
33 99
94 97
45 86
31 14
13 64
43 53
41 18
13 2
63 49
38 78
78 94
49 88
45 29
88 64
4 92
64 37
9 92
14 35
30 39
78 37
17 20
99 95
90 12
59 11
44 13
76 19
39 23
72 81
24 85
22 29
73 81
10 40
87 46
39 54
74 44
46 77
2 27
80 37
6 19
84 60
84 31
79 6
94 56
26 53
37 30
17 44
48 63
51 27
41 71
2 88
92 10
74 20
27 54
28 90
64 71
19 84
59 81
68 74
14 25
57 90
55 3
9 65
15 94
54 61
81 35
84 23
71 70
43 30
85 9
58 7
17 63
18 24
53 44
4 15
21 28
10 7
94 18
96 52
0 33
77 4
32 94
64 74
32 91
8 49
81 4
59 78
14 18
53 47
76 50
95 19
67 81
71 78
38 5
85 46
87 30
72 25
59 89
81 49
70 35
42 41
0 40
77 23
78 88
88 36
64 87
70 76
11 71
12 63
45 35
50 65
0 80
30 62
32 13
42 15
41 56
46 5
22 36
14 39
29 55
20 97
24 14
78 99
62 63
33 35
59 90
66 84
25 45
18 32
91 75
56 45
33 60
73 47
1 73
9 11
16 75
89 84
53 71
86 20
43 93
72 49
22 28
96 13
28 7
89 13
42 64
69 99
71 23
55 2
95 58
87 63
14 41
68 73
57 60
96 61
21 68
59 85
51 17
77 22
20 89
1 28
18 58
68 45
58 38
43 77
5 68
91 60
58 31
95 73
49 87
75 62
99 81
8 77
9 1
49 15
45 98
69 77
49 39
0 34
93 34
59 66
0 27
18 57
36 80
77 42
90 66
74 13
30 9
21 36
37 2
95 62
48 35
58 12
44 76
90 14
24 99
24 89
27 12
81 53
16 35
46 49
34 56
41 43
39 56
70 87
16 88
69 18
19 99
88 22
74 82
10 58
13 8
93 6
27 31
92 60
10 1
89 63
73 96
67 97
26 62
83 54
36 34
54 53
13 16
22 51
58 1
35 28
47 80
33 75
29 50
3 4
27 21
54 49
5 39
9 79
54 73
99 21
0 51
85 66
21 29
60 13
