100
392 729 306 621 569 434 304 119 762 320 191 726 131 791 677 6 535 69 331 652 762 844 411 365 300 887 684 811 395 561 687 288 905 693 465 469 8 245 148 892 657 463 822 635 811 415 524 908 113 558 466 138 540 639 51 910 373 859 30 681 744 184 760 521 818 125 723 567 551 906 300 506 281 137 819 473 651 905 77 112 256 413 601 284 573 820 644 640 967 618 256 661 891 747 508 822 114 873 729 209 
20
883 321 663 518 889 707 410 46 695 12 978 52 227 841 365 449 528 582 984 809 
1000
60 34
18 60
58 74
57 43
13 16
41 35
53 15
38 87
47 54
5 68
84 32
54 43
31 9
32 81
51 49
21 93
25 28
9 5
76 80
30 95
52 24
35 6
28 89
58 9
6 95
77 84
13 72
2 74
66 20
36 75
20 37
34 47
44 43
27 43
92 46
49 33
96 20
65 39
92 28
3 99
29 43
32 37
78 68
57 18
46 10
77 46
20 34
1 31
4 43
76 60
36 18
73 62
93 25
67 54
24 63
56 85
94 11
39 84
23 82
66 83
84 44
73 57
51 65
34 38
20 61
13 49
2 40
96 4
85 11
46 8
4 29
90 76
56 69
81 63
91 53
5 10
79 30
40 41
9 12
36 29
79 85
58 24
58 71
52 28
24 85
25 30
43 72
69 60
38 74
31 32
63 72
27 58
14 63
7 47
90 59
86 24
86 31
62 88
5 20
73 81
98 52
99 19
90 45
8 62
64 7
28 49
55 50
67 8
82 50
16 32
25 85
59 46
44 82
62 81
44 95
53 14
25 17
55 69
48 54
83 63
70 86
64 5
2 1
44 64
27 40
44 0
13 56
64 29
13 54
80 44
82 20
14 70
73 32
69 63
65 6
24 20
20 68
2 5
38 91
67 59
65 25
67 73
83 11
46 25
71 5
25 11
58 89
53 20
99 15
67 44
83 58
73 27
94 89
73 42
28 43
39 49
0 17
26 99
98 71
58 45
63 66
11 14
48 85
93 91
22 71
22 62
75 24
47 80
9 30
52 25
65 84
69 89
21 56
62 37
79 2
5 58
90 86
74 81
29 12
54 80
27 95
93 7
4 83
88 12
58 30
82 69
94 8
27 62
83 8
18 41
98 90
83 22
93 12
94 43
75 98
76 20
50 3
89 31
60 11
38 36
22 30
79 59
27 67
90 3
7 18
64 77
15 71
48 9
4 75
53 31
84 18
79 95
26 66
31 40
59 88
39 77
27 23
80 52
89 17
28 26
72 37
66 71
86 2
95 17
65 38
77 87
98 41
40 96
70 52
99 67
31 20
12 96
27 63
42 4
75 77
46 27
28 54
95 89
9 76
68 18
28 64
9 3
15 43
74 93
37 24
54 61
81 24
33 29
27 77
78 35
78 29
44 75
7 10
94 85
33 47
78 0
93 90
1 53
42 1
81 91
95 74
68 13
61 75
96 73
83 94
3 33
64 40
68 16
68 21
18 24
50 15
82 22
20 58
45 10
19 41
17 8
12 36
66 78
30 41
72 21
45 13
86 59
1 27
48 78
14 21
56 48
28 47
91 65
99 13
46 96
99 97
19 5
52 37
90 46
54 99
71 8
30 92
21 74
18 32
17 60
98 62
37 28
33 42
72 69
29 65
85 77
40 77
36 9
61 82
63 82
71 40
22 92
72 57
54 20
79 14
62 13
25 71
97 90
93 83
17 42
3 86
96 48
77 79
30 88
98 22
53 34
78 11
50 64
74 30
50 65
36 52
29 89
1 33
3 2
77 21
74 91
4 52
84 1
22 51
3 58
48 45
19 48
60 62
86 92
31 44
74 9
53 77
95 99
79 53
37 50
52 67
11 28
82 99
35 50
83 45
2 24
88 22
45 71
19 32
32 49
77 78
38 45
68 45
21 27
26 49
8 6
92 0
38 16
47 13
76 10
1 4
89 9
82 32
83 88
29 47
88 52
52 68
63 73
15 77
35 52
76 52
96 37
6 12
55 15
16 93
22 32
52 22
62 89
18 55
34 24
46 49
5 16
24 92
64 34
0 15
8 23
64 89
69 61
65 13
96 38
21 62
65 98
9 86
12 42
12 35
49 60
51 43
15 31
4 97
15 47
81 37
74 85
75 23
66 10
65 35
62 32
16 18
92 71
14 60
92 93
1 80
95 58
71 73
98 20
82 8
25 97
71 32
55 74
58 78
52 92
88 33
65 41
23 91
48 67
23 73
27 41
17 80
6 54
50 13
67 50
45 31
22 97
47 61
45 0
6 17
23 25
71 47
35 33
51 77
46 15
63 3
84 99
53 49
89 85
78 64
3 27
15 95
45 80
59 75
97 94
8 31
76 7
90 87
56 4
71 94
25 94
79 69
48 90
91 18
58 0
26 86
45 53
35 37
34 36
8 92
36 40
45 30
17 99
3 91
16 74
88 25
77 31
90 19
29 71
10 75
12 27
87 97
74 42
45 73
22 33
96 42
10 50
64 2
25 68
82 53
49 50
51 54
62 82
93 98
79 48
85 70
30 24
52 7
21 45
63 55
81 6
35 71
12 8
12 25
34 4
6 68
21 39
33 96
99 27
64 87
7 43
87 66
52 78
44 45
76 91
1 46
3 35
41 32
88 58
53 93
72 48
92 79
73 77
43 6
3 66
92 98
75 39
67 74
49 0
26 4
21 98
4 48
78 76
32 4
87 49
57 67
20 8
90 27
62 30
29 3
63 39
35 18
81 99
11 68
41 62
61 14
91 11
29 83
88 3
49 95
95 4
33 58
73 37
9 54
28 33
3 44
47 44
95 39
99 25
77 9
87 20
62 11
71 87
99 71
1 50
19 23
77 14
76 96
58 22
92 53
95 82
95 66
8 14
6 19
92 40
91 69
15 63
8 11
13 33
25 69
46 74
48 13
64 47
68 83
52 14
20 94
83 76
27 20
27 6
88 8
89 68
48 89
18 6
93 69
9 92
30 70
64 93
53 36
81 22
37 70
64 13
32 58
38 7
4 38
19 71
56 47
43 25
27 19
34 73
29 22
53 2
91 99
87 59
1 65
18 65
60 57
27 5
12 87
75 25
23 50
41 70
1 26
5 72
69 94
67 53
37 11
3 24
27 83
94 76
86 95
25 35
73 82
23 6
65 9
19 95
94 36
64 55
15 24
30 46
66 90
95 3
32 87
54 12
1 86
57 17
42 58
29 40
48 0
24 39
87 24
18 86
55 90
17 22
0 99
10 16
24 26
75 42
63 48
59 54
40 14
85 38
46 72
58 72
72 98
76 51
72 19
60 1
18 0
12 57
83 55
29 26
11 66
33 16
67 17
3 68
47 48
73 52
22 13
45 82
68 73
92 45
3 84
59 28
67 51
55 80
70 29
23 83
98 73
34 63
60 92
46 85
86 27
42 28
60 21
26 16
94 35
16 80
74 15
33 77
45 2
96 23
11 71
74 65
36 89
41 94
88 0
65 32
12 97
95 23
9 90
62 59
17 69
12 77
9 75
74 92
40 30
49 15
95 90
51 88
42 22
97 9
0 83
84 23
97 19
10 47
98 81
78 4
42 66
12 2
6 22
28 18
93 99
65 92
8 34
93 33
64 54
75 82
85 40
94 17
98 82
45 20
74 50
76 98
16 35
93 0
76 44
51 89
4 31
70 73
79 83
42 89
6 42
87 6
19 15
34 0
20 14
25 19
64 62
46 34
60 46
96 92
40 57
21 73
36 58
81 0
25 26
71 42
79 33
15 36
77 0
33 7
47 2
18 81
65 76
53 26
53 73
57 11
93 56
93 28
94 30
74 17
54 46
64 17
55 56
98 28
70 90
23 9
40 8
24 14
27 75
44 57
75 76
73 18
40 50
83 2
92 78
33 90
0 98
21 41
20 93
58 48
50 9
97 96
25 76
35 34
0 91
90 14
43 63
7 91
91 89
98 15
52 93
40 63
72 61
79 82
31 10
63 58
35 92
74 25
29 39
52 0
41 51
90 80
70 23
62 43
64 36
41 86
25 24
29 9
29 98
5 73
31 0
90 43
45 99
79 78
87 26
68 22
69 92
17 39
65 15
42 36
41 78
70 27
45 65
67 41
62 61
48 31
25 57
87 99
29 5
14 74
25 63
62 0
7 83
7 69
5 1
12 76
77 25
11 36
15 84
32 98
2 69
72 44
25 98
4 74
21 42
64 39
79 8
50 93
62 18
35 98
30 67
54 72
15 87
33 83
63 61
62 74
87 85
42 24
27 84
98 84
3 22
92 36
24 17
82 64
99 60
64 42
25 5
2 23
73 43
29 58
87 75
6 0
98 23
50 0
74 33
72 0
39 89
10 33
41 69
81 69
52 40
18 58
26 65
6 30
65 93
19 11
37 15
26 7
66 12
19 4
2 80
17 10
95 9
22 38
61 79
43 8
25 50
47 99
41 82
78 45
3 23
86 97
96 83
87 30
78 65
28 13
97 62
50 76
74 66
18 61
45 55
2 10
5 4
94 74
12 63
19 43
38 62
10 44
75 15
28 99
96 17
53 40
97 47
57 89
88 46
59 25
67 39
30 20
85 54
63 49
94 6
99 96
51 87
76 88
19 98
18 94
36 6
70 59
14 32
41 26
68 76
3 19
65 88
93 77
39 54
12 80
58 84
8 16
55 31
59 6
4 63
49 38
87 57
41 54
4 24
88 82
68 60
49 70
78 19
61 76
68 12
50 83
95 61
15 91
67 9
40 97
33 81
34 86
22 74
92 2
99 16
27 68
6 1
20 33
