100
516 628 117 919 587 800 437 513 418 259 900 805 567 251 816 659 681 115 596 400 605 512 371 445 729 813 412 26 173 870 187 341 597 805 385 914 305 315 354 161 564 955 92 892 67 96 741 929 864 531 669 648 770 520 919 355 839 158 596 691 186 542 535 824 885 832 267 931 127 634 660 866 30 379 904 206 343 201 669 887 931 718 394 123 329 585 292 948 234 239 450 233 666 391 132 801 803 442 567 709 
20
705 342 122 977 521 782 98 139 679 338 950 809 107 164 800 314 123 657 585 524 
1000
58 47
2 81
29 46
27 59
85 82
14 36
86 15
99 15
52 36
53 20
80 27
67 75
73 88
73 65
41 56
21 25
53 29
75 62
16 87
83 44
77 63
62 45
46 19
61 53
93 8
49 40
69 93
35 63
93 48
43 23
47 1
65 86
18 96
63 38
96 93
12 35
20 1
38 91
55 34
21 41
97 29
15 87
26 29
68 86
30 19
99 9
38 22
79 40
59 45
90 26
60 54
19 72
34 48
3 13
99 75
34 38
31 18
23 56
53 66
51 5
76 18
61 22
50 22
55 31
54 61
88 17
96 98
96 32
43 81
37 65
62 86
71 8
95 15
48 91
10 77
54 35
66 42
56 48
41 61
24 80
93 26
44 75
16 65
33 42
68 61
47 68
65 72
95 60
64 56
76 46
64 19
20 15
82 14
9 34
43 90
29 57
62 11
93 83
88 22
26 97
32 6
76 8
34 28
54 33
25 51
90 42
98 17
59 14
23 73
46 20
89 43
19 38
5 63
50 74
49 84
97 33
93 29
51 91
6 95
61 96
85 1
14 20
69 96
7 24
52 98
94 8
65 10
12 51
14 46
76 50
98 21
1 6
61 6
74 24
52 90
10 75
19 21
3 56
12 30
51 34
52 67
40 59
43 31
10 0
98 0
84 41
4 21
88 11
47 78
89 95
87 12
18 30
12 37
70 87
20 77
91 97
43 79
95 12
54 10
98 36
48 50
36 87
79 59
59 93
54 66
68 5
81 71
11 45
59 71
93 10
18 68
46 96
88 9
13 56
53 67
72 16
89 61
16 22
79 20
47 70
24 0
75 80
53 33
64 57
30 1
86 8
55 94
86 92
21 58
69 37
80 6
96 73
73 67
23 44
15 50
74 16
2 84
17 20
62 65
77 65
38 39
80 96
97 14
34 53
88 20
99 69
77 12
12 2
49 6
92 78
68 8
90 36
46 61
41 68
54 4
75 9
8 61
78 80
16 8
47 73
95 45
3 70
30 72
15 12
3 28
2 51
74 28
16 78
76 16
61 52
29 19
10 53
28 44
80 69
15 51
4 91
22 4
36 41
22 51
96 7
6 5
98 67
0 87
28 42
44 91
66 84
80 50
43 21
63 78
72 89
68 58
82 92
85 46
56 73
24 1
75 50
64 92
91 93
64 74
88 13
33 2
41 69
67 42
42 20
38 3
23 19
59 23
22 63
63 81
0 92
70 10
79 36
24 79
26 89
27 63
47 74
80 25
24 47
7 10
79 80
46 56
61 79
52 45
50 51
34 39
16 23
68 82
45 89
63 84
32 57
4 63
18 12
18 61
40 98
84 24
24 89
81 74
27 68
18 70
72 62
34 56
13 23
21 30
11 21
82 16
46 67
7 91
48 49
51 99
50 8
40 16
52 47
16 36
29 4
75 11
28 18
74 68
36 48
81 87
42 78
26 5
48 85
23 77
20 30
71 53
81 25
2 68
16 6
70 80
68 34
86 30
33 0
63 74
22 21
24 98
56 91
70 82
94 86
13 33
51 77
51 19
75 84
44 19
30 89
24 85
93 9
66 82
31 85
29 13
45 71
15 93
77 55
11 95
62 6
40 34
12 59
56 85
9 52
78 41
90 54
13 37
51 24
74 18
19 99
50 36
29 14
52 19
86 23
6 66
0 59
57 8
1 21
33 64
51 59
9 95
9 16
0 95
64 48
58 0
45 91
75 90
24 32
79 77
49 15
16 2
48 43
65 48
53 90
83 35
17 64
79 12
74 30
97 86
57 67
51 13
3 10
47 38
3 9
37 91
91 15
94 26
6 26
97 93
26 18
69 1
63 12
81 92
72 6
81 20
19 22
59 6
33 4
26 67
78 2
81 60
29 95
53 81
13 58
24 56
60 2
25 56
64 46
2 56
20 87
56 78
76 97
64 67
84 38
90 76
95 55
14 77
94 91
74 3
42 53
87 61
43 41
69 76
51 73
1 61
74 4
39 32
9 73
64 49
12 88
12 83
68 87
42 54
4 3
56 96
48 80
69 72
65 75
53 0
9 62
11 27
16 46
3 36
52 31
56 77
88 82
22 72
9 37
87 14
61 16
89 97
75 76
72 92
9 74
26 34
51 0
2 13
34 19
8 91
82 50
88 45
63 53
78 48
55 17
12 22
15 1
54 44
82 61
73 81
45 67
22 82
37 64
36 46
17 91
79 83
35 80
9 45
69 7
32 98
22 99
82 4
44 70
57 6
40 9
17 12
32 21
89 7
81 37
49 51
73 89
88 69
94 25
35 48
26 52
20 22
41 50
60 84
32 17
57 61
32 10
77 43
8 62
90 60
74 7
93 38
2 89
30 76
81 47
69 38
4 27
71 31
18 77
98 2
40 17
11 9
12 1
85 25
40 7
16 81
16 19
9 98
51 1
83 95
17 45
28 19
70 66
34 77
53 98
41 13
86 57
35 17
27 26
25 38
35 21
34 17
59 37
74 20
29 67
12 93
68 33
38 1
82 31
8 87
59 85
85 41
70 67
94 50
20 69
58 64
92 23
62 90
70 84
64 50
77 91
90 3
71 47
57 27
19 87
8 66
45 1
38 88
7 9
97 98
92 38
48 21
9 29
83 27
27 95
1 90
24 72
31 47
88 21
70 88
96 84
78 81
67 31
18 52
51 58
14 72
60 39
99 34
2 91
63 41
27 42
90 81
86 5
58 55
20 80
83 10
71 70
90 73
56 5
23 85
17 85
17 61
73 12
46 17
87 84
59 56
0 36
1 92
76 48
35 76
99 71
97 92
12 71
77 3
46 86
96 41
28 50
3 29
68 42
4 44
16 77
89 96
67 48
73 95
25 88
72 58
44 18
49 67
58 66
50 40
52 95
12 84
39 52
5 70
53 75
0 19
79 44
65 21
85 18
69 36
52 5
38 55
28 39
24 27
14 16
19 90
54 7
34 2
19 47
62 23
97 48
98 70
54 51
34 42
95 88
71 68
50 21
2 92
4 85
96 75
90 15
37 97
46 55
12 86
43 15
46 31
83 3
8 33
44 36
57 16
23 57
85 5
39 19
63 76
40 81
10 46
27 31
67 4
78 71
58 74
58 76
47 57
75 74
86 25
83 54
39 23
20 92
9 17
97 73
13 79
84 52
97 34
5 18
96 37
98 23
57 1
49 54
70 23
45 99
26 63
73 80
8 56
87 37
26 45
92 35
36 19
43 99
55 16
85 3
36 86
51 39
20 91
38 79
26 33
80 15
24 65
38 13
53 68
37 83
88 68
26 75
8 78
8 27
22 70
50 97
47 59
34 50
47 56
82 24
66 24
64 71
26 62
15 3
75 68
50 5
55 40
94 34
93 98
95 39
96 63
56 97
80 34
55 15
93 79
43 11
69 65
19 95
6 33
44 61
64 76
58 5
59 53
15 5
78 9
94 84
91 46
94 66
34 29
60 36
87 85
80 38
40 19
29 81
1 28
71 94
59 73
73 94
24 58
33 70
14 26
91 78
67 3
26 28
65 50
61 35
35 25
21 40
46 66
45 47
33 79
21 29
76 23
7 42
6 19
2 44
17 5
17 80
48 1
39 8
49 35
7 82
20 62
6 22
10 89
91 99
25 43
77 48
40 95
73 58
57 50
57 66
28 0
29 0
59 54
11 24
60 70
82 99
8 18
74 61
7 13
5 33
88 28
43 56
20 6
60 0
88 56
87 71
3 44
4 56
78 28
83 9
51 7
42 91
64 62
60 22
62 69
74 34
66 51
96 87
21 67
32 67
26 1
13 84
25 68
0 56
43 63
15 76
32 4
28 53
19 49
45 51
9 96
61 76
94 78
87 31
38 52
7 22
45 2
37 60
9 81
2 38
67 25
94 74
41 89
91 13
93 1
47 82
57 35
91 12
97 52
10 58
45 7
54 62
75 93
21 95
24 43
50 25
7 39
89 67
46 47
0 62
29 47
27 86
3 39
39 79
76 74
95 61
94 17
66 45
59 20
31 92
90 30
78 23
58 25
24 60
90 25
48 99
99 63
58 20
74 96
39 48
25 12
12 39
74 27
16 3
56 9
23 38
72 99
74 42
45 44
14 21
92 80
58 54
29 35
95 26
81 69
5 9
28 90
13 39
87 39
37 90
91 85
98 12
88 19
59 2
77 1
0 81
48 38
87 58
55 74
45 57
69 8
6 70
81 17
50 46
97 21
28 15
79 85
50 9
41 18
77 82
10 55
39 91
82 28
67 7
11 35
83 39
38 77
0 67
78 17
90 96
8 67
43 91
84 99
14 10
1 99
37 51
76 1
22 87
1 29
14 4
92 12
46 57
10 69
56 60
95 72
76 53
47 30
58 18
71 90
34 71
28 48
27 85
91 81
54 29
3 75
17 93
98 10
37 74
82 89
94 43
44 56
50 12
33 80
10 19
85 45
44 77
50 58
88 76
73 52
21 20
53 13
22 74
58 96
84 78
30 62
80 49
68 56
36 15
55 12
57 93
63 67
90 48
