100
880 337 769 886 75 196 670 288 289 408 115 669 977 695 239 582 280 56 924 186 750 477 280 353 316 254 950 378 455 324 796 772 446 852 137 208 124 387 899 761 606 125 468 595 539 101 188 248 898 720 205 519 784 684 497 236 316 156 676 624 192 670 509 377 991 301 323 86 937 348 20 983 134 915 704 769 858 673 0 417 145 333 441 787 342 923 129 568 612 614 791 781 865 267 862 354 586 160 721 735 
20
712 559 999 867 704 700 580 503 568 112 769 649 394 43 166 288 555 946 620 32 
1000
93 91
29 3
92 78
31 70
58 91
74 20
10 78
54 8
92 99
2 94
60 24
1 62
23 60
31 99
98 90
97 89
67 68
79 8
73 63
56 69
95 11
86 79
55 17
98 15
13 16
42 60
91 64
56 18
60 34
74 94
71 95
52 86
39 79
91 28
32 63
23 35
6 86
62 96
37 12
79 27
72 47
24 64
34 56
26 64
35 54
2 4
71 52
57 36
28 93
57 18
88 10
37 97
1 54
15 3
55 41
43 1
39 4
70 48
51 70
59 90
4 6
84 30
23 29
20 91
90 95
71 55
46 4
61 72
16 47
18 87
19 66
10 98
21 51
7 51
68 14
9 43
86 44
90 88
63 36
26 10
10 99
22 49
75 25
15 57
38 60
41 42
40 41
89 52
38 16
62 5
16 17
88 19
86 41
59 76
72 96
64 44
75 66
95 42
13 88
99 62
37 25
53 89
22 42
75 80
53 22
10 64
92 64
27 52
82 58
50 22
58 5
75 15
21 9
83 21
75 16
87 68
78 58
82 22
49 86
78 33
17 48
2 14
83 80
1 92
62 14
69 16
60 47
9 97
46 40
3 81
28 29
27 44
12 14
59 37
22 97
20 67
52 41
95 92
83 47
14 70
5 47
41 48
45 9
82 94
35 59
81 80
30 35
87 10
69 39
29 58
37 60
62 72
20 72
47 30
28 50
28 23
23 21
58 95
97 26
1 30
47 76
3 59
26 6
39 34
36 20
33 6
43 31
99 37
50 95
35 65
4 96
0 37
44 34
97 38
72 75
36 35
43 7
16 98
91 63
2 62
51 27
78 54
21 92
34 6
95 99
26 70
81 57
94 31
15 30
7 80
13 14
68 50
91 40
13 51
70 64
97 18
78 59
96 58
28 42
54 84
33 49
34 1
28 40
2 6
70 75
13 77
68 72
95 84
63 90
14 31
30 43
69 94
55 72
35 14
71 75
13 93
22 27
57 2
3 53
11 87
39 41
91 3
44 0
54 63
21 30
28 20
5 34
91 5
39 90
5 10
5 93
28 71
87 79
48 76
41 38
27 85
90 19
75 13
2 55
89 10
44 70
67 13
55 49
40 98
85 65
10 65
58 34
65 43
27 66
85 31
42 76
14 64
0 10
96 95
43 41
10 23
67 85
41 97
14 79
98 88
52 33
25 98
44 30
27 47
37 50
77 14
69 65
41 26
79 47
78 18
98 6
66 12
88 86
33 75
15 34
77 82
9 28
69 93
71 23
82 71
20 99
62 59
96 87
35 71
12 54
97 29
16 34
23 82
6 22
33 95
27 83
71 86
90 69
55 62
79 4
80 98
51 65
20 22
45 88
42 24
40 94
91 9
61 2
4 64
83 57
59 61
15 61
7 89
93 15
55 99
36 22
94 43
11 81
52 51
91 70
72 52
32 11
78 66
8 84
50 19
37 89
84 45
34 8
46 5
95 9
15 42
37 80
77 92
49 16
51 49
90 20
44 22
14 29
19 85
53 45
80 41
63 84
21 11
32 22
47 68
86 48
91 81
19 77
9 39
81 6
95 26
49 90
19 29
90 41
78 24
75 1
21 61
88 93
71 6
86 65
18 36
63 92
18 94
80 17
35 38
57 12
26 35
47 25
49 50
90 51
44 21
48 7
10 63
1 58
65 78
99 44
82 15
56 79
44 2
88 52
8 99
3 43
32 98
77 75
62 56
48 98
48 57
97 88
32 68
46 89
88 35
55 82
78 90
36 97
67 26
52 21
2 47
66 29
67 33
13 73
70 37
19 14
33 11
55 89
45 54
75 35
65 94
4 88
94 91
53 8
5 96
86 32
10 13
30 7
70 34
48 51
35 25
64 88
30 79
75 94
97 44
93 65
22 77
58 76
74 54
76 25
25 32
79 44
80 11
57 89
18 38
97 13
13 37
84 32
44 82
55 37
18 82
31 86
3 46
99 90
60 39
55 5
72 4
18 12
59 26
1 4
98 50
45 77
91 35
85 98
9 23
2 89
50 30
41 3
63 29
6 64
11 76
42 64
25 63
67 17
2 69
67 99
52 87
91 82
86 62
17 50
27 91
72 91
26 56
8 57
88 15
33 61
12 62
17 69
65 88
52 69
30 58
70 9
36 70
76 0
81 29
96 36
7 58
51 63
16 12
26 30
9 36
22 95
84 15
27 33
11 12
48 44
7 0
26 60
35 99
33 23
64 22
14 94
83 13
32 58
39 13
55 38
60 69
76 62
19 53
15 97
10 49
89 21
12 77
35 51
70 30
66 43
72 59
56 30
32 51
45 98
45 46
43 62
24 11
35 6
55 24
95 62
26 76
34 11
58 49
82 14
80 47
76 68
31 40
73 98
47 65
53 7
93 4
51 82
82 29
92 54
62 73
3 39
98 7
26 50
21 4
19 3
55 84
35 67
29 44
90 25
36 27
83 3
31 54
76 84
99 66
16 21
20 23
36 60
72 69
48 82
60 4
25 38
73 9
83 59
8 50
54 14
72 36
74 65
43 96
52 31
65 96
15 52
49 88
69 83
48 42
49 80
94 68
46 66
38 67
74 61
42 90
9 78
35 94
23 34
64 39
38 31
14 95
76 49
21 74
46 31
17 22
71 30
31 91
49 37
20 73
76 87
45 90
93 47
29 79
30 57
38 47
19 39
39 95
61 86
61 28
98 70
36 37
51 30
70 2
53 39
78 27
57 77
87 69
82 26
57 68
88 34
32 54
83 17
52 50
72 50
35 70
43 25
8 11
20 19
73 51
13 89
31 89
45 7
29 20
29 59
5 15
60 63
89 84
45 1
89 23
25 33
67 30
72 26
12 99
51 94
41 69
10 41
43 23
10 72
99 89
35 89
91 69
53 83
49 68
67 28
65 3
14 47
14 66
20 75
32 73
95 49
69 86
8 91
35 3
9 98
68 58
64 12
28 17
39 42
87 17
49 3
74 9
17 8
40 79
34 80
72 28
81 40
13 18
12 89
58 77
19 26
86 8
45 43
13 82
39 10
41 20
74 50
70 76
67 86
93 48
9 22
25 3
38 7
39 36
49 29
36 82
28 78
92 73
40 74
58 79
54 37
71 20
53 82
33 2
90 8
10 75
56 81
61 39
98 77
22 56
6 82
68 61
70 86
69 63
63 66
99 79
8 58
98 5
15 26
59 98
15 64
48 69
44 93
1 57
83 73
83 35
3 12
71 77
41 14
11 64
57 88
85 49
72 97
78 43
51 68
9 93
34 19
69 38
81 70
40 51
43 88
83 79
79 74
59 5
61 6
75 27
7 41
28 64
29 15
60 43
47 41
91 67
95 7
79 35
8 42
19 72
52 46
89 17
61 22
43 17
41 8
62 18
14 60
24 54
3 1
47 81
61 79
35 43
25 51
83 40
82 32
80 32
69 55
94 78
51 83
10 8
68 63
13 49
4 82
86 94
90 15
74 90
24 4
34 61
92 93
10 91
93 29
33 44
70 53
20 43
22 86
2 15
46 65
32 43
90 64
4 38
7 65
11 4
51 37
48 63
50 42
58 99
14 49
30 77
33 0
87 77
18 41
62 9
16 92
33 91
97 14
17 27
7 42
96 22
73 47
78 53
7 39
89 19
40 29
29 90
58 6
16 51
98 55
28 44
94 96
37 6
57 62
64 7
19 2
20 50
89 30
4 9
34 41
59 85
45 60
38 66
44 65
86 1
42 93
92 72
58 60
99 51
38 22
28 77
91 41
97 12
63 0
92 26
88 51
70 28
11 39
17 44
97 70
91 90
34 26
50 12
35 44
95 31
63 62
16 71
44 1
2 66
50 94
88 48
67 63
35 53
2 85
31 12
65 41
27 14
78 12
1 39
67 84
88 18
32 59
19 24
80 22
99 23
11 83
40 33
63 14
82 72
32 34
88 40
5 52
18 60
89 93
87 92
31 51
44 47
17 6
45 17
73 35
1 42
90 70
30 39
29 78
50 5
86 60
98 39
69 20
85 93
53 66
30 88
37 16
30 72
60 64
92 27
76 86
34 76
92 49
17 78
46 13
76 95
48 94
35 46
4 57
26 11
0 79
0 99
75 91
56 84
5 17
11 13
13 25
8 32
26 96
29 61
85 1
39 75
74 75
85 7
4 3
84 60
52 90
1 14
36 85
89 62
83 19
98 84
13 35
85 22
72 3
46 88
56 40
74 41
99 6
24 36
85 83
80 30
76 46
23 37
97 45
98 94
64 35
34 7
64 50
54 22
75 42
48 21
57 28
85 4
91 21
4 15
60 3
2 95
9 40
71 73
77 21
37 29
0 93
65 34
17 42
41 59
24 59
60 74
55 65
41 29
89 60
45 5
1 74
28 43
5 88
92 7
95 20
20 10
0 68
4 14
81 45
70 68
0 54
68 13
96 81
84 46
71 37
9 49
13 78
19 48
80 1
61 92
94 44
26 7
81 27
39 6
70 29
7 6
26 2
76 92
67 62
41 54
32 99
66 49
66 8
85 64
