100
657 874 748 764 422 592 891 339 742 942 837 48 208 939 611 376 243 842 372 485 930 66 739 383 634 530 329 972 274 767 812 303 250 73 191 652 767 134 3 436 868 808 388 402 526 862 95 410 761 731 918 37 823 13 732 438 742 314 520 163 814 681 830 641 783 151 179 158 185 245 577 322 681 504 197 673 425 327 929 307 306 579 580 205 312 426 698 42 684 439 931 595 872 585 386 64 741 454 963 285 
20
183 195 350 261 725 433 124 608 620 56 288 965 715 888 455 505 903 975 48 967 
1000
65 28
66 18
0 51
11 1
72 19
28 0
0 45
26 95
36 17
13 34
72 16
2 74
58 39
19 64
20 32
93 8
40 95
97 95
89 67
41 91
5 45
54 49
72 4
75 47
32 76
27 18
11 91
31 13
29 32
66 3
14 17
46 30
3 75
63 33
1 52
15 10
77 13
94 74
1 69
64 88
15 38
98 56
81 85
77 31
83 81
95 9
35 86
76 86
20 99
75 21
17 97
83 66
41 53
14 8
17 95
50 30
67 70
59 57
4 99
28 67
20 77
98 27
70 92
48 77
75 64
22 10
57 81
74 31
10 24
21 67
70 72
80 6
36 41
50 83
72 68
24 87
97 16
6 95
45 60
92 28
65 11
75 65
37 4
25 4
22 3
56 67
40 76
81 7
56 39
78 20
20 37
63 15
30 95
31 28
70 28
6 42
43 46
73 24
84 33
64 91
65 72
37 45
72 9
19 52
36 20
55 15
50 97
4 66
24 8
64 76
33 36
80 47
25 1
95 82
55 47
57 28
56 99
54 99
57 40
50 1
23 93
77 75
70 65
86 68
34 62
37 63
88 72
72 42
43 67
89 16
93 0
22 36
65 10
2 78
45 38
95 61
57 25
41 77
4 47
75 46
11 21
35 2
22 5
58 70
47 72
61 0
36 80
73 51
27 22
9 97
71 73
90 51
50 77
64 28
74 71
38 54
49 62
90 1
20 92
53 80
9 81
73 55
46 16
3 44
58 35
6 50
14 23
23 2
43 7
89 81
10 57
53 48
91 45
98 51
80 31
29 63
51 33
28 61
63 71
41 88
53 46
63 65
62 81
61 99
86 83
99 86
7 63
31 75
20 58
18 32
97 20
97 91
26 30
36 51
75 10
64 39
84 45
23 30
32 4
16 53
87 29
93 88
61 31
37 55
3 65
87 5
67 42
37 11
98 78
90 86
47 39
7 97
93 30
72 36
35 75
7 37
31 14
59 71
69 37
57 73
6 10
92 81
44 2
58 67
43 56
59 86
8 39
75 60
84 32
4 11
84 49
61 73
84 81
17 25
10 94
81 28
27 4
70 17
61 82
1 80
34 95
64 74
8 35
54 17
74 62
88 42
69 55
56 81
15 66
84 25
14 28
25 87
99 64
7 75
4 45
97 12
36 63
78 36
16 92
69 61
87 72
46 44
19 98
94 4
48 21
74 5
73 45
64 25
34 59
59 7
79 1
41 35
42 37
27 67
17 21
72 67
0 34
34 17
21 96
17 11
24 0
17 22
36 27
89 54
81 4
9 59
93 53
47 62
0 92
27 8
0 42
93 24
81 53
95 28
93 34
82 91
61 56
16 93
52 63
42 53
82 64
54 34
55 90
22 62
7 95
18 99
33 94
57 4
35 29
71 28
93 95
90 5
37 33
90 13
22 86
20 85
73 69
90 35
60 53
3 4
0 12
78 74
26 91
45 78
86 61
50 0
72 44
68 53
16 95
79 34
87 73
33 61
62 0
48 55
61 4
36 82
10 28
78 17
23 90
57 54
90 72
75 49
52 72
14 1
80 99
68 83
32 8
94 29
79 65
22 90
82 1
62 64
79 12
68 97
56 20
84 73
44 20
72 20
54 76
41 74
89 41
60 23
41 39
41 76
30 34
53 49
63 79
54 1
54 28
24 62
93 50
97 93
99 93
53 44
31 4
57 85
19 35
35 63
39 53
4 53
99 67
70 0
15 14
25 51
35 17
20 63
89 11
7 88
99 13
47 71
60 99
23 3
78 67
52 32
64 45
48 67
9 73
3 84
73 46
61 3
60 4
46 11
8 62
88 80
52 46
32 88
36 89
71 56
57 88
2 32
78 40
30 11
80 21
46 95
88 87
11 15
78 89
14 33
44 79
52 34
57 44
6 91
94 77
41 21
47 12
24 49
27 77
77 17
51 52
42 5
18 13
23 89
9 65
69 76
62 91
49 12
24 30
30 39
97 8
43 50
69 32
20 14
50 58
78 16
26 2
53 63
96 66
96 86
74 49
8 25
3 60
43 18
22 83
80 43
23 91
78 14
98 25
77 34
20 79
38 73
98 96
86 87
52 17
8 3
67 69
60 25
33 35
18 87
16 62
1 42
20 67
11 8
97 39
10 81
25 90
41 32
41 52
74 76
49 2
56 53
32 80
81 43
75 40
44 8
61 32
14 98
45 18
29 70
9 67
32 26
98 85
17 30
29 68
43 96
96 39
32 33
44 93
56 45
93 56
84 4
46 77
48 80
6 24
95 79
18 63
96 76
33 68
68 63
33 85
85 31
77 74
21 84
77 42
73 93
52 91
94 42
94 17
12 67
13 49
13 0
4 49
88 28
21 3
20 22
92 77
13 30
44 14
59 78
27 53
35 52
66 65
62 45
85 74
50 36
97 72
29 20
23 11
66 77
52 68
24 88
67 86
88 53
65 51
68 71
8 36
48 81
91 93
49 94
91 19
19 1
1 40
47 61
92 68
38 8
15 7
83 10
37 66
29 22
55 68
2 60
59 44
24 86
86 28
30 36
6 60
31 11
2 85
70 52
29 85
50 72
69 36
73 52
12 57
57 91
23 36
82 48
13 14
86 16
48 9
45 92
90 47
17 67
6 69
4 5
62 77
26 59
17 88
40 43
14 80
97 77
96 90
93 74
12 93
99 17
56 85
81 50
88 21
52 93
4 79
88 95
32 98
2 16
27 75
85 40
97 79
11 53
18 71
98 39
4 82
39 43
52 0
32 53
57 17
71 6
69 48
97 27
54 53
8 56
82 9
73 70
9 93
59 52
17 79
2 84
44 94
58 84
67 75
26 24
37 26
57 72
43 52
85 46
13 91
68 22
57 33
80 38
10 71
16 69
3 1
2 13
83 38
64 26
67 71
51 64
78 23
68 88
44 37
21 18
27 33
67 44
31 25
40 69
61 98
89 39
95 55
23 37
85 66
50 88
48 94
81 38
69 53
10 43
9 30
2 81
62 11
9 84
23 71
2 89
96 10
6 40
18 62
61 91
36 32
57 13
66 23
3 53
55 3
57 79
66 49
21 51
11 16
61 85
3 67
63 55
38 10
42 31
79 55
23 52
37 27
86 20
39 75
42 21
78 55
92 15
4 23
78 61
33 49
51 14
76 24
78 92
99 55
88 67
8 42
76 35
24 46
72 51
12 48
47 53
39 91
3 73
83 41
82 87
29 73
42 16
35 39
96 25
62 33
8 99
83 53
48 14
81 44
4 76
37 39
74 68
44 70
91 65
7 73
33 89
38 98
99 0
64 17
85 9
83 23
63 40
56 78
0 17
43 5
54 26
17 3
10 34
37 12
5 63
89 75
98 22
47 58
71 87
58 30
68 40
60 31
18 2
69 58
72 37
74 95
86 36
83 70
44 74
46 12
91 24
40 96
86 75
77 0
65 17
25 89
99 46
37 6
39 84
95 89
16 32
89 49
24 71
21 60
12 30
83 44
60 55
79 77
76 81
41 86
82 53
73 27
42 50
18 57
94 63
97 25
58 83
49 58
29 90
70 76
88 74
34 42
31 49
39 68
39 99
5 10
5 37
99 10
76 55
53 50
3 71
73 42
69 90
96 99
92 27
93 39
55 66
46 23
50 20
85 22
88 99
56 69
76 53
34 99
24 19
52 88
57 82
54 96
4 12
56 73
12 38
18 94
13 4
48 36
3 59
36 75
2 39
4 52
17 10
28 77
76 91
12 29
29 98
42 70
98 31
91 36
37 31
37 36
37 53
25 22
51 78
3 38
15 96
36 73
96 17
34 18
25 65
9 2
81 21
82 43
91 78
85 35
54 82
61 94
27 14
80 54
5 50
44 48
58 46
48 56
3 56
61 10
46 67
14 7
65 48
17 7
70 5
94 38
84 94
61 25
27 7
99 52
29 97
78 49
79 15
51 91
4 55
13 21
44 22
8 72
65 32
8 87
60 24
34 7
73 82
7 22
48 47
21 44
56 36
47 57
10 25
86 72
82 16
93 63
44 86
1 4
78 26
3 58
81 32
65 7
36 24
95 25
2 79
23 63
23 92
79 67
24 5
65 69
94 66
50 40
93 80
45 41
67 52
25 15
24 2
23 85
37 80
29 24
31 92
52 16
3 13
87 41
17 48
15 69
53 67
30 44
31 47
21 43
46 89
31 35
40 29
12 81
48 73
76 79
28 51
38 47
77 6
86 97
9 49
39 18
27 25
37 83
63 3
1 71
21 37
24 15
22 88
65 49
61 26
16 18
64 89
18 83
8 65
41 90
57 16
25 93
40 34
62 82
24 89
47 77
9 1
31 36
38 46
57 94
41 7
2 42
86 65
29 46
56 57
0 79
48 16
44 75
33 10
52 3
45 98
2 54
80 7
79 88
90 50
62 36
19 95
8 45
43 63
49 47
3 69
62 44
41 2
16 45
7 21
7 25
39 38
60 92
22 56
98 30
15 77
3 95
60 68
98 34
54 36
19 66
80 83
13 1
98 36
