100
309 292 726 106 309 446 931 614 21 627 577 449 497 291 124 237 715 685 549 191 231 657 29 543 613 428 501 45 846 286 812 316 145 286 619 251 41 35 385 356 273 848 577 148 840 285 23 640 11 282 73 339 975 449 121 690 323 801 14 205 40 313 987 129 770 487 848 923 315 528 861 364 645 429 294 302 895 876 457 164 216 517 524 586 635 327 157 761 521 411 335 569 418 510 598 945 829 725 226 861 
20
123 816 475 256 223 336 486 537 735 990 881 636 924 206 510 808 721 23 476 679 
1000
57 63
24 33
62 94
8 87
16 90
55 33
51 48
19 72
93 68
79 15
92 35
14 34
87 46
11 4
30 90
82 6
89 64
91 93
72 98
36 80
46 85
46 39
91 54
11 83
22 19
7 92
19 70
8 13
19 86
50 22
48 34
44 10
31 16
14 75
54 20
96 55
24 46
51 15
94 0
7 22
61 42
28 32
33 67
41 6
24 41
61 10
94 2
25 41
9 66
98 33
40 87
22 85
11 23
3 9
89 26
60 28
39 32
49 70
2 42
41 4
98 58
36 77
26 53
40 8
84 5
7 61
86 3
74 91
96 32
40 15
22 93
20 64
91 70
72 96
54 27
39 58
6 33
4 6
79 33
83 96
25 96
54 79
5 69
84 8
64 92
98 55
60 92
91 80
75 88
63 83
13 71
44 74
42 25
30 39
27 92
39 40
16 25
58 90
93 83
78 62
64 50
9 89
22 12
16 96
52 51
11 26
27 44
73 74
72 90
42 64
73 31
67 50
65 49
48 8
69 45
93 7
18 87
5 19
90 7
63 89
96 89
25 52
13 12
43 47
47 78
85 51
9 55
12 55
86 89
29 97
61 77
75 31
80 65
48 80
56 44
36 93
28 91
78 93
2 23
94 52
63 0
57 74
35 79
72 67
15 25
23 26
2 54
15 91
47 87
40 47
81 30
47 25
41 47
59 28
50 27
68 96
45 7
65 25
36 48
56 13
83 3
82 70
94 81
99 95
91 66
95 29
95 27
28 34
11 13
34 47
52 88
24 8
29 25
91 23
19 90
61 26
90 22
37 2
20 51
97 56
50 34
20 81
4 92
38 0
77 42
9 17
12 60
93 59
36 87
10 7
10 3
51 65
13 65
19 95
0 37
71 21
80 68
97 11
88 57
10 12
63 67
54 6
67 6
75 43
62 45
74 13
82 99
33 13
35 71
79 59
36 72
57 8
61 53
95 92
60 7
33 62
32 34
72 89
92 25
86 90
36 15
27 80
65 16
38 5
7 30
1 9
13 85
88 35
2 20
38 62
70 46
25 84
72 44
56 5
93 81
9 49
12 58
15 69
97 64
42 76
41 37
58 49
10 76
58 14
74 40
24 76
10 17
38 19
47 21
36 82
82 2
96 1
66 5
79 5
46 67
97 57
85 28
16 32
29 8
15 24
90 55
3 31
26 68
45 73
33 65
6 77
61 36
31 6
8 10
51 95
55 8
34 40
72 10
40 82
60 19
50 75
76 59
1 6
21 88
60 93
35 90
0 40
29 27
90 96
63 51
23 56
39 1
78 7
37 66
59 10
39 41
7 85
44 43
83 27
77 4
75 86
6 93
21 50
61 0
12 65
85 88
1 95
56 93
65 48
21 37
28 78
84 37
89 52
44 17
59 14
43 3
56 35
45 54
94 55
13 61
92 12
52 75
91 88
30 4
44 6
6 98
82 7
77 91
37 72
25 72
0 87
87 99
51 16
72 88
70 45
84 17
91 6
9 87
84 94
89 77
1 65
12 24
65 84
83 97
97 25
14 33
29 50
1 4
15 14
37 5
82 88
68 43
79 22
96 10
98 64
63 27
4 74
49 34
55 16
62 25
14 35
54 68
13 86
12 33
49 88
16 89
75 38
73 30
61 71
15 54
1 63
99 48
0 48
62 60
64 80
70 63
96 84
88 84
78 25
22 34
58 48
87 19
38 14
90 57
6 81
28 90
16 63
69 98
79 80
41 71
26 35
5 9
1 29
63 55
60 65
73 29
26 80
23 0
63 93
55 93
64 2
96 97
18 31
80 63
81 74
86 84
85 98
7 41
63 20
42 54
85 44
80 14
3 53
19 35
51 50
36 68
25 27
34 35
67 51
87 39
47 54
9 43
59 24
9 67
16 7
83 87
32 80
21 4
64 6
61 20
69 90
84 16
46 21
41 70
67 90
18 8
70 3
55 39
5 45
25 43
23 54
35 85
45 14
9 91
40 71
30 78
13 48
92 22
9 50
99 55
55 86
44 35
30 24
44 47
37 80
21 43
63 35
82 45
38 17
38 55
32 90
13 91
89 74
0 14
35 81
71 69
27 17
99 76
72 52
12 86
84 74
99 35
46 56
78 72
58 43
32 87
33 37
31 85
17 52
47 77
92 26
77 70
64 81
26 39
4 52
11 92
46 14
99 97
59 66
75 67
98 43
2 58
93 43
47 45
2 31
79 29
0 70
9 82
24 1
50 76
74 45
2 26
82 34
34 61
58 54
47 33
44 32
76 16
83 21
23 39
77 18
81 89
45 66
75 40
76 23
95 75
95 28
10 49
59 73
56 98
56 77
48 64
63 34
18 83
48 93
3 40
67 77
8 27
63 46
52 6
59 36
82 54
0 65
1 35
58 79
38 86
85 0
51 49
88 61
53 43
4 9
91 43
15 47
86 72
2 51
23 37
53 52
78 94
44 62
24 43
74 1
42 12
78 0
70 38
78 37
19 44
49 76
48 6
33 50
69 77
66 46
56 60
75 85
45 38
13 52
79 43
53 45
88 38
59 15
83 94
60 88
96 87
36 28
91 16
85 57
7 17
41 15
75 39
12 82
17 99
6 27
21 22
92 1
68 8
86 25
1 93
45 13
99 7
4 87
38 41
22 49
68 13
55 11
98 81
79 84
30 68
78 35
18 78
3 48
95 97
74 70
64 15
70 53
68 3
29 70
43 61
5 63
2 91
94 41
89 48
77 94
12 90
4 89
99 78
36 31
17 21
72 32
45 67
96 99
54 84
80 28
57 10
37 34
43 97
12 0
73 47
12 8
99 38
25 98
68 75
27 45
53 55
46 75
45 93
29 26
63 98
50 49
79 25
13 98
90 56
1 48
90 89
35 93
54 51
23 96
89 79
20 57
76 55
48 90
48 60
0 75
51 96
49 7
44 39
31 78
41 85
99 57
91 24
47 62
40 60
99 66
15 96
30 2
97 69
21 60
69 76
32 95
16 26
42 74
9 47
48 14
29 82
42 78
71 18
45 4
47 10
23 62
28 47
27 23
9 73
53 51
21 58
28 21
40 53
78 88
36 88
85 29
46 33
87 57
25 10
99 58
60 75
56 74
57 44
11 54
77 99
46 51
55 72
2 12
1 0
90 97
43 59
98 5
26 60
42 27
43 32
0 79
9 71
88 2
83 60
51 47
67 88
38 93
15 67
47 98
35 65
21 92
36 79
32 73
2 9
75 35
80 83
82 60
95 80
93 94
46 96
19 81
95 50
44 54
7 52
34 92
68 66
50 36
29 96
22 83
85 71
65 87
75 18
52 35
74 98
75 65
85 92
41 59
86 50
69 78
57 43
29 28
67 11
50 60
7 0
89 87
26 83
65 9
61 58
62 61
67 54
43 15
71 60
4 90
29 2
65 41
76 25
61 47
70 88
78 61
62 36
36 16
13 50
27 96
59 97
97 44
15 70
49 41
7 43
46 20
31 56
10 63
48 2
81 42
66 33
40 14
47 18
99 29
82 37
98 3
71 45
58 40
47 72
32 38
35 9
83 51
32 71
26 54
6 26
68 95
1 37
4 36
88 50
10 68
92 32
70 17
94 88
89 59
81 5
81 86
6 42
16 54
48 42
70 51
24 32
67 24
83 14
86 51
40 80
60 8
72 23
29 87
88 98
26 94
49 4
54 87
12 1
24 83
24 3
75 15
98 77
30 72
65 78
33 52
51 88
7 31
58 94
51 34
1 70
20 50
42 38
41 42
72 56
9 86
3 66
92 15
0 20
93 29
8 4
66 18
84 67
66 93
14 32
32 26
33 59
78 95
94 31
37 59
72 97
95 85
79 19
20 9
67 61
93 74
57 3
7 94
84 31
28 62
30 55
2 56
47 30
54 85
66 53
21 80
57 29
45 99
25 54
29 10
50 28
22 73
0 4
11 95
2 83
58 23
30 61
16 88
32 68
89 0
54 50
91 33
57 86
41 12
0 81
94 73
96 69
87 60
55 77
96 94
15 50
40 55
43 26
61 70
70 35
97 40
8 76
65 40
37 42
15 27
4 37
65 99
22 89
22 17
5 6
93 44
75 82
66 35
19 37
73 2
11 59
56 68
76 48
56 11
68 35
71 7
26 17
60 72
71 57
73 63
75 63
82 98
94 14
46 17
32 31
20 27
18 41
19 80
54 12
86 10
93 24
74 30
43 41
48 35
32 6
30 10
35 45
73 98
8 9
96 38
2 59
15 9
40 32
18 70
84 53
87 69
19 4
51 8
36 22
6 29
70 99
5 18
63 77
82 13
55 5
8 66
81 27
87 2
4 78
59 85
87 91
90 52
83 95
18 90
16 37
95 21
1 47
46 19
14 91
38 57
95 63
41 31
61 55
31 11
3 91
27 5
31 80
9 31
72 48
57 52
28 98
14 43
35 49
30 93
29 44
15 3
33 88
53 19
6 35
44 95
63 79
29 3
93 54
29 72
36 20
42 53
99 6
45 83
39 64
65 73
67 96
37 45
