100
950 472 347 963 639 160 566 257 18 244 440 423 789 974 241 54 539 463 263 672 323 381 922 986 159 13 107 294 469 217 423 651 461 635 793 271 860 118 894 293 539 478 661 75 639 798 27 537 119 178 352 141 314 667 764 755 978 870 471 234 476 977 76 117 625 700 503 876 448 610 734 404 264 924 352 251 552 609 560 290 706 716 427 788 786 517 750 419 784 695 726 976 927 193 926 640 64 746 85 401 
20
93 547 162 88 563 234 658 596 82 148 616 784 667 238 749 356 380 759 293 994 
1000
60 49
31 25
57 11
19 71
14 53
16 59
0 83
25 30
84 7
81 12
75 39
28 92
0 52
73 10
49 31
17 64
73 97
19 88
10 95
12 33
37 45
82 77
77 53
24 62
5 94
93 94
79 22
47 55
16 27
33 97
9 77
38 69
40 79
31 59
50 85
72 95
91 51
50 94
33 13
81 28
48 40
5 34
13 11
82 56
84 89
3 43
87 76
27 61
52 3
62 6
41 17
46 89
30 15
4 95
93 54
61 52
6 5
64 40
78 66
93 95
50 28
24 55
51 42
42 55
38 99
73 80
57 63
8 54
14 4
72 29
66 89
24 61
17 33
7 29
56 58
97 56
5 48
5 76
69 82
80 1
39 69
91 29
59 7
42 0
5 59
58 29
47 75
7 64
3 46
83 3
96 68
5 26
71 76
79 95
92 70
79 46
79 38
19 76
53 54
24 42
24 78
98 46
77 36
64 15
48 75
36 28
30 80
55 11
26 39
40 36
81 58
29 26
67 85
95 56
73 85
39 72
42 33
21 4
99 58
5 75
86 85
96 8
98 67
76 85
32 60
85 79
2 66
48 22
37 78
88 81
88 36
74 87
51 4
69 14
75 82
66 84
69 79
24 7
18 99
15 43
3 79
36 83
5 2
54 31
68 67
14 13
3 2
32 40
79 60
28 34
51 23
49 92
26 17
16 13
96 97
26 83
79 99
25 94
71 56
55 37
11 38
61 25
74 45
74 23
32 66
49 71
82 9
72 56
60 99
73 84
63 18
99 20
33 68
27 44
53 24
78 16
48 72
85 14
66 75
48 77
25 19
46 54
23 26
79 1
8 98
93 58
6 64
51 19
35 21
61 71
70 6
68 20
81 85
53 43
54 15
15 75
67 8
83 28
32 37
52 40
87 30
98 49
32 47
27 83
2 63
56 73
80 15
76 56
60 21
70 0
5 38
20 3
26 70
31 78
37 60
25 14
82 89
0 94
70 44
70 33
42 46
83 72
26 78
97 83
21 10
93 78
85 24
9 47
33 50
17 59
68 71
95 11
95 81
78 61
90 15
51 62
7 15
19 33
47 99
10 94
13 89
98 56
0 69
9 90
62 80
10 28
32 95
68 39
8 76
0 26
69 24
88 91
73 6
69 33
57 96
15 63
13 60
94 27
3 25
82 32
14 70
18 64
44 62
32 3
35 80
80 41
15 79
10 72
21 0
55 7
18 12
77 79
86 79
69 75
42 31
47 71
83 91
84 75
15 86
13 54
1 75
36 95
71 91
12 0
11 14
5 17
34 41
91 69
37 72
66 6
57 99
81 32
59 37
76 96
61 14
2 68
9 42
24 95
72 50
46 25
0 33
75 58
99 32
52 20
50 37
40 96
62 25
27 17
98 81
45 53
31 19
91 81
7 26
63 93
2 42
7 97
62 94
65 91
63 1
98 76
50 21
39 22
39 1
70 52
45 46
59 42
97 49
89 95
75 96
50 9
18 30
72 67
93 6
41 31
32 43
12 68
69 92
55 67
19 23
52 35
11 99
67 91
91 59
17 24
75 92
85 1
93 3
0 13
10 63
45 19
88 12
13 18
5 36
1 25
33 83
62 15
25 22
10 41
31 36
89 37
47 8
80 27
58 11
86 88
63 32
19 83
55 81
73 74
5 69
75 16
44 74
58 60
38 9
28 62
6 82
39 21
68 69
18 84
78 34
28 76
90 4
36 25
49 56
24 63
61 64
53 71
68 35
90 78
83 5
39 62
44 77
12 19
98 71
34 53
55 43
89 24
62 19
77 69
46 6
64 4
36 84
93 41
41 27
10 68
15 69
61 28
54 75
84 63
16 11
45 91
77 41
25 33
28 35
9 40
14 65
69 25
52 2
13 46
59 11
48 78
54 98
15 0
94 37
91 21
66 94
26 89
19 66
94 41
12 97
85 9
27 3
74 79
53 80
29 20
65 67
16 5
37 54
59 58
19 77
81 39
47 69
6 94
29 55
18 56
53 27
46 7
41 79
25 51
99 41
16 26
66 21
82 83
95 25
30 61
78 41
73 72
31 71
30 77
12 56
96 22
9 86
99 28
94 97
43 41
68 14
48 64
45 64
91 97
42 97
49 7
66 30
19 18
52 36
23 98
63 8
81 31
60 46
24 88
93 27
76 80
85 61
25 40
3 39
69 76
57 83
47 93
58 95
33 73
97 41
19 37
75 35
82 87
28 89
89 7
76 60
88 51
1 41
13 52
92 38
20 77
43 31
8 2
36 61
56 9
30 34
50 22
47 29
67 90
26 31
54 17
12 34
54 69
97 55
79 23
76 67
10 96
6 0
79 24
98 1
67 95
53 97
40 90
14 75
9 60
20 30
27 30
76 34
38 66
11 77
73 5
71 86
77 94
93 19
88 62
38 28
47 60
74 26
88 69
92 22
53 47
32 17
65 54
28 71
69 30
58 72
79 0
14 16
59 6
60 91
63 47
5 89
27 60
73 7
44 32
38 22
3 71
21 99
79 62
13 37
31 63
17 35
36 42
5 50
63 85
11 91
90 39
11 64
38 33
56 86
65 15
39 53
63 48
69 50
12 66
88 94
61 16
57 82
13 74
28 60
3 0
97 99
0 81
38 16
31 11
14 55
47 31
59 96
65 58
7 86
23 55
25 39
79 83
57 22
90 66
54 35
36 12
0 55
54 16
8 61
55 85
68 90
69 84
26 61
59 75
63 56
69 23
67 10
85 95
61 70
66 72
73 75
66 62
79 75
58 55
3 41
94 36
33 39
83 61
75 24
39 57
72 7
93 75
57 72
37 25
94 31
59 69
94 21
4 17
84 70
21 44
69 66
7 88
49 11
89 48
33 4
26 95
61 75
14 94
83 89
46 47
87 37
55 9
74 60
80 75
82 25
50 58
5 81
41 15
0 25
49 18
78 70
29 77
25 4
71 13
15 42
41 2
14 36
86 45
0 98
67 33
77 81
28 45
86 97
53 95
73 13
60 10
83 10
11 62
39 92
78 14
90 0
71 16
95 14
82 7
88 40
54 29
22 9
74 92
65 37
91 18
42 12
38 70
68 89
77 4
1 86
70 30
50 39
72 3
2 27
35 61
81 10
20 19
20 16
48 95
45 10
15 33
57 50
64 87
22 29
72 70
90 73
57 17
55 62
32 67
86 98
23 68
68 15
78 51
72 11
84 21
66 55
58 25
25 66
78 72
19 57
90 88
91 1
77 54
63 61
31 39
87 13
51 98
93 31
84 34
40 35
58 17
42 13
57 0
15 40
77 86
40 89
9 3
77 65
76 81
42 49
35 37
0 88
24 13
26 13
64 75
61 11
46 83
72 71
38 49
90 96
50 19
91 99
42 41
24 23
45 99
11 82
52 95
62 8
28 33
98 43
89 10
30 83
92 81
18 9
60 67
95 35
75 19
51 64
63 17
49 14
98 35
84 37
73 92
68 91
20 21
56 23
45 62
75 67
45 85
17 11
6 15
20 1
99 22
41 46
31 88
14 48
43 90
20 33
77 87
2 28
77 84
56 54
62 12
28 47
98 22
66 24
57 80
23 65
55 4
47 95
65 33
12 60
35 12
73 51
98 24
42 88
91 55
91 94
80 71
0 56
20 17
26 1
7 94
54 85
22 66
87 50
93 87
6 52
23 38
23 63
86 35
39 24
77 96
81 23
25 73
28 52
14 79
54 67
7 52
31 20
3 40
22 83
18 48
6 12
69 95
31 61
18 82
70 59
21 58
13 99
63 27
97 57
19 21
17 99
92 32
76 26
26 9
74 97
73 99
4 78
10 93
45 71
78 17
80 83
60 72
30 13
10 31
14 90
93 43
75 2
83 70
29 23
28 68
86 29
67 86
61 58
50 88
1 71
17 85
10 74
52 22
1 0
21 6
2 16
23 66
67 28
52 26
36 91
21 42
34 44
35 2
98 25
49 26
47 41
87 61
58 45
53 26
50 45
94 73
70 37
1 9
0 40
95 7
40 37
51 27
12 47
77 39
7 76
76 10
29 66
16 28
77 35
65 22
53 2
94 70
39 2
47 19
63 69
33 64
19 41
9 57
89 21
33 8
97 0
50 60
64 77
5 91
5 67
41 5
45 11
86 49
75 56
8 30
14 19
94 45
68 41
4 72
79 87
86 81
32 61
43 61
90 70
62 1
93 37
50 53
64 98
86 75
6 44
63 11
86 34
99 31
66 87
86 22
4 92
96 32
5 14
8 71
3 94
61 73
68 32
54 91
95 6
80 94
64 19
82 20
97 16
37 39
29 50
84 19
17 80
16 47
5 13
1 52
73 78
36 37
93 74
61 29
57 29
49 36
31 64
66 64
27 4
9 20
71 33
37 79
60 45
90 34
20 11
77 25
29 11
59 82
55 21
58 97
24 21
55 50
66 85
44 57
57 85
48 3
10 53
22 3
55 82
2 1
7 99
32 27
74 91
49 63
32 64
48 43
4 63
20 81
69 37
85 99
64 2
14 88
