100
844 875 481 469 532 613 175 682 487 926 52 24 70 29 249 714 500 575 239 967 796 747 683 0 909 407 175 146 363 247 9 190 398 723 724 343 14 198 843 449 345 195 314 499 271 797 718 580 264 21 224 812 218 361 901 495 787 138 990 307 363 255 503 375 111 914 298 128 309 960 536 303 921 208 171 330 445 441 607 429 988 551 942 927 587 673 370 457 80 915 615 952 501 588 98 594 94 338 142 198 
20
35 822 547 393 965 735 165 298 969 57 342 109 919 451 39 256 338 997 654 902 
1000
29 88
33 77
31 0
54 39
40 32
17 89
87 77
82 53
33 91
8 0
30 90
8 69
90 23
74 37
84 31
30 77
13 70
67 95
82 24
40 44
74 51
61 38
60 19
73 80
91 16
8 21
4 28
35 40
32 17
57 30
83 22
44 94
32 55
95 93
10 25
21 5
50 36
8 92
28 66
52 37
70 33
71 91
66 83
50 77
34 30
83 50
5 44
44 33
27 14
78 4
36 93
10 43
52 89
97 89
57 29
14 68
35 61
4 32
84 96
48 20
34 80
78 42
96 83
61 24
56 33
68 22
85 95
73 46
58 37
76 92
64 34
88 78
97 42
61 12
40 58
18 68
2 45
31 49
58 94
65 55
77 32
69 77
84 95
96 93
54 21
31 4
86 64
46 49
86 40
81 73
71 46
4 50
45 92
32 75
42 56
99 71
10 21
8 41
73 7
30 38
46 90
20 2
46 79
63 70
81 45
67 45
61 43
50 44
99 63
66 35
52 92
6 24
26 86
11 15
73 47
66 8
73 17
28 40
86 14
75 43
15 52
97 74
99 25
40 51
62 54
64 1
38 73
26 66
14 5
1 17
22 19
82 20
81 69
85 71
72 99
20 13
37 60
53 80
88 69
23 7
90 82
10 87
55 70
93 84
69 68
32 5
2 51
47 98
82 4
84 86
42 20
37 92
11 52
53 77
45 78
78 11
67 60
40 2
53 69
76 33
20 34
40 63
5 36
35 92
29 32
61 6
47 51
89 5
76 77
27 57
9 7
74 79
99 94
51 75
31 83
20 72
76 72
77 44
45 69
48 82
40 70
84 72
11 70
73 19
31 32
61 69
20 24
58 65
83 90
52 27
3 50
9 43
8 37
76 81
79 57
25 17
16 55
81 82
51 97
34 94
84 90
0 75
43 30
88 2
98 38
46 97
8 70
30 61
9 35
51 37
9 99
98 81
39 99
90 41
13 56
25 98
16 69
33 80
84 39
36 32
76 98
50 8
71 6
85 42
0 41
18 24
22 73
4 75
34 76
46 68
48 97
2 9
37 85
50 9
77 3
64 50
73 8
42 69
57 84
26 36
74 66
3 51
51 15
62 33
13 94
11 91
66 78
66 0
35 56
52 56
38 65
24 93
71 87
9 65
85 7
4 7
29 92
68 51
16 24
81 67
97 4
58 10
55 21
69 12
89 78
90 33
84 40
90 12
30 62
42 43
48 17
36 46
11 1
63 71
1 82
17 85
17 65
37 73
95 22
5 38
31 65
2 80
34 21
4 59
79 15
54 73
87 54
41 7
28 83
85 57
69 73
34 46
1 99
71 67
90 76
40 23
32 84
16 4
43 74
19 98
92 88
52 61
46 33
98 39
55 40
47 60
80 89
34 81
4 70
50 54
9 66
64 56
41 14
98 71
56 24
67 46
66 86
7 46
5 0
3 32
81 70
96 97
87 37
10 57
63 20
49 93
13 21
35 78
67 82
72 92
90 73
60 90
35 3
11 7
25 24
64 66
7 76
54 41
22 89
69 34
16 0
92 46
37 4
4 73
29 69
40 52
77 31
47 83
85 4
63 77
98 13
68 15
18 94
85 66
18 70
81 19
3 46
87 90
52 0
20 0
49 65
90 55
39 96
45 61
16 47
42 47
27 65
7 90
24 37
23 11
45 12
81 5
36 1
76 61
10 46
79 55
58 56
79 14
11 48
19 16
49 40
97 3
67 28
2 15
87 18
74 56
94 59
23 92
98 44
80 7
14 85
43 80
89 0
45 83
73 78
45 70
21 76
13 92
53 75
60 28
59 61
38 81
16 57
73 71
81 1
79 68
43 32
62 55
87 47
58 70
31 74
68 17
13 84
11 85
14 95
4 27
80 88
36 39
60 93
36 19
99 21
47 90
17 38
96 36
48 76
35 59
39 37
9 97
35 2
54 42
11 74
11 76
90 14
27 21
81 48
89 8
97 14
26 21
63 95
7 6
70 87
45 73
7 57
69 63
2 12
42 5
26 6
28 24
71 78
61 46
59 15
73 91
60 65
81 79
57 4
61 88
70 28
88 99
66 70
91 10
82 39
38 0
10 63
17 54
79 69
26 77
63 19
93 5
3 21
32 18
82 99
49 56
71 8
32 96
92 90
26 94
95 45
59 96
60 62
52 4
14 65
28 59
79 0
77 86
34 78
18 97
36 73
57 46
89 24
34 87
73 16
73 23
62 10
48 49
81 8
66 22
7 87
37 77
15 97
20 19
98 82
0 53
70 16
37 25
60 75
14 84
72 47
91 20
18 48
93 74
36 4
5 7
48 6
8 23
87 60
40 14
76 46
58 42
38 11
1 29
81 95
65 91
29 18
54 75
70 51
94 85
63 44
34 58
13 76
61 79
72 62
42 14
32 0
56 69
43 38
56 90
27 99
49 2
80 67
90 54
0 44
36 89
80 3
98 15
3 24
60 82
84 10
51 0
20 41
14 10
88 75
61 70
22 45
95 37
39 72
31 72
64 94
45 26
58 18
43 85
39 52
9 79
47 2
95 66
18 61
33 27
2 8
41 61
40 59
37 23
55 41
42 0
92 25
58 75
70 85
0 68
27 89
63 47
37 26
28 45
33 42
93 1
2 76
4 12
99 11
55 47
15 85
50 93
63 97
36 10
25 48
83 80
25 39
59 66
50 91
0 18
80 71
95 19
63 21
50 13
96 70
71 84
78 36
6 97
33 68
79 78
68 3
72 6
47 15
61 51
72 95
25 41
75 22
8 10
70 73
68 35
21 71
33 10
59 98
33 15
46 41
72 54
42 27
56 9
61 72
27 20
60 7
17 96
93 44
3 67
33 54
10 97
86 9
29 44
9 27
37 67
1 19
97 5
48 33
25 20
4 30
43 27
95 57
44 35
30 19
43 11
2 58
82 59
69 36
85 31
94 7
93 52
14 91
79 32
26 75
90 53
47 61
33 37
30 84
2 26
70 71
48 35
38 92
6 55
42 21
51 12
22 12
51 6
92 62
11 63
12 56
29 22
62 43
33 47
66 99
61 31
29 40
49 19
10 40
49 28
95 48
22 56
99 52
51 34
71 28
55 91
44 84
30 65
57 53
95 44
38 88
58 23
3 96
45 60
63 89
64 59
9 0
99 81
91 19
94 60
43 24
12 55
68 98
72 0
39 22
16 88
48 99
39 43
11 16
23 61
63 45
89 23
23 13
4 33
36 62
38 44
22 77
41 79
29 7
40 4
67 74
82 13
80 19
42 96
18 53
97 11
64 16
66 87
79 13
32 90
32 16
9 60
35 31
1 12
72 33
99 87
94 66
77 56
40 18
62 90
92 58
23 72
82 31
0 3
36 86
56 11
96 14
79 87
95 12
77 9
58 78
0 80
59 80
9 45
74 39
11 41
48 69
54 53
24 46
36 55
88 66
55 57
45 41
8 6
83 81
93 71
72 94
7 24
83 18
88 62
88 40
38 37
51 44
48 77
85 96
33 86
68 48
73 1
36 90
40 91
4 65
5 29
12 96
90 3
90 11
33 89
83 0
36 67
84 45
30 76
82 63
65 53
97 58
24 78
20 49
50 6
37 46
4 49
43 67
15 41
53 13
10 76
75 29
82 40
36 6
99 86
63 24
13 52
60 41
52 79
42 44
8 47
74 57
55 93
99 91
91 94
37 28
16 46
47 13
14 81
38 66
8 48
11 50
92 20
8 45
64 3
86 58
3 20
0 6
75 40
59 74
0 58
90 19
80 85
26 7
2 81
5 22
72 42
50 28
29 72
36 37
69 19
18 5
48 72
6 82
83 6
3 22
77 75
79 8
31 58
5 94
75 14
73 98
22 59
94 53
9 4
81 85
66 15
35 21
48 80
14 6
10 34
14 61
54 32
9 76
7 54
98 17
32 57
26 22
96 15
41 95
37 70
53 46
90 78
4 92
88 7
33 38
88 9
37 86
48 91
61 78
10 68
42 22
89 37
84 79
28 85
74 80
51 5
0 63
82 25
99 20
98 72
50 32
19 35
87 39
76 97
87 95
75 33
70 25
8 36
39 27
38 48
92 19
54 70
2 27
23 20
36 43
4 13
66 16
86 61
9 91
74 82
86 17
29 16
91 76
66 52
50 92
45 17
90 95
20 31
9 37
75 18
3 54
65 25
66 69
82 43
14 69
52 70
50 37
27 3
88 84
97 82
89 12
40 25
7 72
87 59
28 76
60 35
64 41
77 90
58 68
87 58
19 33
23 93
40 3
84 24
66 75
30 56
41 89
93 41
53 70
49 44
65 89
79 63
48 47
4 88
1 52
28 77
47 39
69 51
9 93
58 39
76 17
48 88
62 29
97 98
65 82
74 55
35 50
65 84
12 84
89 50
41 12
6 17
71 15
27 54
52 48
40 87
67 87
75 35
90 21
66 84
38 85
83 97
69 0
49 58
45 37
90 61
86 68
67 20
75 80
13 24
91 78
74 61
3 48
95 3
1 15
62 8
87 20
9 36
