100
461 434 98 49 489 992 384 79 722 4 517 128 531 50 465 511 358 850 180 512 133 404 440 595 883 381 615 639 506 503 225 746 212 207 947 45 65 153 426 457 502 522 320 949 310 142 677 365 454 701 679 813 779 976 871 838 776 338 613 751 0 224 513 584 841 585 536 484 94 610 162 573 254 94 633 341 678 478 755 633 907 739 635 539 354 752 878 864 87 532 132 638 585 55 404 685 560 651 981 450 
20
467 967 457 266 666 190 566 794 4 106 407 236 891 200 370 447 955 634 998 439 
1000
75 90
52 76
26 96
41 93
95 1
33 26
0 26
38 1
75 13
25 74
29 78
57 76
52 81
15 25
2 61
62 79
68 43
54 78
61 54
51 68
64 75
35 37
72 1
12 86
23 3
58 5
58 35
26 76
58 39
44 35
6 49
79 72
96 28
44 14
41 81
95 62
66 27
66 82
34 65
88 87
30 9
26 15
21 72
34 62
14 64
59 75
47 92
14 96
73 70
24 65
59 9
81 99
25 79
41 58
56 23
95 22
45 20
78 77
20 92
33 85
23 69
32 80
20 31
24 52
21 29
35 52
9 99
43 32
0 59
65 50
72 96
91 9
34 21
70 40
47 63
85 10
81 30
93 44
6 94
17 19
78 24
74 23
88 7
56 45
44 66
36 49
43 19
3 56
40 67
19 47
38 72
88 99
1 41
1 97
40 36
49 62
94 57
94 11
49 11
21 67
79 5
48 15
96 80
26 98
9 27
85 98
15 56
17 85
86 56
71 48
74 49
63 66
97 42
59 39
25 43
65 76
68 28
34 66
0 82
27 30
61 20
97 2
24 80
91 72
7 91
35 50
75 44
46 58
27 96
20 98
19 71
52 20
92 96
61 76
59 55
30 13
60 82
70 95
7 0
1 93
51 88
54 76
46 71
77 85
28 47
12 96
56 32
27 56
66 38
6 66
92 97
15 4
17 94
16 26
20 77
69 8
99 92
12 95
74 16
85 4
99 35
73 90
27 45
87 67
6 20
79 88
46 7
85 30
25 3
58 65
71 9
3 27
15 33
71 78
79 33
41 39
41 80
28 83
13 9
24 46
3 71
63 11
36 92
90 14
19 40
33 23
68 92
12 99
65 54
35 11
46 17
43 58
69 61
24 14
28 95
0 89
50 41
3 79
18 16
42 16
78 99
22 26
25 44
35 48
10 31
27 23
46 73
41 68
88 66
32 9
0 6
82 23
63 3
87 65
57 78
76 17
11 85
36 82
32 14
78 48
11 32
44 34
85 80
53 34
65 31
0 72
81 93
94 96
98 84
40 85
80 15
31 81
87 38
47 61
30 53
66 13
65 27
69 25
96 32
42 62
45 63
72 74
46 23
36 87
11 52
25 92
88 81
7 10
86 48
43 8
0 48
82 37
22 57
82 19
71 58
12 54
73 28
12 94
63 0
70 34
92 64
18 57
15 47
34 25
9 75
72 41
32 2
80 67
88 13
12 68
74 2
79 68
28 45
89 95
30 51
48 38
87 25
66 53
94 79
44 87
10 35
62 98
47 4
43 60
94 14
59 76
92 38
16 39
80 61
56 60
88 98
83 82
87 66
91 63
85 44
4 70
74 27
43 26
40 26
82 74
3 37
26 28
42 24
17 51
69 89
18 32
88 53
1 52
10 58
97 94
44 0
75 35
81 0
26 12
7 43
37 36
32 86
40 97
93 21
13 40
28 32
50 98
45 12
94 61
27 80
89 68
42 92
4 75
48 13
55 30
50 62
48 62
37 40
34 36
67 39
83 31
76 39
46 43
98 30
6 30
17 29
89 39
18 93
99 84
17 15
85 90
62 76
44 46
28 93
11 80
46 79
39 63
88 3
72 45
87 39
68 57
45 54
26 48
70 6
26 70
47 21
73 4
22 76
44 13
20 19
92 27
1 77
49 17
40 42
84 51
99 61
76 94
33 40
74 17
85 92
15 50
58 23
2 95
93 58
16 17
83 57
25 4
44 11
19 27
41 15
60 45
5 43
91 46
38 32
29 59
39 47
36 71
38 12
99 59
72 17
98 99
15 64
53 1
80 70
40 56
44 41
62 14
43 57
10 63
17 42
45 74
91 6
37 25
92 43
25 54
88 59
98 51
16 5
74 29
44 40
98 68
76 43
85 94
43 54
88 23
64 32
71 92
49 60
70 35
75 89
61 81
85 8
77 16
85 16
64 69
26 5
23 32
91 80
38 96
43 23
70 18
7 9
9 43
96 93
58 60
23 1
25 9
53 64
10 44
45 84
7 90
3 60
14 21
15 38
91 11
18 66
24 9
47 33
75 18
40 84
71 38
6 56
99 49
38 93
5 51
71 55
85 73
98 83
35 80
51 87
10 13
44 27
52 4
23 98
36 89
17 99
35 8
29 31
3 17
45 10
3 1
85 19
94 63
59 43
46 15
78 59
35 33
74 81
0 27
36 66
91 96
52 53
15 83
52 55
67 2
71 68
66 83
21 55
43 21
80 52
8 12
64 5
89 4
64 22
96 89
86 81
85 53
25 48
96 46
90 48
79 96
76 5
78 86
46 29
89 26
34 1
82 33
56 69
34 17
45 11
31 86
7 89
36 51
60 10
13 70
87 80
41 27
16 15
46 37
37 10
72 32
84 89
67 18
31 98
97 15
0 73
65 33
90 84
45 94
83 92
71 5
56 73
62 75
52 93
59 71
92 41
88 49
4 18
23 91
92 66
14 52
11 14
7 60
54 88
1 28
99 72
77 39
90 97
69 17
38 55
16 88
55 58
88 71
8 99
75 93
81 20
47 11
12 85
25 78
31 72
77 95
85 62
47 35
56 7
91 38
36 97
97 78
15 51
24 25
4 28
97 81
71 56
99 41
73 57
30 97
70 39
66 81
84 17
91 28
49 75
88 5
30 24
46 11
63 28
21 9
88 75
35 27
8 48
73 93
51 55
96 51
17 21
66 89
1 68
77 63
85 68
73 37
75 69
23 28
50 90
92 0
47 94
76 35
97 53
66 93
56 31
92 17
82 29
11 68
1 46
49 65
42 89
58 83
5 10
80 64
79 56
8 36
88 50
69 39
37 31
38 18
92 89
84 44
49 59
23 49
37 91
23 17
44 6
79 55
73 47
73 64
81 90
71 16
29 60
65 2
64 58
25 19
9 86
34 61
42 99
76 18
0 25
65 42
48 75
73 60
29 12
51 62
59 62
38 89
91 94
30 38
59 73
95 10
60 8
5 41
1 76
68 39
36 3
55 46
22 25
61 98
38 8
54 91
2 81
6 15
25 5
69 20
55 26
58 53
84 39
75 8
99 60
25 75
18 24
53 96
53 69
96 45
80 97
0 95
49 70
78 95
15 90
67 10
53 92
22 52
57 87
65 11
0 90
14 56
79 7
55 47
18 55
7 17
25 82
80 23
11 77
36 60
63 68
25 91
9 20
61 87
24 41
9 92
95 59
0 67
56 41
93 37
21 37
22 53
90 80
47 41
61 75
77 17
74 71
23 63
34 57
34 19
70 88
65 48
53 75
84 88
6 83
12 5
95 5
8 0
4 39
55 14
0 4
24 33
80 98
33 96
8 26
80 39
73 22
67 81
45 78
39 25
46 57
66 39
34 78
86 95
68 82
64 76
51 13
76 91
10 83
0 36
68 31
60 69
33 53
31 41
16 49
15 67
22 59
92 50
78 73
40 59
62 65
19 63
89 3
95 60
51 69
3 80
75 97
34 52
11 18
31 71
31 16
44 64
6 57
39 27
50 33
12 47
27 11
2 8
86 3
93 94
31 74
14 31
29 54
38 42
80 62
77 89
0 21
0 56
84 75
15 92
63 56
71 90
47 65
83 9
23 11
2 43
68 5
32 59
36 84
64 27
61 71
0 28
20 50
54 59
40 5
52 10
83 77
12 77
27 84
20 60
8 51
99 13
8 77
1 81
37 50
4 80
23 39
23 54
44 60
37 9
12 48
91 64
64 93
45 68
59 52
62 57
77 80
73 69
80 49
64 62
79 32
62 45
30 14
91 48
32 3
9 1
91 10
6 39
0 12
41 8
31 47
36 6
45 7
25 2
5 21
39 8
10 73
26 99
51 67
74 87
29 53
56 72
43 72
12 22
78 38
33 88
46 95
37 84
12 98
38 73
4 86
29 37
83 21
18 39
15 65
70 56
89 8
35 49
69 90
63 53
89 62
16 90
39 34
41 18
10 99
6 3
69 44
67 43
87 86
67 7
54 26
52 33
62 83
77 64
24 79
2 91
94 0
60 54
60 75
80 14
85 54
33 84
46 25
60 5
19 0
49 45
50 36
95 31
8 56
87 95
12 58
79 77
6 28
72 13
6 12
83 17
85 87
74 69
94 33
72 39
30 72
64 6
19 2
50 34
5 66
81 7
79 81
32 97
21 31
24 34
56 9
73 5
10 32
3 26
6 13
13 22
62 44
37 20
20 93
54 62
86 10
30 15
44 48
36 69
98 38
34 38
33 42
12 18
12 51
96 31
48 43
60 24
95 40
5 99
96 24
51 32
19 90
14 83
87 14
44 88
0 40
81 96
64 21
69 81
20 18
59 45
24 93
57 92
69 72
54 8
12 11
50 47
78 89
75 76
44 26
4 97
62 72
45 32
23 30
6 10
37 1
21 46
40 75
8 19
90 18
63 33
67 57
46 39
62 33
34 7
1 60
40 87
59 1
69 82
39 79
49 46
26 59
32 66
60 83
20 53
1 42
8 33
78 83
18 35
73 81
26 93
87 93
81 59
