100
417 726 746 645 639 14 217 211 356 478 35 657 433 601 995 644 96 507 896 798 617 599 909 278 21 643 774 265 716 126 529 645 580 774 902 167 561 569 401 304 436 748 584 597 441 795 666 702 457 56 635 282 930 478 948 348 189 474 825 105 626 59 284 569 934 890 385 34 391 160 545 75 95 77 438 627 871 806 789 498 926 669 341 2 639 873 761 590 839 906 841 749 516 626 868 588 200 747 863 819 
20
920 914 381 580 996 423 239 756 321 89 741 781 538 801 863 652 945 272 31 789 
1000
93 73
82 85
12 35
72 81
88 14
38 27
37 5
11 59
11 75
4 71
31 72
43 12
96 35
27 98
2 51
25 42
90 71
86 17
27 47
11 56
58 28
53 17
24 51
52 21
39 7
94 10
74 52
99 61
53 84
19 67
49 73
36 84
79 95
6 96
26 2
4 74
99 32
82 88
36 60
53 29
82 81
16 76
22 52
86 9
95 17
18 45
28 14
86 72
45 85
31 48
17 87
64 90
23 6
15 58
71 56
63 28
24 38
91 84
75 60
99 12
35 6
72 24
1 88
26 84
51 5
71 6
27 45
30 48
50 80
61 83
94 39
65 41
71 14
12 1
48 54
54 4
41 47
27 71
18 34
7 82
98 93
73 17
92 87
93 14
88 90
54 31
13 20
90 8
22 72
30 39
22 84
40 76
84 57
67 43
54 8
79 50
11 44
28 87
22 98
4 58
13 92
62 25
56 3
51 3
21 93
5 34
88 73
69 82
27 66
81 95
19 25
7 13
35 18
39 37
4 17
44 89
75 6
85 99
19 56
37 23
27 21
37 6
83 64
79 37
58 16
48 49
6 98
78 86
57 30
23 64
43 26
65 14
40 31
26 5
4 47
44 14
47 13
96 64
95 43
45 2
27 33
26 97
15 39
28 75
33 16
98 23
17 35
19 9
59 78
61 52
47 98
49 28
97 52
19 16
54 46
49 66
67 15
61 17
38 78
85 22
43 82
22 87
92 69
1 52
50 40
34 76
2 64
76 61
50 93
4 50
29 64
63 51
28 60
30 27
74 60
91 34
87 33
54 50
25 41
13 33
53 81
19 31
97 58
52 45
5 92
10 52
90 93
71 44
94 48
65 35
3 95
15 95
5 47
20 66
74 38
55 28
7 31
17 76
25 30
85 44
55 77
6 45
83 36
36 94
20 90
38 44
12 69
94 80
16 34
56 63
5 66
75 45
16 66
67 14
10 92
38 81
87 53
17 56
39 29
14 87
77 54
14 32
99 15
53 6
92 34
62 92
52 25
69 75
11 54
10 49
19 82
42 43
89 86
79 1
56 64
60 13
42 12
64 68
13 28
44 7
66 1
93 10
0 26
49 62
23 32
95 11
41 97
57 14
79 41
67 99
19 8
64 97
83 92
42 50
60 3
75 38
80 74
7 93
20 3
51 43
23 78
5 58
79 99
29 31
58 64
58 79
27 74
35 80
52 65
82 56
65 20
30 74
42 7
78 26
76 73
6 62
77 78
2 17
68 60
94 60
77 31
32 70
39 76
88 84
23 68
75 27
85 70
5 55
66 38
33 89
47 50
63 82
41 66
42 56
40 78
7 28
8 85
61 19
43 97
99 82
26 44
46 49
84 35
82 4
69 81
95 61
46 35
37 30
81 85
16 46
86 54
69 17
81 3
59 97
20 79
86 13
96 92
29 95
91 79
35 45
33 92
11 1
5 4
90 96
85 93
42 3
86 92
33 72
44 28
71 96
81 92
14 89
34 28
21 14
52 54
9 46
42 92
73 7
16 90
16 11
85 64
81 17
99 49
73 34
41 61
93 80
68 18
91 30
38 56
70 13
77 28
35 67
75 57
70 37
68 35
18 30
1 16
64 98
85 76
8 42
79 4
81 18
14 12
4 92
77 65
44 95
78 66
27 86
5 67
89 63
88 7
14 54
75 53
14 75
85 37
98 76
9 33
77 95
86 21
95 30
85 43
26 23
96 81
40 75
72 21
66 77
87 84
94 4
51 35
13 89
14 3
22 23
68 46
52 47
84 99
26 41
51 13
56 12
45 96
6 46
33 29
6 88
38 39
79 96
54 90
77 18
67 94
68 21
12 90
20 67
32 93
55 81
38 46
35 27
11 46
24 61
6 42
61 84
52 89
76 28
8 93
47 35
32 76
66 30
76 12
28 94
60 97
64 1
56 35
12 45
96 21
92 90
98 39
37 41
49 26
54 29
46 0
52 76
48 50
94 98
56 4
59 13
46 63
10 31
47 57
7 1
90 39
20 44
50 75
9 16
57 68
5 61
32 35
72 60
61 60
86 46
23 92
66 97
66 48
1 60
1 57
30 80
77 34
3 26
17 63
69 18
37 11
79 44
54 87
86 82
42 27
69 45
10 80
12 34
68 6
65 7
45 79
62 76
68 55
38 9
25 74
87 10
61 13
42 18
29 1
39 0
0 8
54 1
82 53
90 57
88 74
95 20
9 79
8 15
53 13
59 57
28 89
26 15
82 45
51 56
27 92
48 7
40 29
49 5
69 89
7 70
65 23
61 28
57 83
72 68
42 70
14 59
83 34
72 82
47 54
72 80
70 24
17 51
5 63
60 50
21 62
34 43
98 14
43 25
69 48
49 43
41 87
0 57
11 6
21 46
55 34
43 66
49 31
8 79
20 47
33 58
50 43
12 88
60 15
33 59
17 39
81 83
39 4
34 82
91 99
23 18
97 4
97 27
17 6
0 77
15 38
53 46
31 99
9 85
37 36
57 54
44 65
84 45
80 82
55 36
48 33
26 18
8 31
23 56
60 51
73 90
33 5
18 25
50 67
32 6
84 33
56 21
1 47
52 19
83 7
37 80
22 73
50 39
77 36
86 19
93 53
88 41
1 37
20 30
67 28
50 44
41 56
53 33
83 26
99 26
13 81
44 37
3 92
55 83
47 78
40 82
49 1
79 68
24 78
40 97
59 7
8 7
94 15
57 97
46 45
38 14
84 21
38 2
4 84
79 16
40 45
23 12
40 69
25 13
55 14
48 95
87 27
54 68
84 28
95 34
23 90
41 89
72 90
46 48
2 98
98 72
86 6
67 29
1 30
10 63
22 36
85 95
55 31
51 4
68 25
57 49
85 24
65 9
8 33
90 67
9 22
32 94
70 29
10 83
69 80
99 41
17 31
15 88
44 6
55 63
68 78
63 92
92 40
24 96
2 28
32 38
38 57
4 31
60 63
44 21
62 61
72 92
73 45
73 58
72 56
48 63
23 80
8 94
66 6
16 65
99 74
29 57
97 90
12 8
34 58
47 21
94 89
68 89
60 57
42 93
23 34
82 8
1 45
78 33
28 91
57 55
25 85
6 26
20 73
89 53
3 89
32 80
35 38
88 99
40 83
12 81
30 88
43 92
88 59
25 23
36 40
11 63
86 96
12 85
21 77
1 28
57 92
78 31
37 46
94 99
8 50
39 33
75 23
72 83
0 28
95 45
6 20
63 45
96 44
64 24
49 20
89 77
9 18
73 79
69 88
95 93
0 97
0 14
84 55
53 54
95 31
80 16
51 15
45 81
95 41
99 78
9 47
68 53
87 34
53 45
91 33
19 74
31 69
75 0
12 28
71 69
49 59
49 83
64 71
47 8
0 21
12 2
57 3
2 40
34 3
24 98
19 78
86 31
67 68
22 61
4 78
96 18
48 80
95 40
90 35
49 94
0 66
38 85
20 22
39 48
70 11
98 18
43 37
49 86
25 84
71 12
0 34
93 49
75 3
13 73
49 42
90 25
77 90
77 38
72 57
4 30
78 57
67 6
55 88
72 55
24 60
63 24
74 39
21 36
6 47
62 96
25 65
99 29
62 33
45 28
83 77
79 82
56 31
64 18
22 37
49 27
75 63
68 59
44 99
3 72
86 40
58 0
31 92
42 59
64 43
26 1
11 28
47 64
18 0
91 31
11 34
83 30
29 85
91 3
52 16
46 24
7 87
33 70
1 68
54 5
17 89
12 64
34 75
39 81
0 1
64 49
93 0
60 69
24 93
23 20
13 16
0 51
7 57
34 46
4 99
24 5
21 7
30 8
70 26
26 93
53 77
3 79
60 25
79 18
0 38
24 22
75 94
81 33
61 78
68 66
35 81
34 69
89 9
20 60
32 47
90 50
15 41
79 27
31 30
40 19
93 67
13 94
91 36
67 69
8 18
39 77
8 96
99 64
16 54
27 22
77 64
63 35
36 25
57 36
13 57
29 3
17 72
80 77
62 98
25 70
18 3
89 88
33 65
62 14
97 94
30 10
59 64
50 77
77 40
83 87
1 46
22 55
70 61
36 82
56 76
28 52
70 44
32 72
86 5
11 8
50 66
24 95
57 24
91 10
89 32
73 62
13 41
96 66
68 9
58 56
9 81
91 59
55 74
73 28
19 94
75 61
70 5
8 26
27 1
81 90
44 94
12 83
86 33
65 81
8 76
13 42
9 64
93 62
85 90
72 25
92 50
10 98
33 56
78 27
38 42
68 22
63 96
14 27
18 41
11 45
51 68
68 26
27 23
95 99
80 9
79 67
27 3
3 59
39 95
35 77
87 36
23 36
51 99
53 43
25 35
3 73
63 90
32 2
48 32
64 27
83 68
34 47
9 91
99 52
6 40
78 11
46 7
27 57
72 74
90 37
26 9
71 26
78 75
84 1
1 33
70 28
77 7
82 67
41 32
80 62
99 87
3 50
20 14
52 15
56 96
10 77
40 53
30 46
58 92
11 86
