100
932 800 985 945 269 366 595 22 760 389 785 226 71 774 760 484 469 724 67 523 36 639 884 481 314 907 268 560 252 174 755 974 796 236 504 64 774 193 838 820 587 173 741 78 428 879 122 725 272 289 402 983 994 309 286 784 287 156 377 459 481 273 209 492 688 378 474 970 330 46 33 929 613 192 169 172 259 375 662 19 533 850 33 928 30 441 944 534 397 966 481 804 293 31 642 668 685 770 399 628 
20
259 681 915 209 676 527 399 788 789 773 531 181 910 670 346 996 259 544 680 971 
1000
36 43
41 97
78 51
18 99
53 99
77 67
50 44
51 41
60 69
69 18
65 49
2 48
21 70
50 20
63 55
9 30
72 41
20 42
32 48
16 54
67 3
24 27
53 61
91 52
82 80
4 87
34 64
89 12
51 22
26 34
31 56
98 92
95 0
87 68
16 95
42 84
38 27
0 53
39 8
83 72
6 95
39 96
76 48
58 76
20 90
85 57
78 24
99 55
78 89
26 49
8 99
73 25
90 19
19 1
57 91
69 71
99 93
40 87
17 37
48 25
78 32
94 6
62 72
6 33
75 63
25 67
48 67
63 46
7 43
40 0
14 1
79 7
65 32
20 97
97 64
61 66
47 76
60 15
78 57
20 77
42 46
73 0
57 5
7 82
17 95
73 22
18 46
98 50
93 84
36 24
29 79
51 52
51 77
35 27
29 49
58 85
93 97
67 68
46 85
29 17
50 32
42 68
7 48
21 0
82 78
15 90
62 37
1 99
99 59
2 53
92 38
84 12
90 34
85 43
2 25
97 95
80 90
20 71
66 45
32 97
85 73
7 45
70 48
17 70
61 73
59 45
45 28
90 7
29 27
55 8
67 32
24 26
78 22
80 94
70 84
71 26
0 78
35 16
13 37
1 91
7 88
19 8
17 10
39 16
88 62
59 3
27 86
37 21
97 8
29 30
21 13
34 13
23 61
64 87
58 3
51 4
9 56
83 66
66 55
68 90
92 84
30 82
51 64
9 14
39 75
25 27
32 58
2 46
44 54
29 16
27 69
38 82
22 57
3 33
20 93
42 97
13 75
79 22
41 62
75 32
62 27
45 79
13 98
98 18
36 83
38 81
41 58
14 58
74 79
18 7
94 32
24 11
14 99
36 71
50 28
23 83
2 57
81 94
43 12
57 53
14 18
8 0
8 79
38 2
53 72
54 97
61 81
14 64
22 67
90 3
78 7
2 5
33 70
88 5
15 56
24 80
32 25
10 76
69 73
49 86
98 81
10 69
89 36
73 29
68 58
33 74
20 30
71 57
89 79
53 91
63 85
83 84
65 10
5 42
2 24
68 19
5 18
12 23
85 84
72 73
22 54
38 43
97 7
0 82
23 49
72 24
41 61
64 16
73 62
85 35
95 21
92 37
64 66
9 75
40 57
81 25
52 10
95 20
1 40
41 68
7 42
91 63
16 85
52 2
0 34
94 50
56 59
34 19
32 7
50 74
43 26
8 60
90 65
51 71
46 41
47 56
75 23
81 37
5 6
78 79
47 50
98 8
49 44
33 34
45 61
10 50
41 2
63 71
40 20
45 43
81 90
62 12
98 19
81 7
83 41
97 3
30 79
60 93
5 74
95 78
14 88
41 10
2 3
94 93
22 62
59 5
25 52
65 37
41 71
57 11
29 58
6 82
93 98
65 52
27 49
10 23
27 90
99 87
9 49
76 25
41 35
14 11
32 52
52 14
88 67
34 2
71 17
31 38
58 33
23 32
39 83
38 6
53 56
26 40
0 41
47 62
94 22
82 23
34 88
43 19
92 73
24 84
39 53
79 56
85 88
9 51
87 27
29 20
31 91
17 20
35 55
28 69
72 92
96 68
10 99
14 86
56 7
27 4
80 22
20 66
95 11
0 94
78 46
48 93
45 15
82 84
31 11
32 31
11 71
8 27
23 3
28 2
91 80
91 47
21 97
91 97
8 5
81 19
59 71
82 77
28 86
79 42
23 88
1 55
87 75
39 52
15 8
40 81
70 72
51 23
72 6
40 31
13 67
80 42
47 32
32 2
76 3
77 78
83 88
52 42
22 99
96 36
83 87
20 51
70 39
98 17
89 24
73 96
9 55
47 67
21 86
79 53
70 32
50 22
26 33
32 80
25 72
89 93
25 9
75 79
96 92
76 45
94 27
71 60
22 61
32 77
10 86
40 53
12 19
80 70
7 64
22 1
49 3
44 75
7 93
4 21
11 40
27 11
11 30
61 8
90 8
43 88
14 3
3 53
81 88
0 24
67 40
14 35
9 47
50 27
16 27
85 13
82 56
27 36
98 80
81 17
75 38
43 34
93 38
18 38
8 83
18 40
14 33
99 62
42 50
48 19
28 33
70 68
46 69
51 18
26 67
28 95
52 44
24 95
79 76
48 55
86 46
5 25
80 69
68 6
22 11
18 52
46 68
59 83
94 56
64 38
46 33
17 64
48 4
4 35
91 32
61 85
56 26
34 7
95 87
61 72
98 0
64 69
65 31
64 10
29 52
76 60
12 90
4 10
59 6
58 46
42 73
78 31
98 3
34 22
94 14
40 48
16 94
42 74
96 95
89 49
0 92
21 44
58 73
5 27
18 91
62 39
75 1
54 76
0 84
16 46
88 11
94 74
52 99
26 59
77 2
31 80
47 52
25 69
85 71
88 99
40 32
8 2
84 5
28 96
86 65
66 17
73 5
25 75
2 95
32 53
41 24
53 14
68 79
65 19
36 86
32 35
14 20
35 71
64 95
75 77
34 85
12 28
92 1
76 7
71 84
74 47
38 39
9 34
93 13
11 65
68 51
93 44
35 33
12 71
43 73
29 13
64 20
78 56
48 95
71 53
36 29
9 54
17 14
18 26
88 97
9 88
90 41
30 38
48 58
91 86
49 6
88 22
20 49
96 84
6 67
8 22
83 47
14 62
77 97
54 91
43 62
55 34
4 99
44 40
93 16
26 39
39 78
59 53
42 38
17 26
98 90
37 11
34 11
9 48
77 37
63 42
75 84
48 51
46 11
49 11
7 80
37 98
18 44
60 50
18 23
42 51
54 59
40 83
3 47
59 84
55 40
66 42
59 2
55 96
61 43
71 86
86 78
14 16
6 55
95 41
69 76
63 43
4 16
52 30
87 28
30 32
33 47
85 33
77 41
47 31
85 70
41 28
21 61
38 50
97 78
85 24
56 17
0 10
21 83
21 68
0 29
11 62
63 26
38 90
39 12
60 35
16 92
75 69
61 24
73 7
2 65
43 59
72 90
68 35
94 40
28 42
2 7
3 37
15 24
18 57
75 46
50 36
2 31
51 39
20 91
53 60
7 41
38 34
20 18
97 56
2 18
50 7
24 65
96 57
29 63
72 34
67 52
47 66
72 46
41 98
23 34
39 67
83 65
73 66
64 1
76 23
7 46
33 97
30 62
58 45
12 60
8 7
76 15
95 5
18 74
58 10
58 93
17 38
14 39
67 15
39 35
55 58
37 10
98 89
29 56
10 68
62 91
4 72
9 80
56 33
49 42
70 47
37 31
54 4
65 56
91 15
49 80
88 29
16 99
94 87
86 45
55 26
66 8
44 79
76 28
32 74
99 65
52 3
58 72
65 85
30 37
86 63
57 89
69 20
97 92
86 11
10 51
97 34
23 14
26 2
68 30
32 9
77 79
5 16
49 63
0 66
11 68
95 1
94 69
34 4
71 24
81 53
15 84
88 79
50 73
40 98
56 8
2 40
82 89
49 78
78 40
81 83
69 65
46 57
95 30
99 91
91 82
16 81
0 70
80 2
78 69
47 11
87 38
34 96
43 11
22 7
30 13
77 55
31 87
59 62
83 51
79 65
62 7
9 6
47 53
21 30
57 28
87 45
75 10
76 19
63 56
8 89
30 51
41 49
69 35
47 58
58 22
32 26
18 6
71 93
73 82
66 51
74 2
75 4
94 55
22 65
89 34
12 77
30 53
17 97
63 99
89 86
41 37
81 27
16 77
58 44
58 0
43 56
63 28
6 57
91 36
20 8
49 53
93 82
56 16
39 21
70 44
1 79
99 30
92 70
47 26
64 90
22 18
44 82
3 63
52 86
97 4
47 6
72 80
86 90
54 88
55 89
52 80
34 73
39 77
79 50
23 50
58 13
9 50
99 32
24 99
52 16
92 30
10 73
81 63
41 23
19 23
34 86
90 92
87 62
93 21
45 35
35 6
66 70
2 67
15 0
38 91
23 81
75 20
6 64
44 20
91 19
78 59
62 16
0 20
62 74
93 70
73 13
98 36
83 6
99 6
18 81
83 85
43 71
23 22
79 72
82 57
69 12
48 80
84 45
97 40
9 36
75 54
91 22
51 25
8 45
90 32
15 38
31 77
5 91
98 70
79 67
41 63
11 56
71 50
69 31
55 95
61 3
83 86
82 20
27 13
11 52
59 24
47 8
63 47
53 88
95 7
50 85
67 20
47 80
19 97
70 6
73 94
0 63
31 59
0 72
92 87
52 94
13 35
74 83
79 84
92 75
66 44
35 2
81 44
75 33
15 89
15 62
24 18
84 17
77 48
31 98
21 75
74 92
26 35
40 72
38 1
83 37
38 32
13 49
50 55
5 98
1 27
79 97
50 70
99 45
20 83
84 33
74 91
93 90
34 48
80 14
40 86
18 68
70 96
92 89
48 53
63 17
7 69
59 63
91 24
79 70
69 96
36 78
42 9
3 31
63 89
82 53
96 20
16 23
61 38
75 8
98 58
80 8
