100
384 200 785 129 925 890 107 967 40 87 286 206 208 961 380 965 819 841 836 575 937 50 768 456 388 176 91 768 334 361 507 929 232 514 901 516 851 659 20 67 17 313 419 60 346 955 146 956 748 804 739 652 192 162 594 352 84 635 613 179 526 191 403 982 757 331 557 71 116 660 7 897 666 597 81 181 279 959 7 43 468 361 639 684 98 850 9 417 761 692 714 490 719 480 472 862 414 594 219 141 
20
520 383 902 115 986 603 612 947 738 94 309 436 659 211 905 462 248 433 74 487 
1000
35 68
7 59
30 11
95 56
74 96
98 0
70 87
1 57
48 78
97 99
27 26
32 80
2 67
82 79
62 37
21 10
45 37
36 52
17 90
83 0
43 73
60 14
5 19
33 83
0 47
37 17
73 93
59 23
66 79
89 36
48 99
56 64
64 53
62 6
99 93
74 6
37 97
69 64
28 87
81 89
39 85
78 63
75 52
57 85
93 20
1 14
45 57
85 63
92 20
28 67
37 70
98 86
60 37
31 36
26 47
29 49
63 89
96 47
46 54
22 94
94 89
65 41
53 92
69 93
38 58
59 6
87 47
79 57
18 6
14 62
68 71
59 21
38 8
72 70
88 85
73 32
53 39
89 87
60 70
64 55
15 53
48 7
54 92
96 93
37 42
79 8
72 63
25 95
69 12
9 66
83 47
44 32
61 86
73 86
27 16
72 56
95 92
71 9
39 8
54 88
44 12
54 29
86 32
12 47
34 73
70 85
13 24
79 99
57 29
70 88
2 81
47 38
67 47
53 57
15 11
90 12
91 57
12 11
10 70
3 94
45 0
53 54
43 53
94 46
53 2
15 57
44 93
41 31
89 77
29 68
81 40
23 41
14 94
90 3
78 26
20 99
11 3
26 3
33 39
73 53
77 62
78 16
14 23
8 94
54 95
42 31
56 39
64 76
49 96
28 91
97 44
82 16
93 29
8 68
61 84
22 38
54 14
52 9
67 42
66 22
56 65
11 91
66 78
14 2
71 28
67 49
62 7
82 21
26 82
10 18
70 57
28 13
34 49
67 17
10 78
75 40
3 57
81 67
36 93
64 17
99 53
10 52
94 25
40 14
50 11
14 29
58 66
53 0
82 92
75 64
45 50
46 13
9 55
11 5
15 98
55 18
49 90
71 4
88 50
27 21
70 35
14 64
45 7
76 6
99 17
26 98
4 16
78 84
30 39
84 65
21 98
49 78
55 34
36 2
97 59
32 62
85 20
34 78
76 49
8 66
29 17
52 47
42 20
63 6
28 90
67 54
41 5
20 75
78 2
11 36
11 72
23 8
53 19
16 34
21 65
7 24
64 37
36 70
86 28
5 96
18 14
88 69
21 3
80 72
51 71
36 58
23 52
30 59
69 63
57 62
1 55
70 31
7 73
52 87
38 65
32 92
14 63
77 48
74 56
93 98
0 13
54 26
51 18
37 19
55 16
78 62
69 18
59 22
32 49
4 89
46 6
6 60
67 12
61 22
23 15
45 26
42 97
4 63
11 96
91 83
31 5
46 53
84 70
49 65
52 38
68 73
92 73
31 65
35 62
28 7
7 13
49 72
73 18
8 82
78 72
84 87
94 62
81 77
68 83
55 56
3 62
24 5
76 9
13 67
4 45
37 61
70 6
48 45
12 3
62 52
86 40
46 24
4 7
14 49
76 47
30 54
5 23
21 19
68 19
73 97
78 13
61 12
18 36
13 63
3 48
94 84
85 89
55 36
41 62
56 67
79 6
93 79
5 21
15 94
36 10
90 20
15 10
40 91
71 15
11 64
0 58
59 3
91 3
16 20
60 89
19 12
60 53
90 27
46 23
99 6
3 61
33 37
19 97
60 59
25 60
88 27
4 14
19 27
46 48
69 37
52 80
44 49
24 54
44 0
48 81
45 5
18 40
7 69
74 82
42 23
38 90
77 84
52 63
6 45
55 50
29 16
77 5
34 74
74 40
97 74
10 9
23 61
76 91
90 69
51 32
23 65
88 74
19 29
5 87
24 9
19 25
73 84
10 56
20 81
2 24
22 63
1 86
18 8
63 30
64 12
61 28
8 9
31 75
88 0
72 24
57 52
94 60
68 90
3 28
87 11
72 14
73 66
70 27
45 29
55 90
57 83
2 76
67 97
34 17
71 82
13 77
40 3
6 21
50 35
1 63
24 84
59 92
71 35
20 80
7 34
99 95
45 72
8 77
90 7
0 36
29 66
87 39
82 13
77 0
75 46
8 87
82 87
68 43
77 66
11 84
30 72
29 1
49 2
69 17
70 86
99 58
17 49
96 94
18 47
11 52
4 55
19 58
35 75
27 77
42 6
76 70
85 94
31 94
5 0
13 80
20 59
78 57
11 76
88 30
35 31
75 50
85 77
68 86
32 17
52 53
42 2
28 43
91 24
62 12
35 60
63 47
73 74
37 48
76 44
44 40
20 89
10 44
52 88
22 67
76 46
25 59
35 22
54 73
81 44
47 40
16 59
83 31
11 79
49 85
78 83
10 16
87 31
87 37
2 68
70 59
24 36
79 32
61 87
26 1
94 98
94 34
95 69
73 39
60 58
88 39
41 3
40 73
89 88
39 92
89 42
29 77
20 26
2 5
4 59
10 38
2 92
20 25
4 72
71 40
8 54
24 20
74 19
31 92
86 58
75 87
92 40
91 64
88 97
12 77
75 25
2 62
45 93
36 51
77 20
3 8
60 88
81 91
85 23
87 34
78 46
44 33
82 44
11 44
41 57
81 24
49 9
65 20
77 14
38 17
26 23
38 18
30 0
98 31
75 49
62 5
21 18
10 7
75 81
30 90
29 3
66 24
33 34
23 12
21 53
66 94
91 15
39 37
43 7
42 8
34 90
44 46
95 49
58 18
52 2
19 90
89 7
76 4
66 60
5 49
73 56
79 63
46 9
28 0
84 6
9 79
81 90
46 19
99 82
12 6
62 98
54 90
66 50
83 95
77 78
8 10
66 95
36 1
43 35
53 13
38 78
35 72
98 30
52 69
7 40
77 49
67 59
93 63
77 30
81 76
35 82
29 59
48 89
26 16
60 7
36 76
97 1
68 99
4 29
78 56
86 5
48 60
74 55
95 8
25 89
97 12
85 0
43 93
31 64
23 89
53 47
75 85
60 55
17 8
60 93
37 84
63 58
47 58
65 63
58 88
46 15
21 36
27 50
59 36
91 71
98 91
64 42
13 44
77 45
51 4
34 30
12 20
9 44
26 41
46 27
93 87
55 25
55 73
43 63
4 32
59 66
13 56
93 90
28 59
16 47
52 30
31 74
44 88
93 75
24 21
94 74
67 86
68 39
75 69
5 83
85 5
35 46
34 25
91 92
5 79
65 30
34 79
67 55
65 35
9 93
62 48
47 33
92 18
57 61
69 16
2 55
56 23
96 68
29 71
32 34
23 88
57 27
63 11
87 60
84 90
87 10
38 69
78 68
63 80
10 46
21 23
16 44
43 67
83 42
46 0
89 59
85 68
58 15
74 24
35 7
81 31
77 32
56 0
17 10
43 85
14 10
66 7
0 20
73 11
29 51
71 2
16 6
98 45
65 26
36 60
22 73
86 15
6 8
29 76
41 95
23 71
89 43
22 42
7 27
9 96
23 96
49 86
6 26
39 6
16 43
83 74
42 10
38 91
83 51
25 71
4 13
14 51
82 41
24 88
66 64
16 79
23 68
27 17
89 18
25 32
42 52
38 89
79 39
97 6
56 87
81 71
43 80
3 55
98 29
78 53
20 13
33 56
78 67
90 72
45 55
36 32
40 45
6 35
52 16
43 27
48 72
56 79
43 38
10 25
90 51
72 96
53 65
1 51
57 65
15 44
31 48
49 16
12 81
91 26
33 2
33 52
97 54
7 68
10 32
67 10
27 24
13 84
46 97
12 75
30 85
26 89
72 9
79 84
49 43
39 46
95 91
48 54
83 22
78 9
22 29
96 28
1 3
98 36
39 26
97 18
45 75
79 78
38 28
95 23
40 23
64 80
82 96
74 93
67 8
59 94
74 28
20 62
47 92
9 97
81 23
74 75
59 99
63 83
85 16
74 99
93 52
6 53
59 5
47 88
70 93
62 55
37 59
68 61
10 73
42 87
36 15
73 71
48 20
63 10
73 31
35 74
82 85
49 51
86 91
0 40
89 90
75 33
17 52
52 77
5 50
1 90
12 16
45 17
98 66
22 55
13 73
39 60
66 19
96 8
39 44
68 67
92 5
88 43
84 3
67 25
32 29
69 11
84 22
66 76
58 97
26 30
55 24
91 72
38 62
67 19
89 82
65 95
24 96
35 23
82 7
13 21
31 23
8 60
59 33
17 51
44 86
22 99
97 10
98 96
75 26
4 82
84 38
88 5
56 1
62 84
79 48
13 49
39 42
6 98
30 28
50 74
17 84
21 45
63 16
80 75
99 81
42 14
8 92
9 3
94 55
56 42
91 43
92 22
11 40
70 2
71 78
43 59
75 18
44 43
39 89
88 12
28 2
43 96
54 9
39 11
97 39
87 85
65 86
98 3
18 0
18 74
24 47
77 53
73 70
46 86
94 70
38 86
62 99
80 93
50 48
75 6
5 14
22 86
39 64
86 71
33 48
67 74
42 78
76 84
84 80
31 14
12 95
55 49
10 91
60 4
83 76
64 68
90 31
22 70
14 56
59 50
90 59
96 76
47 70
97 52
60 42
98 55
5 82
90 9
43 8
42 54
75 71
39 57
25 7
36 42
55 95
