100
124 522 754 827 559 279 340 874 884 214 646 378 234 277 860 720 699 284 504 418 670 697 185 756 889 582 494 741 202 744 636 870 10 822 595 624 512 549 46 809 901 218 452 247 788 166 85 721 5 798 726 720 888 650 358 48 247 841 42 963 269 937 783 656 853 337 702 51 583 842 856 505 82 604 143 592 164 716 625 706 379 918 603 340 380 144 375 226 739 991 143 903 369 502 252 564 418 57 844 153 
20
220 866 679 204 841 573 581 633 98 602 183 967 497 456 352 48 576 333 995 935 
1000
9 30
43 4
97 44
41 13
69 98
11 28
24 66
31 66
1 46
76 31
98 77
14 2
86 42
1 11
65 2
25 36
46 42
61 72
86 46
15 60
6 40
38 46
10 68
71 85
71 47
92 2
65 46
99 25
59 45
46 93
74 72
65 15
61 27
31 42
28 56
29 55
94 40
60 37
93 80
71 48
60 25
24 33
25 54
19 10
37 89
66 64
53 16
89 71
10 80
86 61
61 55
65 4
1 77
81 53
72 97
74 70
12 56
76 60
60 19
41 15
32 46
13 26
7 75
26 61
68 32
1 74
56 98
82 32
86 1
25 18
87 52
63 87
51 1
7 70
5 74
38 76
35 14
99 92
40 24
17 27
10 86
21 18
9 65
42 8
7 43
79 25
79 65
31 19
53 71
70 59
10 38
86 7
20 76
31 10
32 75
76 27
99 34
57 60
69 53
57 91
91 75
85 78
37 70
28 55
21 36
59 32
97 15
22 67
25 58
36 74
49 44
4 1
1 67
1 75
15 13
99 91
65 50
79 4
99 81
79 94
39 68
9 40
34 87
46 43
1 30
93 66
70 66
14 95
23 39
74 18
33 17
32 90
23 12
47 56
72 57
14 39
87 38
28 67
85 84
22 8
96 38
57 98
7 45
48 9
41 81
20 11
80 30
43 44
21 56
63 74
63 72
63 45
30 92
15 86
98 91
67 14
77 90
74 89
68 57
97 73
95 76
71 42
43 45
10 44
11 27
48 4
39 94
22 48
48 34
81 85
82 11
50 20
69 59
0 55
7 38
64 28
98 3
52 88
39 48
98 48
58 63
14 48
54 98
21 85
40 53
81 63
13 73
46 33
35 28
50 31
21 66
23 35
86 30
36 57
2 4
59 39
38 2
69 57
12 84
95 78
95 12
77 70
42 62
53 24
65 44
94 67
66 73
23 62
31 47
26 38
66 86
17 48
16 29
30 64
57 32
28 34
21 58
62 85
90 23
76 35
25 57
64 22
58 57
44 66
61 7
5 48
5 6
87 12
15 38
5 44
22 89
34 73
67 39
91 65
9 6
13 2
78 13
2 7
70 28
60 13
62 9
54 37
63 26
11 59
36 49
7 76
16 94
98 90
78 67
14 27
28 44
28 5
20 51
42 78
25 29
70 56
19 91
28 59
46 13
39 98
87 10
68 61
84 17
60 93
70 61
61 31
66 88
21 49
36 56
74 50
68 11
71 80
23 6
75 76
83 7
69 85
36 23
92 94
58 90
80 45
57 34
87 96
68 50
19 63
12 24
33 3
7 49
69 96
58 19
48 57
29 72
60 28
84 49
83 84
0 98
83 2
58 53
82 70
69 89
98 28
34 93
53 29
73 21
68 72
86 19
42 28
84 26
55 79
79 87
70 94
66 43
45 48
28 41
1 27
6 11
54 27
54 32
79 80
90 81
80 73
10 36
50 27
25 90
33 98
34 76
19 66
37 81
1 55
95 4
55 45
6 19
67 79
50 32
41 51
97 35
83 56
13 92
98 6
29 83
24 21
48 96
84 36
55 83
76 54
45 50
44 77
15 96
36 75
89 30
23 80
96 70
84 68
2 95
11 90
94 61
86 44
63 43
49 72
93 25
35 59
8 36
93 95
97 13
19 39
62 40
3 28
23 91
98 49
21 33
20 4
91 71
84 48
77 91
45 41
28 75
52 94
93 99
56 62
27 5
34 82
98 83
72 19
37 59
61 64
3 62
75 24
57 64
54 61
63 70
28 1
20 45
16 17
24 60
88 75
81 92
12 50
23 60
25 30
88 72
84 59
90 9
89 6
50 36
33 84
82 78
82 27
17 73
28 72
21 69
31 59
19 94
22 39
3 53
6 82
25 82
82 73
31 57
23 87
21 98
5 76
9 18
55 67
54 65
55 13
12 14
25 15
4 37
21 25
83 48
12 79
35 20
77 86
92 55
31 21
28 26
10 78
13 57
48 76
89 51
26 98
14 82
78 22
11 69
80 34
68 44
99 1
62 18
97 56
4 54
83 96
89 3
83 53
59 19
51 52
88 85
47 50
32 10
94 85
54 2
61 93
31 14
55 65
62 32
12 76
57 75
78 52
69 13
97 42
62 48
98 59
47 44
26 75
55 3
70 23
24 54
99 19
92 22
91 24
3 2
8 94
95 94
29 12
67 8
72 83
0 95
11 87
4 7
26 80
58 12
7 20
10 59
4 42
43 0
17 28
97 68
10 35
76 49
20 19
11 14
24 44
12 30
90 10
54 97
86 69
17 12
45 15
1 22
91 87
66 38
36 51
64 51
11 2
90 39
55 53
8 38
72 56
95 13
63 12
68 64
93 35
39 30
4 53
47 46
92 95
70 78
51 68
52 57
57 1
24 47
14 21
87 40
72 53
13 7
13 80
20 81
11 23
96 67
14 96
80 16
80 96
13 18
97 23
55 31
42 67
77 13
27 6
71 81
96 55
33 75
26 46
9 15
61 87
86 63
38 89
57 26
38 79
56 66
36 78
31 34
16 89
10 46
48 13
50 35
11 22
49 23
21 3
7 16
89 59
73 88
0 32
88 22
99 94
37 2
61 51
75 68
66 51
65 94
85 64
22 72
92 85
7 41
19 98
86 6
53 26
35 62
85 12
48 91
41 89
92 83
56 13
66 47
71 66
46 37
35 65
95 20
32 43
80 17
43 56
8 39
45 17
70 22
35 60
45 23
2 51
8 10
98 31
30 24
5 55
56 94
26 9
81 21
60 21
15 73
50 26
45 95
57 56
93 29
92 46
53 10
31 93
79 86
80 48
89 55
85 0
27 23
66 67
18 15
3 4
72 65
9 94
52 73
97 65
8 70
75 77
50 46
7 44
88 11
45 40
9 10
32 89
85 52
41 29
39 62
88 49
15 81
5 0
73 72
82 12
76 84
88 6
46 71
17 42
18 92
25 23
80 52
33 18
22 7
81 83
1 82
73 25
20 55
49 47
22 43
27 51
17 23
32 86
15 48
54 33
50 87
15 28
73 18
93 82
22 57
44 13
8 17
62 72
81 84
58 37
27 58
35 79
71 30
85 20
22 60
34 72
17 51
77 74
22 13
21 68
30 72
25 0
21 64
6 87
31 81
99 14
8 16
95 49
8 89
28 33
64 17
20 21
61 57
40 56
11 35
47 36
85 73
24 6
58 56
74 31
54 73
86 9
5 20
3 44
10 11
39 20
56 53
23 4
61 44
63 48
70 12
47 84
3 81
76 87
28 22
56 2
79 74
68 67
11 63
82 31
87 99
54 50
22 26
15 49
4 85
28 97
11 18
87 58
64 45
7 59
56 63
92 20
84 53
23 33
48 46
75 25
36 94
97 11
42 88
49 79
9 22
59 25
2 81
41 2
30 77
90 30
96 41
95 57
39 31
19 13
55 93
67 47
82 98
87 26
4 56
40 28
32 6
96 8
91 56
40 33
91 78
10 85
81 73
31 54
14 62
50 55
92 91
69 90
38 77
4 45
64 33
28 68
79 91
54 64
22 33
56 87
86 18
76 79
67 57
38 84
87 41
29 5
91 17
52 1
41 61
22 12
24 77
95 84
38 5
74 32
87 28
69 76
24 17
16 4
76 83
17 65
99 36
73 35
41 1
74 46
15 17
54 93
21 44
88 0
4 6
36 1
95 24
92 59
91 9
24 52
92 33
43 73
88 30
12 2
16 82
94 72
39 79
3 0
33 27
53 66
41 49
55 64
49 11
59 1
21 97
8 72
40 93
41 5
52 42
47 75
73 30
22 16
86 99
73 91
97 89
38 41
20 49
42 54
13 66
4 73
88 24
4 83
67 37
9 68
22 54
54 60
4 34
23 14
73 8
26 5
69 82
56 90
44 15
14 58
97 19
43 88
13 6
8 12
85 11
16 58
79 50
69 70
7 33
72 55
87 81
76 99
7 36
45 9
73 5
84 3
13 93
43 87
15 3
42 92
99 48
93 78
93 19
20 10
91 94
86 50
53 11
30 17
85 46
4 72
26 29
77 37
48 52
53 35
89 39
89 10
56 46
45 42
34 8
66 65
38 88
21 54
71 23
78 72
72 17
4 32
53 45
24 78
56 3
95 41
33 60
89 0
87 39
94 28
79 48
37 56
33 53
96 40
6 77
27 55
38 11
90 42
56 14
59 44
74 21
14 83
81 74
73 3
53 64
29 15
41 84
58 30
45 19
82 19
70 83
45 87
77 33
39 93
98 44
73 62
29 62
67 70
37 33
45 65
34 62
11 42
93 7
31 4
87 86
38 17
38 73
69 93
57 80
40 10
71 44
79 11
69 54
98 24
21 9
18 68
45 61
35 70
23 20
24 76
35 56
26 74
57 7
49 17
38 93
20 32
51 43
48 67
21 2
16 93
58 43
69 8
47 38
57 55
46 79
34 17
40 88
42 93
87 66
93 50
20 40
10 55
77 12
80 74
86 29
77 45
67 36
88 81
88 23
62 24
6 46
59 71
44 53
80 22
