100
530 369 658 442 403 909 707 312 665 874 592 521 525 873 500 345 753 570 703 738 75 41 104 37 595 552 946 744 913 189 733 81 987 820 375 344 208 462 879 830 320 413 121 87 256 284 825 502 869 445 719 560 873 459 846 347 441 977 378 272 21 705 329 245 466 651 334 744 774 633 345 371 747 449 979 754 507 677 495 978 129 427 835 410 231 458 847 856 413 733 846 874 955 725 284 456 345 968 212 824 
20
979 107 487 130 800 772 549 281 597 515 79 209 327 925 990 770 599 236 111 92 
1000
0 22
2 17
38 7
57 17
63 45
16 9
50 1
38 41
5 68
53 36
45 14
63 14
28 93
54 89
61 7
26 3
93 16
96 45
49 93
39 57
57 63
15 86
38 94
13 2
0 61
17 78
94 93
98 24
50 37
68 92
47 36
66 19
89 18
26 12
92 59
99 71
63 97
19 55
93 63
45 79
35 6
18 88
80 75
31 99
73 60
92 37
52 20
90 88
2 21
40 31
62 29
80 86
85 68
78 83
0 7
43 45
70 57
33 98
22 66
40 17
3 88
72 39
32 0
65 36
27 45
1 15
74 23
68 89
12 69
15 67
19 7
3 83
32 20
5 8
46 32
68 57
10 26
78 12
14 36
2 43
77 29
99 87
55 50
82 53
97 72
95 89
77 23
25 99
69 34
7 9
58 91
58 23
90 21
50 40
83 90
57 83
27 77
48 77
90 78
45 8
23 14
55 45
76 19
77 40
92 24
71 52
91 79
82 44
57 50
6 42
91 51
34 67
44 14
7 97
28 61
14 97
83 67
34 87
88 20
39 33
38 40
16 6
30 81
16 61
44 87
2 20
95 96
21 37
74 29
87 88
11 25
10 30
50 86
43 63
0 13
76 65
44 11
26 42
51 13
85 17
24 25
24 43
80 70
29 97
14 6
18 33
85 53
92 42
50 14
97 43
68 72
14 98
65 22
57 74
69 17
26 71
51 32
45 61
13 55
53 81
80 89
21 39
66 84
33 10
66 88
72 94
20 28
21 9
26 41
18 21
2 69
42 39
25 26
73 26
66 8
30 68
52 56
90 77
23 36
51 26
98 66
53 75
16 14
19 59
82 70
61 58
55 28
24 91
62 88
51 46
37 91
71 28
10 36
93 97
66 60
31 50
38 68
8 71
60 56
43 34
76 68
86 36
33 61
83 66
92 81
81 43
90 32
63 76
76 95
50 67
0 60
24 59
36 46
98 13
22 69
33 59
79 82
72 20
58 70
84 0
7 62
90 79
39 58
13 24
12 74
89 3
58 89
15 92
80 77
64 60
22 76
16 71
40 35
47 5
30 40
52 78
22 86
92 39
32 49
69 78
74 61
26 78
36 88
56 37
53 29
15 6
54 46
22 67
1 56
73 21
95 10
36 98
43 0
36 57
81 70
12 89
9 72
27 98
96 85
85 0
45 66
24 38
99 47
50 23
63 53
43 31
69 3
7 81
82 22
78 21
75 70
22 88
35 78
35 95
32 50
56 22
65 24
13 79
62 25
73 98
86 49
28 9
85 8
52 7
81 74
54 51
31 18
11 94
69 27
59 8
23 35
80 48
83 75
84 16
85 89
87 17
11 67
33 62
83 10
1 62
54 32
14 95
95 15
95 51
49 83
78 23
83 76
48 5
44 58
4 74
32 52
13 94
51 59
56 26
93 91
37 72
57 35
36 83
68 77
53 71
18 62
23 13
6 33
24 58
94 32
0 52
14 53
27 78
13 85
7 10
36 55
92 99
69 29
23 55
31 71
16 13
55 40
33 51
53 58
7 58
67 0
17 89
22 93
30 85
92 29
65 12
83 46
55 89
51 34
67 49
79 30
64 82
20 12
4 50
39 53
34 60
43 67
3 12
83 73
73 99
97 75
88 41
31 28
61 8
30 76
77 63
82 39
39 80
59 78
17 49
15 79
89 40
71 44
80 91
96 65
72 63
40 91
48 57
57 95
55 90
33 86
44 7
10 85
88 96
74 47
58 98
99 70
99 91
95 66
34 79
79 96
41 17
96 12
17 27
32 73
90 12
65 90
15 46
64 57
91 64
87 58
97 76
99 36
71 45
37 15
74 72
24 1
42 29
7 18
77 36
56 76
93 57
53 46
52 90
26 59
4 67
54 37
41 87
61 5
87 2
69 56
4 68
68 53
50 44
62 34
10 60
65 63
74 51
80 68
31 22
9 94
78 64
58 88
56 20
58 72
14 0
81 82
18 73
56 0
76 64
43 12
19 71
7 16
64 90
27 71
84 79
28 44
58 12
68 81
68 50
33 71
51 86
12 44
44 89
39 6
85 7
12 17
28 81
52 82
38 74
1 78
81 97
61 43
93 42
27 6
41 50
36 73
95 33
57 96
31 72
86 13
62 83
76 23
6 38
7 28
70 66
44 61
33 26
53 59
93 10
51 69
64 97
35 33
79 51
90 58
66 13
99 1
98 5
63 25
46 69
87 64
76 53
13 78
67 16
79 76
23 48
23 82
72 84
42 30
52 97
64 33
7 98
62 71
47 92
60 50
57 27
63 39
37 31
31 8
18 4
38 65
86 26
79 62
19 90
11 89
93 9
94 15
85 47
33 60
45 86
38 12
90 62
1 94
66 16
81 25
19 3
94 50
1 12
76 92
91 38
62 4
69 54
27 99
84 48
54 70
14 96
90 31
78 61
73 19
27 89
53 73
18 95
43 32
50 99
99 12
97 77
24 22
65 69
64 21
91 75
66 74
40 24
89 42
64 14
50 15
71 22
89 90
55 75
31 81
82 92
23 54
0 12
35 4
47 71
99 45
64 86
36 56
36 51
55 38
43 39
95 69
54 85
9 52
64 4
58 22
19 25
81 13
26 80
28 52
26 16
89 5
56 34
75 82
28 27
95 84
74 86
5 96
67 71
97 46
32 29
50 77
88 57
58 59
27 55
40 76
51 27
53 92
80 84
57 78
46 59
98 42
55 87
54 62
64 45
95 6
28 82
72 91
93 67
77 11
4 63
62 41
29 56
96 0
69 26
80 50
34 33
47 88
99 90
13 35
79 6
64 98
28 25
30 51
83 9
45 68
68 11
13 17
3 60
64 89
57 30
20 37
14 81
49 74
83 35
50 35
81 61
56 38
4 72
55 66
22 12
58 57
92 9
27 61
79 23
6 56
49 48
75 96
99 16
23 18
58 67
7 72
91 84
91 26
55 1
81 83
86 20
23 52
74 46
43 27
99 28
3 67
84 73
7 15
15 77
99 29
42 12
8 64
58 45
62 58
78 46
78 70
42 9
86 7
96 3
0 46
28 47
55 21
90 36
38 15
64 39
31 13
12 36
38 25
93 20
40 83
67 48
93 98
79 47
71 93
48 32
28 30
25 93
78 75
76 71
4 48
93 15
16 86
98 44
96 26
17 30
1 17
26 90
81 18
50 10
73 85
59 37
41 72
82 35
67 1
3 56
46 27
91 88
88 63
33 30
58 46
6 8
17 39
30 59
96 40
72 25
67 98
54 72
5 69
12 91
78 36
21 33
74 55
55 9
3 44
84 25
44 27
21 24
84 7
85 50
25 47
14 51
13 12
47 41
39 99
20 66
10 43
96 37
64 3
32 63
33 7
6 23
58 29
46 86
2 92
72 27
97 48
16 43
53 70
65 40
9 36
6 30
55 91
76 52
74 84
82 46
98 95
2 35
69 62
8 76
11 29
50 74
80 58
45 67
1 2
1 61
89 45
6 74
75 16
77 30
49 91
16 27
78 40
96 29
19 40
66 12
41 94
5 41
89 26
54 75
57 90
51 49
86 42
53 72
34 21
97 20
88 81
3 43
54 34
87 5
9 78
21 91
85 16
95 54
31 19
70 18
43 19
76 10
19 91
8 16
39 95
7 47
22 62
83 44
27 11
55 51
24 30
30 63
27 94
43 78
95 44
99 33
53 61
73 72
95 58
78 25
27 83
2 56
44 30
95 34
95 5
78 38
98 87
7 96
66 75
31 80
50 46
77 85
18 13
93 19
28 66
15 63
7 46
56 39
61 31
59 96
92 89
80 82
77 14
39 5
27 38
34 59
73 71
85 32
55 67
90 81
98 89
32 19
19 68
4 61
90 24
94 91
98 16
22 64
27 3
97 47
48 94
81 63
72 26
16 1
95 93
6 32
31 11
71 32
51 21
75 43
45 76
85 20
5 28
8 37
91 17
77 43
41 90
71 87
41 99
77 9
76 18
78 45
80 72
37 44
48 99
79 46
78 42
46 47
31 47
35 31
66 73
62 27
6 66
8 65
20 45
14 43
45 95
68 36
15 5
56 46
28 0
97 21
39 65
24 95
82 98
50 92
32 58
60 36
68 37
31 21
34 36
48 14
72 3
17 42
47 87
80 59
27 13
10 51
13 21
93 86
6 88
58 93
89 4
82 16
12 71
54 28
5 23
98 6
37 45
52 35
91 97
25 50
70 76
52 61
90 95
27 53
33 54
49 13
37 0
74 71
4 71
51 8
60 97
2 31
14 28
96 41
37 14
70 27
28 74
97 54
32 57
31 88
71 79
24 8
10 8
38 45
85 21
49 1
81 85
78 22
74 31
34 16
77 1
7 42
12 75
53 21
24 84
70 1
88 49
92 38
65 1
31 39
51 89
86 40
23 8
78 4
72 57
41 10
50 69
66 43
17 34
93 21
59 18
93 32
40 69
8 94
97 38
42 67
98 72
75 3
23 80
98 47
21 16
67 95
79 77
96 23
35 41
54 59
7 3
65 41
