100
6 606 397 362 255 427 217 172 422 135 904 370 585 770 193 614 376 411 736 750 12 987 942 102 443 80 769 28 419 277 592 466 343 862 642 850 699 897 916 692 437 103 455 130 624 363 564 836 12 747 292 309 744 154 597 349 620 564 80 888 256 276 642 887 663 97 945 253 166 201 701 96 133 920 160 511 179 675 724 630 248 448 610 313 129 806 310 802 743 331 375 962 555 500 608 924 74 408 422 841 
20
660 473 387 462 851 916 606 248 742 503 160 991 573 409 220 595 183 684 279 799 
1000
33 97
16 11
64 87
11 39
83 75
27 84
54 67
18 44
81 42
98 61
16 33
61 91
55 43
57 99
61 71
59 53
96 27
67 91
40 77
31 65
72 97
87 82
87 51
35 41
98 12
22 13
43 95
51 25
63 13
87 73
20 82
65 53
59 14
5 48
31 98
21 95
92 94
14 85
13 72
21 10
17 61
49 32
19 81
44 54
78 15
76 62
71 63
1 36
48 60
56 35
70 29
53 74
49 86
86 96
98 78
29 95
56 13
38 15
77 57
3 23
56 86
67 4
89 3
22 55
30 18
7 32
95 94
94 6
92 65
6 70
53 86
77 62
63 34
42 9
36 62
77 86
39 15
42 4
41 61
23 53
39 77
75 58
58 89
93 23
25 79
0 92
63 75
96 62
42 40
67 81
50 79
20 76
50 40
4 77
22 16
78 39
56 31
29 63
6 26
67 60
77 51
38 86
58 40
49 64
23 55
34 88
67 66
13 10
11 94
99 56
45 24
21 94
81 50
17 18
44 94
96 10
87 46
78 22
99 65
2 98
36 93
3 85
52 78
45 40
72 75
46 25
66 97
98 53
33 23
37 98
29 68
62 61
83 96
43 4
49 78
75 80
78 41
40 37
77 74
63 42
62 78
75 11
97 40
66 84
11 92
58 31
90 28
89 73
38 13
40 19
66 65
6 45
2 13
7 36
73 28
55 21
92 40
44 59
4 76
24 80
66 63
36 31
92 71
85 81
45 90
59 51
13 97
58 38
69 84
33 69
68 7
29 8
64 29
11 83
35 19
15 30
4 54
78 23
72 42
22 69
44 76
32 91
86 17
7 2
11 93
40 68
94 37
98 56
57 8
68 3
34 25
93 81
44 5
92 95
80 72
61 24
65 16
83 86
67 21
13 80
18 16
91 69
25 50
89 56
29 48
28 25
86 29
82 66
55 53
0 24
63 62
36 27
41 4
39 51
17 22
35 49
59 27
78 58
29 37
36 99
4 87
93 34
99 51
69 2
97 3
66 77
54 35
52 41
20 42
90 14
56 67
21 45
41 99
95 82
68 63
31 85
35 69
33 90
91 66
8 12
53 12
30 75
48 78
19 26
17 51
68 6
63 28
52 57
75 18
56 50
7 48
74 22
36 51
54 25
42 70
57 58
25 12
22 52
16 61
32 13
35 23
2 92
74 3
13 62
76 18
72 69
51 16
70 63
86 8
94 0
12 24
4 83
73 51
88 21
47 12
74 40
77 14
57 64
28 8
53 81
76 88
26 62
50 67
69 58
7 22
52 60
23 16
20 71
95 58
61 49
85 77
74 91
7 37
55 96
24 41
44 83
9 8
67 8
4 62
64 42
23 69
81 72
56 79
92 36
18 28
36 37
22 94
35 81
40 39
51 78
16 9
91 99
58 28
55 57
50 63
22 9
31 81
20 98
17 99
51 35
73 97
76 69
37 92
15 70
70 66
10 19
12 77
70 82
76 9
0 67
71 10
51 4
49 17
58 9
6 34
73 77
66 49
31 93
87 39
60 12
48 6
8 13
50 95
44 93
40 87
13 83
65 21
78 97
30 77
66 27
77 81
97 34
47 30
7 95
97 9
88 12
75 61
82 24
24 62
49 91
72 56
18 95
55 98
34 38
16 96
15 64
74 72
50 14
45 67
41 82
86 35
99 90
21 99
28 9
24 39
74 1
79 85
34 71
73 46
64 70
91 11
66 7
21 60
68 99
44 62
36 59
24 50
10 74
85 32
93 64
53 78
71 5
32 18
6 5
20 52
35 64
0 32
98 65
5 11
66 57
40 63
36 97
43 64
31 9
27 98
21 34
17 13
17 24
0 36
35 21
54 21
69 93
33 57
37 48
61 50
41 66
22 79
86 78
69 26
35 12
41 53
91 84
53 66
13 34
30 94
80 55
93 95
56 17
98 29
34 46
6 85
96 34
20 3
65 68
50 86
39 60
59 31
0 89
20 19
39 48
68 71
33 24
31 99
94 62
25 5
51 81
16 58
31 16
53 31
33 61
23 94
22 99
79 76
15 4
1 49
33 9
43 23
53 46
46 91
48 23
15 8
13 79
77 84
56 48
51 75
0 17
71 79
94 31
55 97
92 90
73 6
2 61
36 90
46 48
91 97
5 23
1 88
22 61
7 20
27 29
9 71
0 3
24 86
37 89
29 50
95 2
65 45
47 38
70 74
85 19
71 30
94 8
91 37
1 34
23 2
49 58
7 8
98 49
93 9
69 24
18 48
1 82
0 64
77 89
13 65
53 48
35 40
19 86
87 1
62 60
13 43
47 24
45 86
3 37
5 51
41 97
70 90
57 40
22 91
32 53
32 56
85 44
88 74
35 18
91 68
86 51
78 33
87 19
5 52
93 18
10 90
54 29
56 4
45 79
79 97
43 0
47 66
24 46
22 76
78 27
76 48
32 23
44 89
13 7
42 15
24 38
57 15
76 2
6 78
47 86
55 61
86 57
21 79
59 57
18 7
6 32
25 95
29 65
63 5
94 55
80 25
82 35
39 89
79 87
97 38
53 11
65 80
47 40
94 89
87 67
90 32
66 24
83 8
48 69
63 57
93 90
14 12
55 37
3 46
39 37
67 70
50 66
65 95
69 77
97 27
8 16
27 8
92 77
17 74
1 0
87 60
9 15
98 41
14 96
89 55
17 87
11 74
60 17
52 35
95 57
89 75
43 89
81 96
14 63
60 8
83 14
75 48
22 72
21 86
71 13
31 72
58 56
50 27
65 43
70 7
59 78
75 93
11 95
11 17
84 5
51 91
9 5
36 8
78 54
99 86
89 92
52 85
88 53
60 23
24 53
36 55
55 49
44 33
29 9
87 6
26 29
78 95
57 27
28 54
16 5
49 37
55 52
25 97
60 37
23 14
17 27
66 0
45 91
61 84
16 17
76 66
31 27
45 76
23 82
27 45
78 66
29 71
5 55
62 59
99 29
82 33
91 28
80 37
38 20
11 8
93 17
4 20
38 78
36 86
94 85
62 72
11 23
8 40
87 14
14 30
30 29
70 25
97 76
49 92
24 96
96 94
38 26
56 81
48 92
86 27
52 63
82 61
10 81
99 61
34 41
10 88
97 88
51 71
49 60
94 76
68 75
26 61
62 16
56 60
78 65
21 93
51 55
90 63
79 2
54 86
9 86
70 24
35 67
74 4
13 69
75 76
80 81
34 65
59 4
10 60
82 47
49 39
83 71
64 6
83 18
32 35
41 28
89 29
41 27
25 48
94 1
83 63
6 30
82 51
5 73
28 16
31 3
98 19
96 79
96 65
87 84
11 0
9 20
63 76
54 81
44 66
91 92
83 59
34 92
66 6
91 34
37 57
34 57
67 7
30 72
1 59
93 43
10 11
48 4
33 42
22 21
45 70
65 42
63 69
85 24
29 77
3 90
63 65
52 90
38 74
9 40
56 62
35 76
17 79
65 20
67 48
8 39
14 1
14 2
19 96
99 88
85 58
71 19
25 94
71 64
87 23
27 6
51 6
97 24
56 37
18 41
15 37
24 10
90 85
51 47
97 17
15 83
96 52
78 77
23 13
36 70
96 68
41 74
9 36
55 95
83 51
48 8
24 64
94 56
18 5
12 74
41 40
59 82
22 65
10 49
32 71
46 32
58 42
62 97
56 39
44 67
62 87
60 82
85 26
65 36
82 22
97 6
61 34
44 35
96 92
21 64
1 46
90 22
81 3
59 97
97 50
56 40
12 72
90 64
71 54
29 49
75 91
70 77
36 47
37 9
36 72
91 58
54 30
50 77
40 55
34 73
53 68
10 18
57 73
51 40
38 69
69 52
28 82
26 28
99 50
46 38
95 40
84 90
68 0
79 43
36 32
96 88
27 87
95 33
48 0
45 68
70 16
79 74
81 82
64 37
29 13
5 21
5 99
12 18
47 87
85 45
87 78
31 0
71 3
13 48
63 93
45 87
43 63
67 29
18 85
83 91
6 91
13 70
93 35
43 2
30 21
78 5
81 41
11 54
28 93
68 1
28 76
87 91
59 45
27 93
26 59
26 12
13 54
68 20
24 54
44 12
62 65
21 19
51 15
78 21
29 56
99 43
27 34
10 67
32 34
91 52
83 54
55 44
23 38
6 3
21 80
86 94
33 11
28 14
69 83
96 1
52 9
62 98
38 94
82 16
16 14
32 78
74 96
96 38
64 81
2 35
82 52
52 50
90 86
57 70
19 95
81 74
46 22
75 96
25 59
0 28
68 54
97 93
30 34
74 15
29 40
93 89
84 54
97 96
30 93
71 41
94 82
55 19
92 45
84 37
53 6
59 18
1 44
88 49
50 83
41 70
88 71
14 82
4 50
30 25
40 83
1 29
56 36
92 70
38 16
90 82
33 34
65 86
47 31
90 34
20 74
72 6
5 96
12 96
84 85
13 93
61 48
11 25
78 18
84 28
27 67
96 58
56 12
93 70
19 37
60 75
99 46
8 93
19 17
36 69
