100
215 298 279 395 592 94 273 967 595 927 886 412 503 491 802 579 337 669 255 194 503 839 190 284 285 214 124 320 235 262 780 84 676 286 989 234 956 674 776 381 597 812 548 972 901 619 518 344 416 814 988 364 910 578 792 744 650 615 785 827 720 276 245 75 547 532 249 788 380 692 874 337 114 955 271 391 900 472 326 538 923 167 162 730 652 646 376 345 634 577 665 245 74 322 247 786 666 571 862 770 
20
355 311 165 992 998 232 929 226 78 783 573 90 273 889 871 661 376 111 992 734 
1000
22 15
61 10
31 87
98 92
46 51
25 19
54 41
1 14
53 31
78 39
60 68
4 25
7 38
36 92
9 30
69 79
77 15
63 55
67 64
87 24
30 91
89 59
96 64
13 63
20 49
31 40
87 0
54 87
68 45
68 57
18 99
40 97
87 61
43 29
33 65
69 9
34 85
20 42
48 1
85 37
74 47
61 51
56 37
54 45
38 15
27 83
6 74
30 81
77 28
69 61
61 9
14 84
70 52
41 23
51 84
42 70
79 87
31 72
94 51
95 62
28 91
12 60
57 6
23 82
85 24
83 8
80 99
26 80
75 94
90 96
76 29
45 99
52 10
14 89
45 29
93 58
16 50
91 38
41 92
40 87
52 87
91 14
4 66
64 88
25 83
6 24
37 55
71 28
61 88
78 18
39 7
92 26
59 54
99 23
30 33
36 52
42 48
93 13
67 18
85 75
80 68
10 46
23 10
15 13
86 82
40 67
18 2
5 68
73 89
59 50
37 81
25 92
12 80
19 62
36 51
11 58
40 7
11 14
99 28
11 3
84 71
73 70
77 4
34 0
88 85
62 15
65 8
32 99
12 93
20 70
98 73
24 86
49 56
18 82
24 1
39 94
3 85
22 82
79 59
63 9
24 74
92 49
4 98
46 78
80 30
89 32
50 91
80 34
87 37
16 34
43 48
74 16
22 32
39 65
24 72
90 15
83 13
52 4
67 0
31 46
22 47
12 27
31 96
96 95
56 1
83 77
35 4
16 32
44 29
76 86
82 29
61 23
93 77
18 94
47 18
31 73
18 40
16 35
89 3
46 11
25 66
56 47
18 85
11 94
63 59
60 5
86 4
19 69
44 99
19 67
81 98
35 62
65 98
39 24
87 98
43 39
74 65
99 31
12 49
94 85
17 60
1 27
75 36
84 34
81 64
8 79
53 87
88 25
91 4
91 98
72 89
16 4
72 75
22 0
68 43
53 98
48 65
88 24
59 19
89 9
46 5
25 40
46 52
50 37
38 82
17 80
56 60
73 55
68 35
97 2
41 96
52 6
96 39
54 85
45 58
47 90
63 70
14 70
6 25
79 66
60 15
46 34
17 56
52 91
90 66
64 19
57 5
77 72
31 17
85 62
68 64
86 0
98 97
17 95
45 95
91 55
76 21
54 13
71 42
22 93
57 17
70 46
84 58
64 1
31 24
89 19
4 70
90 82
88 10
32 25
47 25
66 91
78 57
8 73
39 2
95 68
41 37
89 54
25 59
24 43
86 57
49 33
19 29
91 40
86 46
83 69
86 35
90 94
44 89
75 63
27 80
4 30
95 43
56 30
58 96
79 32
49 13
34 71
23 76
12 43
47 2
8 24
33 52
32 66
99 6
45 30
41 98
39 59
21 30
8 37
15 87
20 11
37 28
37 4
34 54
57 95
53 12
19 21
44 96
67 61
91 64
43 62
3 62
32 86
32 11
66 8
59 58
41 71
58 35
49 6
36 44
45 26
71 27
44 4
31 64
63 57
72 37
1 5
86 11
87 73
37 43
99 27
87 80
66 75
20 74
87 86
13 37
6 70
8 64
99 71
32 26
26 9
19 37
54 39
98 2
82 70
41 59
13 27
30 98
50 66
19 57
5 28
34 77
38 32
20 0
10 15
78 30
45 25
86 99
53 85
33 25
34 26
81 85
14 86
64 93
6 30
31 1
38 29
62 51
9 10
34 20
33 12
53 63
99 79
39 75
88 82
50 47
82 69
8 0
90 23
6 48
40 93
85 25
61 71
48 60
1 73
51 97
28 69
77 91
46 94
75 5
64 75
83 12
21 95
78 85
16 5
77 75
92 28
83 23
69 33
95 7
95 72
6 41
67 42
50 5
90 83
33 51
8 71
38 13
51 13
99 50
26 10
83 43
91 59
38 19
56 33
98 17
3 78
55 88
50 3
56 41
63 3
89 81
75 45
73 36
2 63
83 62
60 98
73 75
79 41
0 5
90 30
73 13
66 41
57 15
70 58
32 94
73 61
35 81
34 48
23 94
49 72
25 14
96 76
90 0
27 85
6 0
91 34
35 96
30 25
73 59
8 78
86 9
5 96
41 33
60 41
83 37
72 50
63 8
3 87
23 48
68 22
91 70
61 53
69 11
73 25
21 97
55 0
50 96
57 66
40 79
69 98
98 66
12 2
63 93
67 17
9 25
3 43
82 19
11 42
6 8
50 13
44 59
28 83
15 41
22 79
32 83
18 81
29 24
89 51
40 65
91 44
7 60
12 13
10 49
78 6
77 66
41 89
10 1
15 32
99 62
84 65
20 69
53 68
74 78
16 55
40 88
18 37
72 25
69 15
17 36
87 2
34 59
84 60
52 23
14 24
61 77
8 40
60 94
66 81
51 54
95 80
53 76
28 55
46 65
87 75
7 20
85 39
7 42
73 22
82 44
48 68
10 99
59 13
22 7
28 73
27 8
71 73
49 57
65 3
37 40
96 75
81 83
28 88
39 62
25 78
27 68
85 28
21 0
5 58
96 8
4 60
35 20
78 20
71 59
55 30
25 99
76 74
31 95
4 10
1 75
71 11
1 26
67 13
16 46
60 79
56 52
79 91
99 81
76 65
11 88
60 31
90 99
27 11
7 84
78 38
39 73
33 94
17 76
38 80
66 64
81 25
82 6
29 9
50 54
18 24
11 50
75 70
4 13
3 81
94 81
9 38
58 69
40 15
87 28
6 19
14 46
69 62
61 47
42 45
10 3
39 56
82 36
2 41
90 43
17 69
98 64
63 18
38 4
34 8
87 93
78 82
68 77
45 88
50 97
95 74
29 84
43 55
53 23
17 35
41 75
92 75
16 77
12 3
42 16
10 32
99 73
16 76
94 67
74 51
3 0
40 36
63 15
40 6
46 30
22 51
96 86
65 29
10 38
80 8
63 20
87 17
39 31
26 72
4 90
20 32
79 80
59 14
52 59
25 3
21 38
20 21
52 85
95 18
1 99
94 45
37 24
83 44
55 52
31 42
71 4
87 20
7 58
76 39
77 97
40 42
44 70
66 92
56 67
50 90
54 18
63 30
52 7
99 39
54 28
16 40
77 62
67 22
7 25
24 58
99 30
26 37
15 55
68 87
24 42
32 61
87 41
53 9
18 87
32 91
72 55
48 98
87 29
77 74
65 53
85 7
17 99
34 56
44 2
94 25
23 15
18 48
29 85
42 55
91 75
53 22
56 92
41 47
6 69
2 76
2 24
86 28
9 98
11 0
89 1
41 65
44 54
81 10
71 49
8 99
64 22
23 95
86 51
17 77
86 84
7 97
56 35
42 19
74 28
83 72
37 96
63 5
44 68
80 4
85 89
33 1
77 56
39 40
74 21
80 92
88 89
38 86
41 46
12 29
73 60
2 71
78 29
87 58
64 51
29 56
47 28
71 21
21 8
88 16
58 48
11 99
1 42
30 29
48 2
49 65
51 99
48 46
73 20
45 33
37 51
81 82
36 15
67 4
86 26
19 61
12 47
40 26
24 68
58 26
53 30
94 36
1 38
82 48
62 74
46 82
33 59
26 68
14 68
63 92
15 48
78 14
45 64
18 68
66 20
54 42
40 99
85 50
40 49
97 60
5 10
3 59
86 94
33 28
53 1
97 88
34 58
25 31
6 93
92 70
15 8
40 53
42 17
98 36
7 21
64 11
42 34
0 45
84 10
47 79
77 44
11 73
47 14
36 85
4 43
81 23
65 43
36 12
51 9
0 78
76 18
78 67
28 58
56 90
67 12
27 14
82 95
40 44
27 75
30 12
31 15
55 99
23 69
59 68
73 5
56 12
61 81
44 10
47 80
36 9
57 65
60 14
35 73
14 73
89 97
8 51
78 34
33 70
68 65
77 35
31 86
56 72
89 68
35 5
85 68
13 88
63 99
51 49
83 7
70 37
92 68
60 3
13 89
36 72
49 30
16 31
61 85
62 92
7 66
14 36
7 16
90 57
57 77
38 88
25 18
72 45
45 3
14 90
68 61
66 14
93 52
10 69
33 48
19 28
17 6
87 45
89 24
90 97
65 93
57 91
44 0
12 20
49 21
26 11
37 69
99 15
48 52
30 7
84 93
51 52
95 37
96 61
44 34
41 45
57 88
63 17
86 5
94 21
0 9
27 74
74 32
81 78
93 18
27 26
7 96
7 94
22 95
47 10
40 75
23 26
1 50
11 98
7 18
62 64
13 70
86 80
9 66
79 51
85 51
55 60
69 38
74 82
86 91
32 19
98 76
27 79
3 20
91 61
67 95
23 97
44 27
38 77
56 74
35 39
81 49
57 46
11 97
37 65
94 82
94 41
92 99
31 19
70 7
74 46
58 4
13 94
40 63
80 9
43 45
9 20
83 11
26 24
49 97
91 27
77 49
17 38
21 11
53 13
54 65
89 29
52 43
58 13
39 1
35 41
15 7
17 59
43 49
42 39
94 40
0 81
41 64
78 75
58 74
65 78
23 1
16 19
