100
717 73 539 981 53 142 205 635 705 853 372 479 864 606 99 517 937 229 241 14 591 167 927 877 510 482 299 788 43 844 462 343 954 119 897 982 195 617 315 680 811 741 560 801 887 898 119 429 180 199 971 974 566 328 366 329 983 668 655 896 404 775 265 399 176 357 225 522 8 576 717 93 401 158 232 860 723 709 845 490 764 765 56 363 930 772 453 430 850 805 822 178 235 212 794 70 744 36 860 427 
20
996 867 679 731 931 723 522 241 547 902 520 56 574 825 344 924 501 571 565 923 
1000
42 33
83 14
43 50
72 92
50 28
99 12
60 25
25 39
5 21
4 11
25 54
83 37
65 52
68 46
37 57
26 57
68 89
20 33
32 75
86 2
17 11
56 37
12 61
42 69
82 68
40 73
99 84
84 56
44 95
77 14
55 47
15 68
36 12
82 0
2 32
51 46
89 76
97 62
12 14
16 40
82 17
47 73
19 94
29 99
91 23
77 39
31 47
21 72
79 64
19 18
29 51
3 26
67 64
28 47
69 7
31 8
88 22
67 47
18 31
71 73
12 83
82 10
97 48
97 11
32 12
12 42
57 40
90 36
8 87
81 11
44 2
13 5
63 64
43 46
21 12
53 27
94 38
60 32
39 0
63 73
38 24
88 39
64 41
99 39
72 49
0 36
82 33
45 93
87 49
27 31
33 96
61 64
65 66
4 92
13 34
97 50
30 60
7 26
37 22
37 59
94 20
15 37
67 39
89 18
91 86
1 19
11 33
33 67
99 9
52 5
84 13
51 62
36 72
82 48
16 80
16 58
40 99
27 3
87 13
19 84
14 5
31 13
99 15
95 41
66 53
56 25
76 77
41 19
61 85
75 13
28 55
12 28
17 43
96 24
43 68
0 57
82 97
86 64
55 35
36 61
1 71
77 21
95 5
30 0
78 50
26 29
48 33
90 54
34 8
85 49
61 33
37 49
82 94
16 86
63 0
2 88
9 5
67 5
51 59
20 49
85 24
36 34
56 10
59 16
65 85
79 17
7 18
53 47
88 17
78 77
39 57
26 18
79 53
90 50
20 37
74 53
57 87
89 42
37 4
63 44
73 16
94 7
93 72
64 35
15 7
49 13
52 33
18 85
34 73
88 74
78 0
79 29
97 16
53 70
14 13
19 85
35 0
23 41
35 76
30 87
30 96
34 69
92 52
32 30
19 44
2 6
69 23
10 21
46 38
57 84
15 43
82 87
1 14
88 7
78 40
81 86
76 55
97 10
11 3
16 51
21 99
79 82
35 14
6 64
32 18
2 26
25 68
70 19
77 49
10 43
78 39
70 48
13 98
12 2
3 79
42 83
57 29
96 35
55 50
80 69
32 94
13 93
9 33
45 4
96 61
3 73
53 94
42 59
97 64
10 88
42 92
63 45
27 69
97 29
33 54
1 98
36 78
88 44
56 43
39 81
24 97
57 10
63 58
54 94
81 20
78 66
73 48
44 79
56 22
16 72
80 25
29 66
25 81
53 78
19 25
3 84
84 78
77 89
40 82
46 77
23 47
25 55
10 29
94 25
93 17
9 28
85 51
10 8
69 37
16 37
30 10
45 83
65 10
97 2
97 9
50 25
93 69
56 98
74 14
87 66
51 9
98 61
12 60
99 82
23 67
21 32
66 47
28 27
83 65
55 59
87 32
88 71
43 48
31 29
36 91
56 38
52 66
91 43
56 34
88 57
49 52
27 5
78 57
60 27
20 41
35 20
86 50
70 73
74 27
87 23
87 43
1 10
93 35
0 86
11 0
92 33
58 67
80 21
77 74
28 40
62 49
16 57
73 68
35 9
86 17
92 59
91 79
80 33
44 15
70 66
99 79
23 15
32 26
82 14
52 21
97 52
33 26
56 58
31 50
2 20
58 41
5 78
33 18
98 86
76 30
28 78
38 9
0 96
78 27
6 37
92 10
70 24
54 0
81 68
81 41
44 56
4 52
12 79
1 27
48 20
68 27
4 83
30 49
20 97
22 47
94 15
37 53
73 29
89 45
12 67
22 6
99 47
22 79
6 94
78 62
74 41
99 72
35 30
79 90
79 33
82 84
2 30
21 31
42 19
73 69
60 47
90 58
79 97
58 17
74 60
65 90
24 52
93 36
63 59
23 28
4 12
37 10
68 31
38 97
20 28
72 32
54 67
6 76
9 44
19 38
65 12
51 38
1 24
21 62
55 58
52 9
24 34
19 65
72 27
59 9
75 99
91 71
4 48
84 98
9 96
99 16
22 30
70 71
85 82
67 27
44 4
34 70
87 15
68 28
58 1
54 96
14 19
68 37
72 13
36 48
38 27
24 76
46 82
82 42
12 59
37 32
38 69
47 32
81 19
55 91
52 95
49 51
25 62
81 40
65 32
22 98
33 3
11 48
92 35
16 9
14 34
43 78
0 73
19 16
30 1
30 23
64 95
69 12
82 24
62 30
94 75
10 54
83 94
90 63
69 39
80 5
59 43
77 3
45 81
14 46
0 40
6 14
58 53
96 79
66 21
75 7
83 23
13 22
82 54
88 72
83 33
81 83
10 46
25 22
53 31
39 43
21 93
19 27
46 92
74 12
82 63
72 9
46 81
45 25
87 16
83 34
24 64
73 33
94 98
84 46
13 79
80 12
18 74
35 26
82 35
77 19
69 79
53 39
40 8
37 55
75 29
55 2
74 68
95 74
55 65
95 25
36 52
49 33
33 8
9 56
20 34
99 97
92 24
2 15
28 44
90 98
13 96
34 4
97 6
25 16
56 61
85 80
18 59
82 75
79 4
62 24
72 48
34 1
51 23
17 48
78 96
48 18
87 25
12 81
47 52
17 27
50 21
15 81
58 35
24 94
21 23
26 95
82 69
32 25
53 97
53 8
65 3
1 7
95 14
9 42
14 57
99 31
21 30
50 33
80 81
39 85
91 59
22 19
15 3
8 55
99 44
78 95
54 22
72 23
99 85
47 59
82 49
12 49
45 37
91 93
86 6
37 73
46 69
48 60
55 49
64 7
17 96
4 95
71 76
62 52
3 16
0 48
99 81
80 82
80 60
90 38
26 43
39 19
37 41
52 71
26 84
71 7
95 31
14 67
97 28
92 77
7 93
88 63
74 49
62 81
26 59
39 92
80 19
15 54
11 92
63 37
90 10
0 91
85 27
44 76
89 90
55 51
59 33
13 45
52 83
98 2
35 2
60 29
57 95
84 9
6 73
84 23
47 75
3 36
60 40
1 0
50 49
3 39
50 38
72 26
17 92
68 95
10 9
48 3
31 37
57 46
1 16
84 47
46 64
56 6
34 63
48 74
20 40
91 67
10 86
91 15
57 27
74 55
17 91
37 34
7 36
69 62
71 24
64 2
27 9
90 17
95 63
42 43
41 92
59 75
39 70
8 51
11 87
53 61
48 28
66 62
18 28
96 47
54 32
73 97
89 21
53 82
42 52
51 44
45 5
2 89
57 8
10 85
85 20
49 3
50 59
55 44
70 63
53 11
55 19
62 27
92 38
8 84
74 19
2 9
28 66
68 5
53 51
50 71
74 59
17 2
45 1
80 6
23 26
70 95
49 8
18 72
44 10
56 85
23 50
41 47
47 44
89 4
50 64
18 58
68 51
53 77
17 35
47 76
62 68
73 80
69 43
89 54
33 4
36 98
99 30
84 27
80 42
72 58
64 85
86 30
38 83
72 25
2 11
77 18
62 43
56 78
68 36
79 61
99 67
36 73
95 16
95 79
46 13
41 5
17 46
73 65
41 17
27 87
86 88
12 76
10 91
9 19
18 96
35 42
88 64
42 99
48 87
77 50
36 51
95 67
12 66
62 95
63 76
93 67
66 77
55 61
22 96
9 85
16 56
38 75
37 44
22 85
8 23
66 74
43 75
10 69
33 21
78 74
65 91
71 12
19 91
24 50
45 28
42 54
96 55
89 30
17 15
60 1
34 53
94 36
55 68
17 3
12 25
75 65
12 51
39 28
54 65
51 32
54 12
22 78
65 95
4 40
94 52
95 73
11 14
65 31
25 14
9 17
88 25
60 51
76 48
96 34
96 99
84 91
17 49
69 28
9 6
51 83
97 34
87 98
10 19
66 97
98 97
55 95
65 38
16 14
67 43
50 84
72 43
39 98
17 60
86 26
13 55
1 79
93 71
60 82
10 64
72 64
75 23
77 43
11 34
85 76
38 26
61 26
33 16
13 91
83 16
45 51
15 33
41 9
29 67
28 8
86 37
80 83
4 75
42 13
21 8
44 16
92 9
29 47
23 0
66 19
89 50
83 79
65 89
44 92
92 75
88 16
61 57
97 5
61 40
69 1
64 77
4 2
8 71
2 85
15 83
38 54
27 95
48 37
7 65
82 4
65 33
35 28
34 5
11 86
82 12
6 29
48 78
47 4
85 77
33 70
58 42
0 88
61 91
62 42
25 98
44 38
84 96
66 48
21 0
99 7
89 78
65 42
35 91
83 53
33 89
2 25
71 58
21 29
65 17
42 32
79 16
35 10
89 80
23 63
95 11
76 83
93 37
57 20
18 71
72 79
76 54
8 42
20 54
98 30
51 70
61 31
69 4
80 27
54 95
25 63
90 60
29 32
31 78
41 53
84 75
28 11
81 67
38 58
19 33
1 92
31 3
67 32
36 83
76 38
96 58
55 60
49 23
65 4
89 32
46 42
85 91
0 47
41 28
37 95
65 99
53 63
39 52
15 76
57 56
54 26
92 61
45 35
27 52
14 7
54 77
58 80
74 94
