100
969 751 743 804 131 704 742 177 959 807 494 590 228 737 855 541 563 259 105 348 495 512 834 781 909 79 711 850 338 929 411 985 259 392 715 845 657 32 773 406 583 93 971 644 610 943 641 380 675 132 467 509 591 455 352 892 263 317 548 809 955 270 883 746 770 340 770 751 789 267 645 859 34 89 511 800 898 162 393 733 763 532 691 135 179 245 600 902 846 13 725 706 62 870 491 937 274 401 897 866 
20
186 3 164 780 368 654 583 999 948 377 392 22 521 912 630 501 718 423 167 575 
1000
20 82
75 53
14 62
54 40
31 89
97 87
21 6
76 60
69 70
33 37
92 94
37 94
43 95
14 97
33 49
45 81
74 43
63 17
58 4
50 74
45 1
34 43
13 27
75 69
69 12
99 43
89 59
91 86
14 13
66 13
51 74
41 95
36 65
80 7
4 53
16 93
33 2
56 87
17 4
37 20
79 63
40 27
75 22
89 21
14 19
31 34
93 2
19 41
28 33
11 94
60 96
23 37
2 23
38 63
47 37
0 54
4 75
64 31
3 24
68 32
6 74
88 75
72 0
76 15
86 87
5 40
73 71
10 33
83 35
19 91
13 69
38 13
57 62
63 34
34 33
8 72
18 23
77 12
38 64
10 75
0 10
49 72
40 17
52 90
67 6
26 39
73 99
26 37
22 71
49 34
4 79
4 47
21 76
96 19
18 30
23 7
77 71
89 23
3 99
1 92
21 83
29 94
94 39
3 57
28 11
66 26
83 88
54 86
9 70
35 32
54 69
87 73
7 91
80 68
5 73
46 13
97 2
8 32
29 78
97 66
29 86
92 88
46 51
94 34
60 33
54 56
85 56
7 25
44 40
36 66
99 54
80 42
2 9
75 95
63 21
31 94
11 51
58 45
24 40
14 41
60 72
9 35
45 49
85 73
64 23
26 0
89 48
23 6
50 60
73 0
53 33
75 24
58 48
29 6
90 18
27 34
58 38
67 77
22 16
16 8
25 44
48 43
67 65
55 33
78 86
42 19
24 58
17 13
75 12
82 43
88 95
34 9
78 2
81 64
4 59
80 44
17 18
11 52
76 29
22 99
18 6
65 1
39 20
85 32
16 9
37 90
83 0
53 16
21 4
66 60
47 53
2 84
65 86
10 61
99 24
0 28
61 63
19 9
82 70
84 74
90 43
62 68
59 21
63 66
46 11
61 96
94 55
53 70
31 74
81 43
33 32
4 15
66 0
85 39
92 72
20 41
81 29
49 6
20 57
96 72
67 34
15 47
13 98
97 35
61 85
24 67
35 43
38 7
34 59
35 49
58 84
54 7
88 93
55 6
67 63
54 93
71 63
20 18
64 73
32 6
76 13
35 47
85 68
41 64
61 5
28 36
17 39
11 2
97 69
85 81
2 76
69 66
83 74
70 77
88 59
71 12
7 43
96 54
12 91
10 95
44 26
89 75
44 63
99 63
36 27
29 14
7 16
49 68
15 2
98 67
71 57
50 33
11 92
84 42
98 26
6 51
27 75
27 16
6 12
17 97
50 9
26 14
14 96
91 57
24 31
75 25
45 87
74 72
89 57
11 35
79 60
71 4
34 12
15 21
36 24
96 37
41 57
11 98
80 78
22 33
23 72
53 34
2 37
10 2
85 78
83 75
6 15
15 66
21 17
45 98
10 7
7 4
15 23
48 66
59 2
58 3
26 1
47 22
20 25
5 81
68 83
19 85
5 60
51 70
99 26
45 67
58 82
81 34
20 92
87 6
19 43
34 2
71 76
75 86
57 59
59 76
66 55
3 39
57 14
23 86
94 62
95 96
63 65
42 10
52 87
27 68
2 70
65 42
37 76
9 76
41 52
28 8
82 33
25 46
77 34
65 5
58 22
12 21
6 42
16 13
84 26
62 63
38 62
58 9
17 70
37 80
18 45
1 21
49 48
65 75
92 38
78 40
8 75
31 80
17 46
32 95
13 28
37 64
56 83
35 87
61 72
63 90
87 4
45 27
66 59
13 20
3 71
27 92
30 44
95 5
36 0
16 28
28 91
28 19
7 26
61 95
61 82
70 25
95 47
24 37
33 81
60 54
89 87
51 31
50 16
65 41
45 34
44 28
39 90
28 35
69 3
72 29
14 78
33 64
79 56
34 1
27 22
68 51
70 10
30 70
25 77
67 17
64 71
53 93
33 83
70 99
99 75
22 9
99 55
78 39
57 56
94 30
65 57
94 68
58 73
29 73
32 73
75 70
96 84
69 2
44 16
93 48
67 58
42 93
14 25
74 27
77 20
48 98
65 84
86 15
86 47
43 60
93 72
69 51
89 68
91 36
37 84
73 20
70 19
82 21
34 48
50 26
60 44
36 6
7 97
51 38
5 49
66 45
96 45
16 30
38 61
76 70
25 48
34 91
1 81
1 49
62 64
38 31
84 78
2 7
78 83
15 46
20 27
61 41
27 93
5 7
9 67
83 5
4 18
69 64
14 23
16 80
67 39
33 65
96 31
57 31
83 12
90 92
7 83
32 86
34 68
38 14
37 22
8 31
6 88
14 68
14 56
29 70
49 0
55 88
29 92
33 30
1 4
20 85
61 81
36 73
19 26
77 81
38 17
39 74
60 95
8 20
88 23
95 0
55 57
46 65
32 94
99 59
82 89
77 68
79 21
78 59
31 88
48 67
33 56
19 77
42 99
68 40
62 37
22 92
15 13
99 50
26 64
44 5
84 48
79 12
60 25
92 86
21 84
62 87
98 38
6 35
2 67
91 92
85 11
93 79
17 43
92 56
3 37
14 71
22 21
83 97
87 34
45 85
27 30
76 36
7 60
69 98
16 17
30 38
63 76
52 82
81 42
97 16
75 49
66 31
1 16
88 12
89 8
77 14
26 79
57 13
26 58
32 46
47 56
83 13
46 75
65 97
91 90
84 85
21 86
88 89
40 60
84 91
1 28
6 10
26 86
14 12
79 67
1 5
86 52
96 4
65 8
37 69
26 21
98 25
34 7
79 38
80 27
47 51
32 88
39 69
81 96
60 0
35 37
19 32
90 13
90 79
86 0
45 76
74 38
16 23
50 12
28 25
62 72
10 40
54 12
79 5
30 91
18 15
32 1
70 74
47 96
87 54
10 19
87 51
64 74
89 40
26 36
25 94
35 85
50 98
2 73
94 93
41 2
82 87
90 96
53 71
81 17
29 20
80 53
97 98
84 36
25 50
44 59
69 95
3 84
82 85
22 28
55 46
32 71
89 64
27 67
4 32
49 42
14 30
78 35
49 53
4 88
45 15
23 32
90 4
15 75
8 50
19 53
38 53
31 12
21 7
31 22
74 62
43 92
29 33
27 29
14 83
12 51
42 77
63 26
97 72
89 84
40 81
14 31
61 74
71 45
72 38
68 81
44 27
29 61
31 97
82 2
68 73
35 62
15 71
7 90
95 80
17 75
35 5
67 80
63 97
45 72
0 71
74 57
91 77
76 62
92 9
86 49
15 65
86 4
65 26
38 73
18 7
34 92
98 87
85 90
50 96
7 6
3 17
11 13
92 73
31 50
32 17
55 38
14 43
98 58
91 47
44 35
19 68
32 47
49 88
76 75
48 46
49 91
52 26
37 5
51 45
94 89
23 57
72 67
82 74
47 83
53 39
19 21
31 41
73 23
85 94
8 68
37 70
19 90
1 71
14 65
44 43
20 56
16 67
52 20
71 29
42 21
57 28
49 4
68 75
82 56
58 51
26 45
49 32
49 55
0 40
46 44
18 50
19 50
83 82
59 65
15 63
72 4
62 50
61 35
70 24
31 58
68 23
79 45
24 32
4 27
53 48
92 8
78 23
60 74
41 72
32 37
82 76
75 32
22 18
57 61
33 99
59 82
94 42
88 56
83 66
71 40
83 76
84 87
82 28
95 15
45 63
36 94
71 99
38 39
99 9
18 64
29 13
66 74
40 98
80 88
3 43
83 3
39 81
37 17
10 97
61 2
29 49
22 8
99 89
49 64
24 9
72 7
55 18
15 60
14 15
54 95
72 82
47 76
97 32
46 84
63 41
27 81
79 9
83 55
28 66
47 48
68 42
72 69
58 66
77 52
16 66
60 38
76 34
75 35
0 78
16 84
50 20
35 16
47 26
26 53
24 80
36 20
77 16
67 32
39 41
85 75
24 69
20 88
39 71
65 70
4 25
20 4
89 34
6 90
9 98
16 32
8 44
3 42
48 13
73 6
63 94
57 51
17 91
41 76
39 28
30 32
50 47
78 11
13 26
93 75
73 27
47 13
40 12
87 92
77 74
82 32
20 67
47 0
56 45
45 23
17 93
74 19
31 47
6 96
13 10
29 53
87 64
34 21
26 49
23 65
8 35
68 25
22 98
88 34
39 32
55 52
64 88
79 39
59 96
91 66
73 40
48 51
23 49
73 93
99 32
67 83
24 46
78 77
4 45
36 52
65 85
77 83
33 5
2 38
25 67
69 4
45 43
99 0
78 38
89 85
76 92
36 64
30 23
13 35
31 18
26 60
83 27
6 72
51 94
5 91
78 50
94 10
21 90
86 94
49 98
37 46
25 17
43 77
35 71
65 93
27 69
43 38
17 11
99 62
60 78
14 35
33 48
35 69
82 35
3 79
13 21
67 66
52 44
62 52
68 1
81 56
17 56
45 54
4 52
10 87
19 18
29 15
23 21
6 43
52 61
31 21
40 88
87 57
68 21
96 22
38 8
52 74
1 48
80 10
32 58
17 82
66 56
52 71
27 14
76 56
10 84
