100
329 264 707 439 629 248 805 141 519 9 830 539 29 544 290 480 307 941 569 202 590 67 356 705 935 739 506 647 82 529 775 32 59 471 756 221 913 168 174 845 796 827 388 50 662 187 452 878 78 966 84 138 979 926 224 647 278 736 249 201 877 963 47 435 894 333 504 812 135 143 657 956 8 147 365 889 148 564 748 230 5 433 950 881 336 595 118 503 338 102 905 719 899 336 145 706 755 616 893 84 
20
986 672 658 908 906 354 749 801 61 957 85 227 533 662 895 232 1 18 430 582 
1000
96 67
8 9
99 92
12 78
1 80
94 54
28 66
53 2
99 66
98 63
93 29
61 40
11 58
60 8
22 84
2 34
47 91
20 36
99 49
9 51
87 37
87 2
70 29
77 99
52 18
99 27
88 7
27 9
97 9
27 62
24 55
23 32
83 67
80 27
33 52
19 99
73 35
92 88
50 79
90 74
54 69
19 39
0 44
61 79
74 66
59 74
5 89
56 22
90 30
45 44
34 99
32 93
35 62
93 42
40 79
88 49
2 55
57 80
1 62
53 21
98 56
79 74
1 29
38 33
58 95
51 11
71 40
93 76
9 47
30 79
61 50
13 34
44 98
45 72
57 89
72 80
24 21
14 35
55 32
94 68
24 91
48 25
47 56
50 92
65 13
4 51
9 54
23 73
54 51
40 62
0 7
51 22
53 81
57 45
17 8
60 96
2 82
83 91
77 67
47 49
50 46
31 71
93 4
24 84
73 70
9 80
55 52
14 84
10 89
58 1
54 30
7 22
75 40
48 12
41 66
13 28
69 36
97 61
57 38
22 73
43 14
99 24
22 40
58 37
81 43
53 29
39 49
72 81
26 68
34 37
76 43
35 0
87 23
7 35
15 76
26 74
46 69
99 22
46 65
70 56
79 57
77 91
38 79
89 41
33 74
35 55
62 66
70 89
83 1
36 92
5 30
56 2
26 25
46 27
88 44
8 93
40 20
28 37
53 7
86 72
9 81
57 76
1 95
78 39
51 50
45 79
54 39
16 15
73 71
57 40
9 26
48 32
76 56
65 1
45 10
12 36
59 57
21 63
34 49
80 14
49 36
20 10
52 87
17 66
38 46
7 62
18 60
18 88
78 45
57 96
38 6
12 94
39 12
74 44
88 26
26 49
61 67
29 52
2 89
33 76
68 33
78 53
43 13
7 75
64 36
52 19
43 22
68 81
76 46
72 21
8 77
53 46
40 8
14 18
35 77
4 61
74 50
92 95
57 82
24 3
56 73
2 9
22 88
24 23
35 59
8 97
93 64
71 35
93 16
18 54
2 17
77 48
74 73
33 81
66 77
40 82
87 1
65 77
13 16
82 55
9 13
86 66
67 45
43 79
33 97
18 98
43 88
32 88
55 58
73 87
97 90
15 35
21 67
53 30
38 66
73 43
8 56
2 15
92 3
4 82
76 96
0 87
68 73
31 96
31 63
57 64
30 9
16 66
84 58
13 71
86 39
25 69
88 1
27 23
53 48
18 50
80 66
77 12
26 53
1 27
46 6
91 36
99 76
14 23
25 49
14 69
80 96
27 40
10 68
6 67
20 82
23 21
52 3
98 94
12 41
73 61
68 11
73 19
3 29
83 89
83 17
53 83
54 76
23 59
47 2
98 9
40 92
2 65
93 68
76 95
36 24
36 25
49 17
59 72
41 72
36 40
98 96
81 52
49 92
55 74
49 97
56 16
1 38
64 13
81 14
78 65
88 38
14 72
67 86
52 51
5 63
0 77
29 87
73 45
8 33
21 13
13 79
96 24
94 84
46 2
38 85
1 59
48 40
85 34
95 5
34 57
25 45
96 14
91 57
4 78
6 91
97 16
8 11
39 90
81 66
4 11
25 6
86 40
77 78
77 45
13 40
91 31
26 60
42 19
49 53
3 25
48 71
82 77
66 30
74 54
61 18
42 96
2 61
75 8
11 82
16 80
49 61
71 37
23 72
18 80
17 14
60 42
14 47
51 59
42 22
2 64
74 46
72 83
21 18
31 70
82 94
54 21
52 47
21 9
91 45
75 0
50 64
97 82
68 74
38 53
72 92
0 80
17 81
83 82
69 6
70 50
14 4
33 50
1 77
81 98
94 83
7 51
7 73
92 0
22 69
79 18
84 90
73 5
15 81
31 69
4 63
69 33
30 20
39 44
8 21
35 50
86 78
25 20
32 38
46 13
39 89
9 20
29 75
28 41
53 13
16 25
37 53
87 85
2 95
58 47
65 72
81 30
60 98
91 0
72 69
23 7
65 86
6 24
43 96
9 48
74 12
44 66
62 16
12 20
44 93
63 33
15 48
96 82
32 14
30 13
31 83
19 87
2 40
33 20
64 48
9 55
41 73
45 14
38 31
41 21
92 76
92 61
51 43
71 9
50 9
63 65
8 41
4 44
97 86
56 75
86 54
75 96
46 36
67 55
74 38
69 60
8 6
61 82
56 77
88 77
37 84
11 94
47 33
85 79
32 61
53 12
23 20
19 57
83 26
53 97
65 28
35 96
64 95
53 40
99 29
34 83
64 98
10 49
46 72
76 21
77 53
29 81
16 33
80 48
24 68
13 49
71 70
63 75
59 78
33 75
78 48
33 2
72 9
70 62
21 61
56 79
88 9
17 89
49 40
36 4
36 56
80 94
47 36
5 2
59 21
69 43
84 29
19 54
11 6
19 0
16 63
16 29
54 35
36 32
62 44
85 1
61 34
77 54
46 25
42 49
69 83
89 12
47 37
99 62
57 16
32 89
35 43
50 42
26 65
0 8
26 8
99 74
68 18
44 69
68 48
77 69
3 60
43 99
34 5
20 62
64 7
19 48
56 83
14 63
39 13
5 58
30 59
13 84
23 97
96 70
62 56
40 94
91 13
4 75
97 50
13 7
47 83
3 37
97 79
93 37
76 20
99 40
14 46
74 75
95 55
14 67
7 5
21 79
15 17
75 10
18 13
7 58
71 0
50 39
95 94
60 65
89 80
77 39
21 87
67 39
32 58
18 82
84 86
19 66
84 40
9 64
90 15
86 61
67 66
59 3
46 73
39 28
63 42
79 93
89 88
34 0
74 84
68 52
59 24
61 48
90 29
97 25
38 41
63 8
94 3
25 27
58 2
1 91
57 30
48 69
74 24
45 13
13 24
24 34
95 11
78 94
46 7
97 2
8 15
28 71
95 56
94 53
57 75
84 71
76 16
0 61
25 51
78 32
37 56
96 99
2 43
96 34
26 42
73 8
77 92
21 48
82 74
45 68
31 1
82 28
46 0
48 63
99 47
0 51
95 25
87 49
11 7
78 56
43 89
74 80
58 64
54 80
48 59
24 83
22 76
75 97
59 70
30 18
79 95
56 4
68 67
52 94
56 97
15 9
14 25
1 49
34 52
17 77
51 68
34 33
66 47
46 99
17 96
78 64
88 93
80 60
62 11
28 14
96 97
49 63
46 20
12 27
93 1
24 38
66 58
77 6
1 40
7 1
77 50
8 72
79 55
18 24
47 35
11 65
75 28
58 53
1 22
92 6
16 92
51 82
92 34
74 4
82 79
53 52
58 79
3 9
10 13
6 83
3 56
38 39
55 16
24 14
12 75
33 99
53 19
71 33
26 19
28 68
92 55
6 20
31 87
5 72
70 69
13 5
35 49
26 86
91 53
41 55
40 15
46 63
39 36
36 33
76 31
32 6
21 51
19 3
63 70
35 22
61 81
39 20
54 55
29 2
38 65
90 4
88 90
44 90
23 40
66 10
20 7
30 76
51 83
91 44
60 95
47 92
17 37
69 55
58 67
64 22
97 34
45 15
53 74
93 60
76 39
0 73
25 92
36 63
43 87
88 67
82 39
51 17
12 13
41 19
75 18
84 44
51 72
46 98
86 80
66 75
37 80
63 93
81 24
32 83
63 19
53 99
68 38
89 86
27 84
98 45
74 14
24 90
74 48
43 72
38 78
30 19
91 94
62 10
23 10
73 44
54 27
86 35
82 75
37 27
78 73
47 84
54 48
70 36
82 53
36 1
87 44
95 20
2 78
12 11
89 79
67 71
79 81
8 19
44 8
81 91
41 47
20 29
9 53
33 19
30 22
64 71
70 57
95 74
83 79
35 25
3 13
82 30
71 98
68 14
88 68
43 41
17 84
71 92
57 72
71 93
89 0
87 61
39 10
32 71
65 89
15 54
94 51
50 14
2 72
53 36
42 59
70 95
90 5
50 84
27 85
85 43
31 98
59 22
6 49
84 52
93 20
97 87
31 47
51 96
26 27
33 65
70 10
14 92
89 3
82 26
0 3
32 72
6 88
19 85
77 79
80 62
60 79
48 7
67 36
50 90
4 73
25 18
38 72
52 88
44 64
89 9
98 32
66 79
89 94
54 12
42 6
36 62
26 56
34 14
28 88
9 68
68 65
81 23
68 83
69 30
21 12
4 94
44 14
17 43
17 33
28 89
56 96
63 45
88 91
0 27
8 61
64 69
70 77
58 14
9 36
83 25
82 98
67 63
21 29
5 26
33 98
46 21
98 23
52 6
80 82
38 54
42 75
83 40
23 28
12 1
23 80
26 89
39 51
80 36
85 56
70 39
50 43
93 10
60 83
62 58
7 15
42 48
93 73
85 81
54 1
93 0
95 71
96 62
59 77
54 53
78 84
79 62
41 71
13 27
53 47
35 91
79 63
31 77
42 71
59 37
64 74
18 93
55 98
28 78
35 41
37 48
69 15
89 51
2 73
7 55
27 22
55 38
