100
800 76 940 237 450 482 678 861 736 767 172 983 496 968 623 471 176 836 883 434 505 318 620 977 788 916 231 174 276 808 61 849 510 113 816 656 870 173 615 354 597 836 871 616 904 876 382 48 571 961 893 236 793 894 247 597 422 839 123 970 504 896 34 892 609 910 37 775 323 880 948 874 443 606 890 629 754 128 285 471 247 539 439 713 352 114 46 388 320 571 464 279 943 557 850 444 914 951 685 785 
20
966 521 378 244 341 994 722 741 416 976 827 382 113 798 739 375 52 546 323 906 
1000
11 23
4 92
76 35
27 71
76 79
10 63
26 22
53 34
86 45
74 17
57 65
32 39
19 65
42 3
16 76
63 75
14 75
4 87
89 44
4 20
58 50
34 63
4 15
14 67
62 32
28 68
8 43
9 58
47 9
77 46
22 95
4 7
38 87
28 40
7 0
36 97
61 81
54 53
9 5
76 15
7 86
43 37
10 62
49 98
77 49
12 90
25 58
32 54
89 42
33 71
43 45
49 69
35 69
78 50
6 10
26 0
56 82
87 92
48 35
1 2
9 18
4 44
83 41
5 97
5 31
23 22
64 84
63 58
37 81
55 25
76 11
10 83
41 90
24 57
76 25
57 42
15 32
42 64
7 65
31 53
81 7
71 7
32 77
72 28
2 38
45 39
89 63
23 15
55 42
33 6
80 90
45 91
80 72
14 21
47 78
13 99
95 43
30 6
93 83
74 16
55 32
89 15
23 60
12 86
94 80
64 68
55 41
80 18
18 49
72 9
39 59
19 67
12 2
87 31
98 82
88 69
64 3
56 64
4 25
77 93
85 64
38 0
43 28
72 86
91 13
22 15
79 67
83 50
71 98
82 16
84 8
43 53
86 59
97 73
58 20
97 49
90 6
31 88
45 29
11 78
24 75
19 84
5 82
19 6
85 98
86 63
77 2
18 47
95 90
24 98
43 90
97 14
59 31
59 47
41 89
41 42
15 14
49 42
14 1
38 86
76 91
13 61
17 41
20 1
28 10
23 73
68 80
49 71
67 15
31 81
99 9
29 44
76 80
81 51
32 12
10 54
98 4
91 46
68 5
97 28
97 56
34 4
81 89
46 89
72 45
38 74
7 82
38 50
55 46
28 87
76 69
86 64
16 46
74 22
36 12
18 29
78 29
36 87
62 28
53 70
23 6
17 25
36 93
98 73
38 53
72 50
45 46
1 54
14 63
99 25
30 95
43 24
99 57
40 44
20 49
76 78
88 75
29 99
67 9
50 60
15 93
1 9
18 50
11 10
99 21
99 55
66 52
24 65
86 34
14 6
34 10
80 6
4 42
47 15
29 20
33 85
52 18
61 86
13 19
12 5
91 7
80 31
49 56
9 76
38 69
94 82
84 87
26 72
58 87
39 17
29 57
42 32
63 92
16 4
43 20
34 71
13 21
27 2
66 55
10 30
58 17
59 87
57 40
1 79
74 91
65 81
12 91
66 77
62 84
4 91
90 79
83 97
78 80
87 76
48 34
62 27
76 28
76 4
71 21
52 3
62 90
1 34
19 92
42 34
30 46
25 80
18 96
57 79
35 71
62 60
18 69
89 45
60 47
64 27
81 71
31 64
90 49
12 26
19 27
6 17
92 58
97 66
76 32
49 94
27 91
69 66
1 89
34 35
94 70
45 37
22 83
90 30
47 36
27 96
61 93
94 61
14 84
65 64
75 79
78 37
12 95
29 0
20 90
36 96
16 28
58 74
26 24
26 2
99 75
18 82
78 46
25 32
13 32
21 54
95 25
75 25
56 28
45 0
1 71
97 27
77 74
41 99
63 21
20 81
28 92
5 93
14 37
12 47
44 37
51 61
63 98
57 93
60 68
64 98
15 49
48 65
57 13
22 70
67 50
30 57
58 96
33 66
87 32
61 60
70 24
83 8
29 60
83 62
46 47
34 65
43 31
79 26
10 45
80 33
14 95
9 16
69 31
97 3
10 50
91 40
37 56
0 67
66 61
33 46
76 58
74 82
71 73
84 45
85 32
3 18
97 68
27 79
72 25
15 98
86 71
44 93
55 14
45 58
60 90
81 90
59 98
40 85
14 59
49 9
86 49
28 70
30 13
50 92
38 49
97 26
68 45
89 78
0 56
1 65
22 4
25 1
93 49
28 9
77 58
9 92
41 8
8 31
71 16
81 66
96 6
23 49
59 22
68 94
28 14
89 25
74 21
48 45
46 71
53 65
32 8
24 14
30 32
69 84
36 79
43 79
45 53
99 93
28 12
63 81
53 71
91 18
62 2
56 62
5 80
71 51
80 42
29 86
0 33
76 29
12 44
86 47
97 76
30 3
80 87
92 77
47 6
14 35
52 13
18 61
98 99
37 39
64 90
17 77
39 85
72 83
15 12
27 42
97 1
8 20
13 54
85 56
18 15
36 90
27 94
22 20
52 42
3 72
58 54
17 63
89 80
97 24
65 54
93 1
3 61
52 11
95 20
50 26
51 56
76 65
64 25
90 24
16 38
95 87
9 3
98 1
35 1
55 7
78 33
37 7
74 4
41 7
99 34
91 23
19 11
71 90
4 99
72 6
53 5
60 93
2 10
16 40
65 68
86 55
44 64
1 66
72 74
37 58
16 11
8 91
5 70
98 57
10 47
96 3
3 77
0 79
9 11
13 1
57 0
82 6
39 18
24 53
79 25
8 3
31 68
76 34
19 99
95 2
70 75
16 86
32 4
98 84
63 94
89 53
42 72
2 5
35 30
39 99
50 84
47 55
55 43
58 62
19 0
88 67
37 6
4 59
6 49
80 40
39 91
5 11
11 27
26 29
52 88
52 20
98 48
30 88
14 99
64 22
18 12
24 25
87 33
9 95
80 48
0 61
30 38
87 67
52 22
14 36
27 18
16 65
48 1
48 60
54 48
16 31
32 59
53 22
81 0
69 78
76 94
48 99
66 53
93 30
18 2
14 65
34 36
16 8
49 87
54 33
73 32
18 43
70 89
8 69
48 8
99 87
33 31
24 59
69 48
0 92
4 78
8 82
38 5
82 71
98 89
99 6
41 25
16 97
93 75
30 9
90 35
32 66
47 89
16 96
93 68
51 14
69 94
8 56
75 32
2 90
12 52
79 4
54 62
47 20
81 73
77 73
60 42
46 95
55 67
18 44
59 94
54 0
27 44
22 56
67 97
75 3
69 54
88 18
95 13
27 49
23 0
26 47
83 30
88 49
39 12
26 86
56 5
97 21
92 36
36 11
63 55
8 60
6 32
48 71
53 29
4 57
68 76
8 93
86 3
95 91
68 22
17 15
39 92
38 13
42 87
46 84
80 97
54 24
93 65
6 26
94 35
53 63
12 29
3 15
73 70
68 74
22 50
56 76
40 35
12 20
3 94
14 29
83 90
91 34
41 30
94 60
18 33
91 75
48 27
0 82
81 43
40 55
60 58
24 39
16 99
55 96
15 10
98 29
77 83
36 41
80 24
33 91
75 37
67 7
25 34
72 70
30 33
82 70
17 67
46 74
61 49
95 37
11 49
85 50
56 9
63 97
21 82
17 49
91 87
90 84
87 41
57 96
91 65
23 70
68 51
58 36
14 2
80 21
42 76
42 37
19 32
94 51
32 83
87 72
73 13
43 94
78 72
30 85
31 93
33 65
19 26
88 97
17 20
58 83
33 12
4 77
83 85
48 86
11 91
51 90
6 46
49 59
27 72
8 18
80 92
26 54
49 41
27 92
44 47
36 8
34 57
36 71
62 7
64 72
75 65
27 25
44 31
10 69
95 68
57 23
17 71
95 5
53 40
23 9
9 34
22 8
54 7
38 8
97 89
7 64
49 82
29 93
82 76
2 30
49 43
2 0
60 14
80 82
13 7
3 24
75 38
10 59
42 38
36 18
43 64
40 96
68 50
74 56
51 23
74 97
4 48
43 33
88 35
30 11
16 43
48 38
40 3
99 72
47 30
28 91
21 12
51 87
4 13
41 31
50 6
88 65
32 52
73 35
33 90
19 36
73 15
20 98
44 90
58 1
67 51
31 55
34 32
46 96
86 70
23 82
9 86
7 26
55 33
68 59
79 29
67 22
75 83
39 58
14 12
10 96
64 49
41 58
15 39
85 68
72 16
74 51
37 2
75 71
2 55
62 16
30 89
66 31
4 94
38 55
53 41
22 16
70 39
92 84
19 57
30 84
30 26
3 48
25 12
29 33
7 51
59 99
33 26
54 92
45 21
40 98
82 52
49 30
87 90
14 3
20 15
25 98
56 60
81 33
72 95
29 37
76 88
31 49
95 89
75 95
67 36
96 29
95 16
29 19
43 4
38 71
8 23
53 86
79 82
13 6
57 25
18 77
74 47
90 26
6 29
86 80
37 23
19 50
25 87
50 97
41 13
27 36
78 10
53 84
6 70
96 62
95 51
81 30
71 89
78 30
36 72
9 82
20 65
28 55
60 64
74 57
50 79
51 5
73 47
84 63
8 78
3 0
99 83
14 54
56 18
69 45
32 58
39 4
12 23
10 31
18 23
37 22
95 80
52 23
54 16
17 12
11 89
94 36
97 75
81 21
37 34
62 67
61 48
35 47
93 89
30 51
29 83
89 56
92 68
99 68
53 37
13 17
15 29
62 69
62 12
7 68
30 29
62 19
88 9
32 36
69 16
94 78
69 26
14 40
90 86
98 3
38 90
84 5
14 69
79 93
31 83
95 29
23 68
24 60
47 58
58 30
37 17
45 56
39 42
98 37
20 73
39 33
22 42
87 64
