100
84 409 232 630 409 130 772 480 146 73 69 680 958 124 377 449 430 955 422 542 665 407 268 322 968 606 293 16 762 110 945 383 797 943 799 713 948 979 155 959 893 579 372 442 956 723 573 87 279 346 278 642 390 430 454 330 870 487 859 740 918 508 41 66 181 614 221 939 937 551 317 165 425 591 476 669 311 987 101 504 218 848 138 786 960 655 578 48 920 70 618 712 176 873 559 481 56 896 318 364 
20
240 676 996 124 32 717 894 911 335 80 783 777 965 954 374 398 116 575 529 162 
1000
81 91
77 34
99 11
46 97
7 51
11 39
14 15
78 21
61 12
73 87
74 52
21 22
80 6
20 82
53 85
33 63
28 72
85 94
3 59
22 45
52 98
96 34
26 52
85 57
68 11
82 83
15 61
11 48
38 94
8 47
97 42
92 68
29 73
21 68
89 80
73 52
53 96
40 86
34 9
67 71
98 64
42 89
44 13
58 16
70 49
99 28
80 65
83 31
10 52
95 5
56 43
46 73
95 77
1 13
19 38
96 38
93 2
63 4
19 12
76 70
66 18
15 26
32 74
80 57
99 30
73 5
5 16
11 78
65 51
40 23
60 32
38 28
28 15
83 26
45 90
44 88
3 72
33 86
90 39
47 55
13 46
70 85
44 39
14 8
34 30
6 95
96 69
42 91
72 22
7 24
80 25
82 62
16 7
64 16
8 28
83 42
28 70
18 68
78 25
42 0
83 41
67 3
99 72
87 71
16 84
50 9
8 85
39 37
18 63
86 55
70 13
10 75
72 38
32 67
3 19
3 94
90 5
12 10
91 3
81 94
79 87
20 10
49 86
47 97
24 11
91 73
19 67
35 83
6 52
86 66
84 56
52 61
53 64
38 49
37 42
66 89
31 69
57 36
42 12
73 82
83 53
0 56
19 22
82 33
62 19
90 52
75 27
9 61
69 71
85 51
29 61
22 92
5 32
90 51
48 51
26 18
79 52
74 33
55 21
72 89
80 48
46 14
77 66
77 99
79 13
32 78
82 60
91 49
50 18
42 16
57 4
51 34
36 6
58 92
7 23
19 4
94 8
32 16
34 85
31 60
77 63
61 49
9 2
45 47
45 58
46 92
17 84
28 32
93 50
18 83
59 86
55 38
81 16
2 86
22 96
58 35
14 20
20 8
86 31
25 64
16 35
99 51
59 16
14 63
15 53
13 82
44 37
35 34
80 94
57 30
74 1
64 62
32 21
58 27
58 15
83 17
43 59
28 7
62 21
42 48
6 12
70 43
91 32
91 21
35 55
79 54
65 83
48 97
8 23
51 69
80 91
79 25
72 34
29 27
92 7
77 37
84 85
56 80
27 28
46 76
30 44
84 41
13 85
97 55
43 52
5 37
29 85
48 62
16 97
22 59
39 40
15 10
61 19
52 55
41 93
82 29
26 87
30 81
54 68
33 32
11 26
98 27
88 50
53 91
13 2
73 24
93 59
66 71
41 87
58 6
11 61
49 41
94 13
13 28
80 86
5 75
90 58
5 63
62 85
98 42
54 58
1 11
14 81
69 77
37 1
29 10
13 87
71 45
84 42
87 6
52 72
5 19
58 32
95 20
26 96
35 10
20 7
62 10
35 38
23 17
80 84
9 81
78 40
63 51
65 10
23 58
23 54
41 8
0 97
33 41
42 90
31 81
42 64
48 40
50 31
18 4
3 69
63 80
48 66
22 56
30 93
25 11
8 89
43 44
50 35
53 75
71 3
78 81
50 30
52 2
20 75
23 15
51 23
29 1
68 75
88 55
74 35
40 58
24 92
1 83
67 29
5 89
75 72
42 41
11 90
90 10
93 39
9 7
78 38
23 59
64 97
71 53
77 39
3 78
19 51
74 97
59 90
49 77
21 53
81 80
59 54
51 74
22 63
7 47
47 43
43 17
63 39
45 14
61 41
0 76
1 15
37 50
34 24
15 16
15 22
38 88
63 68
0 86
66 59
78 0
88 29
55 4
11 28
60 91
79 50
60 1
38 60
72 53
14 23
33 0
87 64
73 38
88 57
55 6
98 46
18 6
23 33
62 79
59 12
19 75
0 40
88 48
54 65
39 15
70 27
58 77
58 43
39 56
67 90
65 61
19 99
95 96
84 78
24 55
94 90
47 88
48 41
45 87
46 55
46 29
26 58
13 40
16 31
98 5
31 51
59 2
51 1
72 29
67 30
35 52
17 14
29 41
54 36
0 39
63 28
95 52
89 16
62 56
28 41
6 27
54 35
41 17
65 2
51 57
68 47
49 4
64 34
35 90
30 95
20 55
65 12
60 24
2 18
9 28
94 77
25 8
45 11
25 75
97 9
11 29
15 90
83 36
60 55
68 14
20 65
30 98
62 5
52 19
6 81
13 26
34 73
14 95
66 57
88 64
45 81
89 13
66 50
69 73
43 0
53 12
72 98
86 67
9 19
29 37
40 49
24 41
95 53
58 18
98 7
3 28
86 61
94 18
26 24
97 69
57 15
64 58
64 83
73 71
36 95
1 36
36 33
27 59
19 25
57 76
88 27
93 29
52 0
72 23
54 48
58 71
36 25
42 94
25 39
45 89
74 71
56 26
94 72
62 59
80 42
57 70
7 4
80 58
18 9
83 24
24 28
74 18
89 22
43 54
35 84
31 20
68 19
82 55
61 70
76 52
86 21
48 18
48 72
47 32
49 7
63 17
69 72
9 69
39 52
88 96
82 15
27 82
99 54
18 25
74 42
1 33
28 58
19 94
39 50
29 24
35 33
17 30
43 22
76 16
18 37
69 7
11 4
86 39
78 59
71 28
52 4
41 59
49 18
63 54
30 65
68 93
22 78
88 77
50 72
7 70
81 2
89 99
38 63
61 54
9 54
51 54
69 0
32 64
6 9
12 76
59 39
56 85
43 32
30 20
14 5
87 18
91 2
52 32
71 20
68 99
49 33
1 56
53 77
88 26
46 57
51 81
12 35
81 76
36 77
0 20
84 39
30 45
46 27
48 87
33 99
42 50
98 20
86 72
98 24
51 45
70 59
61 82
58 29
29 62
6 77
66 56
92 20
15 79
32 55
14 42
39 78
38 93
26 22
53 33
9 56
14 54
53 50
48 32
47 59
27 90
96 27
44 74
57 42
27 33
60 89
14 96
51 32
89 11
72 87
8 74
86 93
33 69
44 90
93 80
55 25
41 43
76 91
31 68
87 54
82 71
50 10
82 66
9 32
57 44
52 5
83 55
7 72
42 45
51 76
97 10
83 43
37 24
75 15
68 16
59 84
11 76
69 2
30 49
83 61
76 8
41 14
62 50
61 20
55 77
89 33
51 52
61 14
29 81
56 41
32 75
75 3
54 60
78 60
5 86
32 41
48 90
8 91
45 78
26 68
43 90
88 35
98 94
64 84
31 59
48 12
32 63
6 1
27 76
53 92
71 48
85 54
82 43
96 68
54 90
78 54
74 38
58 51
50 57
53 7
3 77
47 20
24 74
43 75
23 56
80 98
49 92
2 16
76 83
72 0
21 88
51 11
30 96
39 91
37 56
56 2
16 57
84 19
50 45
54 34
40 42
36 16
55 33
97 90
36 14
96 17
66 47
29 31
81 95
17 1
26 81
75 38
50 3
7 58
21 58
80 85
73 32
22 51
32 66
78 12
10 28
48 20
1 26
93 99
38 25
41 91
62 99
71 76
82 8
34 67
87 50
66 78
63 75
44 34
68 56
92 23
87 60
79 93
75 66
14 0
30 77
23 60
80 28
88 82
74 91
76 78
28 69
75 56
51 93
84 37
29 19
91 24
3 82
55 57
83 30
0 26
33 98
99 69
71 6
44 63
87 1
26 29
85 1
68 30
54 95
25 61
36 59
54 31
20 58
30 37
87 66
29 68
79 96
40 10
8 16
17 55
6 35
55 72
0 98
9 70
10 83
88 67
70 47
64 71
69 76
28 25
6 89
8 67
58 41
96 90
38 43
8 13
86 18
95 10
23 76
59 44
81 72
70 46
17 50
18 39
82 9
99 61
29 70
20 41
19 65
25 63
9 21
25 72
74 16
7 94
34 48
93 12
12 86
62 54
26 36
85 25
50 28
80 54
95 99
37 25
46 80
98 39
40 92
91 95
88 74
84 8
84 5
17 25
78 71
54 22
82 64
51 37
12 27
84 22
24 33
47 1
6 91
80 73
70 98
29 63
49 75
14 38
35 39
42 61
35 8
93 33
80 49
45 18
96 36
74 48
98 13
97 1
65 32
34 8
69 75
30 54
17 53
3 76
49 99
52 46
94 82
59 61
84 88
22 3
93 8
50 73
39 81
70 12
97 15
47 83
56 21
90 57
13 84
51 15
99 44
5 67
79 44
44 8
39 8
1 92
76 47
89 29
97 38
91 27
98 90
48 8
21 7
82 80
27 55
73 21
99 9
98 12
84 38
37 15
78 31
28 34
45 77
21 66
55 73
82 54
20 11
38 20
93 66
70 99
45 21
54 0
42 66
14 82
95 8
26 47
26 85
41 53
56 87
9 25
6 26
63 59
20 96
29 80
12 90
73 84
3 13
57 28
27 13
55 49
17 51
56 33
60 5
48 19
28 26
98 40
13 60
8 29
18 10
15 9
18 60
24 22
54 15
26 14
24 80
79 49
29 48
45 24
19 7
0 94
24 97
24 6
45 23
26 77
73 78
17 26
4 23
18 51
44 52
5 22
23 38
53 39
91 48
23 29
37 12
72 91
74 79
81 36
77 8
74 13
4 44
90 65
23 86
