100
765 555 831 790 319 987 808 378 802 535 117 904 92 624 733 403 110 57 710 887 297 13 313 684 807 577 845 270 304 641 265 883 447 308 404 238 328 336 540 735 477 789 809 286 567 274 127 596 511 886 512 91 263 436 236 745 105 262 419 322 584 811 315 372 138 238 252 775 778 123 973 65 630 694 875 137 343 206 503 687 879 323 889 324 957 457 646 976 1 4 382 346 672 718 53 438 265 567 802 763 
20
86 385 909 763 232 52 913 723 947 696 150 871 999 680 818 443 679 323 849 141 
1000
21 60
2 46
15 82
16 72
88 34
75 76
32 90
3 78
8 83
42 35
61 39
69 0
35 37
16 84
91 49
79 19
61 50
74 85
29 39
1 91
39 57
1 48
15 28
65 71
84 29
25 41
27 61
75 51
73 2
48 81
65 12
83 96
67 22
29 8
25 42
11 78
10 24
50 79
67 4
34 80
70 91
63 61
31 67
23 52
97 49
20 18
81 17
33 90
98 39
25 10
32 63
7 18
46 33
86 70
47 84
91 57
12 26
10 16
97 38
88 40
57 37
88 60
11 6
48 36
67 16
27 73
82 45
63 11
22 70
82 91
54 98
91 38
12 74
83 66
26 58
77 71
93 90
41 58
93 78
85 11
75 38
20 33
37 66
33 21
66 48
93 37
51 95
99 20
24 36
24 77
53 48
81 64
10 49
20 85
3 42
63 72
35 93
25 19
39 55
86 64
91 41
25 14
23 8
85 27
90 54
67 93
35 58
99 40
29 16
88 7
11 32
56 16
14 52
85 40
15 98
35 91
45 53
12 21
51 8
14 93
27 94
96 66
75 49
20 84
67 45
72 19
41 24
70 27
85 83
42 91
47 58
10 5
39 73
76 13
5 72
36 76
41 30
11 73
7 92
83 65
17 48
51 2
95 91
79 28
52 7
45 50
66 50
76 59
3 28
6 64
1 49
16 61
40 23
29 49
97 61
17 71
86 82
69 80
48 88
96 26
1 81
76 18
67 27
25 47
31 90
99 81
34 97
90 59
45 89
51 84
10 91
42 52
57 90
83 47
2 84
14 21
79 46
2 68
80 40
13 60
10 67
92 63
39 59
97 56
93 13
23 10
32 13
54 48
14 69
17 1
4 49
43 22
62 11
27 84
30 90
5 95
90 88
44 0
23 56
33 72
37 19
7 93
56 67
90 41
63 42
93 62
79 52
99 63
65 90
74 14
24 11
16 12
32 10
24 60
99 6
14 46
4 89
23 60
62 33
93 80
26 29
67 69
92 95
59 42
12 25
31 38
82 46
69 29
49 80
37 16
16 46
38 76
85 80
60 65
89 26
78 82
39 90
4 82
29 95
96 91
36 97
72 80
99 73
92 58
6 47
94 35
78 64
24 88
29 9
92 91
48 46
4 38
68 28
64 5
19 56
69 13
53 73
35 43
84 30
45 91
30 16
63 31
52 99
81 7
51 41
60 7
55 94
72 36
4 1
10 20
55 13
12 10
54 63
94 47
94 2
62 3
95 52
51 80
55 57
26 35
80 94
70 38
95 58
71 89
10 75
78 71
20 44
83 51
16 77
59 41
19 76
38 8
25 90
65 52
75 11
66 98
53 91
20 60
58 87
99 12
76 73
53 67
77 2
49 51
93 20
90 67
13 19
96 4
11 83
97 14
3 54
39 79
89 36
24 33
57 18
37 86
50 88
60 58
70 45
12 75
77 85
42 45
18 78
31 69
28 63
63 40
28 65
43 64
24 3
9 66
7 67
71 27
70 33
27 5
21 52
75 61
3 35
95 49
34 77
31 48
33 60
92 47
50 43
93 43
88 4
12 3
37 17
60 6
12 4
17 6
54 82
21 51
77 90
90 13
66 76
16 73
29 15
34 96
66 78
17 82
81 45
5 88
80 1
35 77
23 65
74 63
18 88
37 53
79 63
15 46
81 93
74 40
8 99
61 10
29 10
4 26
17 54
77 60
60 87
67 82
56 24
26 91
89 52
59 40
62 7
62 68
21 25
76 27
10 79
40 54
25 79
86 43
74 29
86 94
38 17
29 80
50 93
81 57
87 84
70 13
38 46
20 78
29 76
85 46
40 62
31 2
31 97
40 47
28 31
0 34
23 19
19 68
14 62
66 22
26 41
73 35
19 93
5 0
34 50
21 98
16 22
87 97
69 51
52 66
65 26
49 73
47 27
26 14
39 21
4 47
37 1
70 21
63 84
26 82
78 96
92 60
91 16
83 38
9 51
58 50
6 93
99 66
20 28
40 4
97 15
71 20
68 8
19 21
22 81
68 78
74 69
27 0
59 88
43 75
13 54
8 32
80 23
22 36
86 83
26 64
93 75
90 94
35 16
10 31
57 10
91 66
54 30
9 62
20 62
64 7
85 86
76 56
43 95
42 83
97 43
77 62
99 77
10 30
26 47
4 97
48 38
23 62
44 8
76 91
50 23
41 13
59 68
36 60
45 44
39 56
84 15
27 56
43 68
13 49
16 11
78 73
60 14
43 26
18 11
71 67
96 58
77 98
20 45
31 44
3 98
48 18
41 47
98 35
56 93
81 36
41 43
87 73
28 29
5 14
15 88
83 58
21 35
24 45
1 78
0 60
61 4
44 21
22 54
68 75
75 69
89 32
80 17
61 9
56 80
49 18
64 63
58 68
66 33
25 67
44 39
83 1
2 62
7 35
74 42
57 24
17 4
74 33
89 80
5 55
27 50
93 18
99 91
67 99
75 54
1 55
33 17
52 75
56 32
92 4
74 61
0 23
36 77
56 11
32 16
61 86
3 21
28 27
33 96
27 88
15 43
39 14
51 62
32 84
44 7
3 59
46 12
32 59
71 76
69 17
30 28
34 41
27 24
60 98
94 43
44 73
23 72
56 36
10 19
95 6
22 17
22 40
75 97
87 76
19 32
44 92
37 0
84 65
79 40
72 96
80 48
53 39
97 24
90 44
26 20
48 29
5 19
93 58
37 76
79 48
47 75
5 45
28 86
64 8
81 44
43 48
9 55
36 2
14 77
58 53
53 9
21 59
0 43
96 0
24 0
17 64
27 9
90 23
65 21
84 85
83 74
75 86
24 68
86 44
60 1
68 51
46 93
36 14
72 86
19 9
71 19
85 5
24 81
47 17
2 79
28 1
25 75
9 69
63 50
82 31
31 74
63 22
14 82
68 61
9 52
3 57
89 15
65 16
19 15
26 97
41 3
16 24
41 44
0 71
30 45
48 15
52 51
47 53
82 12
76 49
10 65
65 73
96 3
92 37
27 78
73 69
33 8
51 78
97 60
52 67
88 99
50 37
61 95
10 68
45 71
15 77
63 23
94 23
48 8
26 38
72 67
63 52
50 5
71 91
88 43
11 8
16 28
63 1
3 92
87 88
77 80
85 1
35 52
81 88
56 88
68 87
36 26
27 54
50 26
27 14
90 76
98 19
28 71
54 69
89 73
27 35
42 32
76 61
37 72
11 77
41 42
12 53
49 43
79 20
18 2
61 59
34 52
54 59
10 21
59 91
58 36
18 59
13 40
7 58
76 70
11 95
95 0
68 29
71 79
77 42
14 24
47 24
31 78
97 90
24 46
9 72
98 34
68 12
46 30
24 99
54 23
39 58
38 55
30 23
28 95
21 38
37 62
60 10
41 20
52 92
29 56
89 29
63 26
18 36
45 78
86 49
92 48
73 96
16 68
94 8
78 13
28 56
52 0
20 57
9 50
40 14
61 31
80 3
14 15
88 33
63 66
45 41
27 55
85 49
76 4
6 46
95 84
96 36
78 37
62 29
0 32
74 48
70 95
95 20
95 30
26 2
93 32
51 66
88 57
44 68
18 44
13 35
16 74
97 99
30 72
66 57
51 82
58 84
32 53
68 63
97 59
17 49
34 22
72 21
54 47
47 98
80 91
58 31
69 3
61 78
74 82
99 62
36 59
67 79
51 27
36 45
2 50
5 89
67 58
96 43
87 28
94 88
54 41
59 71
78 48
12 84
4 94
2 38
90 35
80 19
35 56
34 10
63 2
61 36
11 58
53 70
28 37
23 69
30 81
56 20
17 74
83 49
67 97
72 18
89 76
61 30
97 41
88 95
6 7
90 34
56 85
16 4
84 24
49 23
17 97
26 24
64 98
70 51
20 3
58 20
8 15
33 34
98 57
79 30
87 37
93 3
17 36
94 72
89 43
6 40
20 82
3 76
49 79
17 65
89 56
55 51
81 19
5 82
31 70
73 98
32 29
73 38
93 12
45 22
6 31
32 40
27 23
9 26
33 15
84 55
9 40
64 13
87 32
33 58
60 85
40 58
35 64
64 55
8 1
32 31
28 14
96 74
24 34
26 66
92 75
13 11
39 27
79 29
2 55
69 25
89 85
61 67
66 14
52 83
43 8
9 37
33 77
7 54
50 6
70 37
49 7
38 10
15 0
58 80
63 62
52 45
48 10
57 34
49 44
57 9
86 9
76 62
19 67
41 85
27 44
17 45
5 4
51 98
6 51
37 95
64 90
11 65
62 73
1 9
55 69
73 70
92 57
35 92
45 90
75 36
88 47
2 70
76 78
10 13
50 64
51 31
50 77
12 91
28 47
35 29
23 79
62 45
40 77
52 26
74 34
60 41
42 40
58 97
40 65
80 95
97 40
79 8
61 64
76 6
69 89
36 43
82 22
70 94
65 29
30 52
54 51
39 45
0 97
32 74
73 10
82 60
74 94
86 36
20 89
54 85
78 12
2 40
88 37
61 45
19 16
25 29
