100
629 860 784 189 143 562 354 690 727 190 354 901 783 146 553 598 841 490 214 75 155 767 949 68 956 314 684 146 979 330 34 202 725 482 403 781 145 424 116 160 933 41 248 73 337 155 573 599 692 803 902 423 920 628 557 940 695 429 576 244 828 195 127 225 160 874 405 200 429 879 669 860 711 776 283 886 433 367 573 270 594 923 201 658 287 285 951 599 108 128 958 72 411 703 963 52 33 185 325 778 
20
995 732 624 765 924 688 480 269 730 52 972 310 731 59 793 833 96 277 124 174 
1000
0 70
96 88
84 41
81 2
29 41
30 45
75 72
49 82
9 80
84 82
41 7
14 7
75 38
15 23
53 72
38 77
97 88
71 69
64 3
93 51
76 52
33 60
83 72
63 0
30 62
2 64
80 34
22 64
99 72
18 55
45 11
77 42
19 58
59 40
23 40
74 96
99 20
95 2
25 33
22 79
15 25
48 53
42 75
18 17
94 39
71 84
77 43
68 93
50 31
45 54
87 47
15 53
33 36
21 88
38 46
59 72
16 34
70 31
33 78
66 3
54 62
70 3
70 65
37 95
82 23
28 71
30 59
47 2
24 55
73 29
13 23
0 72
87 49
41 31
94 86
33 14
27 94
9 92
75 82
22 71
22 35
17 21
63 27
84 17
90 45
60 42
95 84
0 24
63 1
70 64
34 43
5 58
99 8
15 10
50 86
50 84
37 3
74 73
43 70
4 52
41 82
74 93
51 66
51 45
82 50
0 92
88 6
62 36
20 7
85 16
78 83
25 22
6 41
60 3
68 65
31 8
26 76
65 81
24 29
48 21
34 9
85 77
84 48
77 4
51 41
77 40
55 13
62 79
40 36
41 38
89 81
77 90
83 92
60 84
92 93
15 31
72 32
47 8
41 16
40 38
35 82
78 53
28 10
43 44
40 87
28 79
8 91
27 89
48 35
18 79
83 80
17 29
69 14
66 23
62 86
84 43
57 76
46 47
88 76
26 31
0 94
22 97
7 67
7 25
82 52
86 40
96 27
71 25
57 64
86 25
29 75
33 91
66 14
35 76
77 51
95 93
20 68
96 1
7 13
86 60
29 82
97 90
82 69
18 19
11 36
15 58
2 16
88 11
17 85
65 86
24 63
25 56
91 48
68 41
47 69
20 75
72 25
54 43
2 84
41 92
31 47
23 20
7 3
62 18
47 91
5 85
92 56
80 19
25 76
8 55
70 55
44 33
16 44
8 34
61 64
27 42
92 57
10 13
15 79
9 13
86 89
55 92
13 26
9 75
42 34
38 4
87 41
43 86
49 39
34 55
3 15
9 39
75 26
70 21
26 3
47 80
43 33
56 85
46 88
59 44
30 10
23 41
12 6
33 2
95 62
7 68
67 36
4 53
76 17
41 57
60 98
42 80
56 42
63 15
49 67
98 59
54 69
99 17
32 93
8 68
8 45
15 49
81 86
45 46
29 6
25 64
61 1
23 94
73 41
30 83
90 16
46 13
16 27
33 90
59 63
14 65
49 83
44 60
69 91
17 9
60 89
38 6
28 55
38 32
68 31
0 79
47 17
67 68
82 2
99 33
73 76
80 89
19 23
79 52
5 45
30 68
5 53
64 32
65 11
43 99
22 40
84 38
35 78
1 90
57 98
54 65
33 84
62 1
70 23
87 9
76 44
36 86
17 66
12 20
73 47
3 57
82 17
42 72
28 99
65 73
72 84
1 41
71 44
81 80
9 55
45 14
97 84
5 84
33 51
52 26
64 89
34 26
31 46
51 3
54 21
91 82
12 41
12 82
46 96
90 27
76 65
17 24
37 60
83 18
19 97
86 31
87 57
68 17
33 30
63 95
23 50
36 64
17 92
72 46
18 60
76 67
67 32
77 34
88 27
15 47
4 5
73 30
96 99
96 16
80 14
62 82
81 55
14 77
36 53
51 84
64 41
75 70
63 22
16 54
41 37
98 7
9 42
90 26
82 73
36 74
48 60
83 17
42 16
22 1
5 50
24 62
17 78
29 37
12 85
6 90
99 40
23 27
89 62
62 31
76 75
28 19
7 15
75 98
0 50
15 77
52 40
90 18
4 27
38 66
89 41
14 8
28 51
91 90
51 99
45 33
29 71
28 46
82 44
68 55
67 73
84 58
95 6
55 75
41 19
89 36
48 20
48 25
42 98
28 62
24 27
18 16
42 21
7 46
64 62
71 81
20 27
61 11
53 25
10 63
75 68
45 91
63 21
13 69
71 58
10 55
80 87
33 82
80 36
26 8
12 18
18 8
30 77
17 90
27 83
44 95
18 6
56 63
74 78
92 78
20 97
38 63
49 44
38 93
92 12
73 21
71 68
86 29
33 98
41 2
36 3
23 74
40 81
0 30
96 55
69 83
57 82
12 31
20 67
37 14
76 19
89 29
82 5
40 98
40 27
34 54
23 95
3 29
22 65
85 78
92 32
76 61
88 15
65 43
6 74
23 22
67 53
57 60
50 59
28 56
86 15
50 18
77 75
40 89
68 92
24 32
96 39
1 94
55 33
29 21
7 18
70 71
54 40
12 11
67 94
59 10
80 91
57 89
20 14
33 49
43 22
77 9
99 41
32 58
70 52
49 32
14 78
47 55
7 11
16 69
79 1
49 8
61 82
52 57
10 50
27 62
73 94
14 36
13 22
9 48
15 11
49 18
35 37
85 71
50 8
62 66
70 19
14 64
0 90
46 33
78 9
37 97
24 78
74 7
37 99
88 61
75 79
78 67
61 87
68 96
91 57
38 28
7 63
75 23
67 48
25 81
66 13
33 40
20 3
1 92
86 35
17 51
58 41
45 92
68 69
79 46
27 98
92 52
60 9
62 13
0 96
35 95
63 66
24 11
54 0
12 87
71 21
34 2
74 5
6 49
61 27
33 92
81 57
64 98
15 72
64 88
90 20
5 68
7 92
55 2
54 83
44 87
20 96
78 75
67 84
52 39
56 90
76 2
87 63
76 99
81 75
87 3
1 21
57 66
7 89
52 97
33 79
38 73
12 96
76 14
47 3
85 60
93 31
39 91
18 43
19 54
87 53
54 39
65 46
54 35
29 22
58 69
74 76
16 74
56 65
84 79
52 34
63 34
36 85
66 83
93 64
64 12
30 23
92 75
11 69
94 78
75 22
96 87
7 35
6 36
50 67
88 0
45 61
78 77
74 43
61 5
22 27
89 13
55 79
35 73
98 25
2 98
52 83
33 62
38 96
33 58
90 40
7 88
62 12
40 85
42 14
19 75
27 75
40 49
90 94
32 53
73 12
3 63
74 2
61 51
14 96
36 0
84 23
20 25
41 67
4 91
95 55
0 62
81 78
26 69
12 89
41 33
2 20
20 16
59 16
95 94
32 28
27 46
81 4
94 6
89 28
6 13
78 63
61 10
48 58
80 98
0 41
28 43
28 45
13 82
88 92
34 27
53 56
91 22
44 41
31 10
68 54
27 99
32 40
30 94
57 79
68 6
90 82
54 41
23 17
76 45
23 79
59 28
54 61
20 41
48 97
96 91
39 34
0 20
36 87
43 95
27 43
78 36
18 64
75 63
37 38
7 83
4 70
53 40
32 48
71 27
89 42
62 61
24 88
55 6
58 9
79 97
56 4
84 30
66 45
22 47
21 3
88 62
73 59
66 80
54 64
39 75
6 47
60 59
66 44
76 8
37 69
10 24
3 48
52 62
39 46
28 20
69 74
75 66
0 77
91 54
20 82
90 46
20 64
63 8
17 33
94 58
69 90
26 30
59 19
19 68
92 6
71 92
1 52
31 21
49 38
58 80
23 57
10 95
64 85
55 27
72 67
12 83
68 13
42 1
3 77
11 84
28 86
37 62
18 32
56 31
58 35
93 12
24 64
16 5
37 50
99 70
93 52
33 71
88 38
57 17
48 68
29 93
62 57
20 54
41 97
11 39
2 31
85 55
9 20
36 50
32 76
55 3
59 41
95 22
94 98
7 93
22 55
73 64
46 32
78 97
77 97
27 1
42 17
67 98
26 94
50 92
47 32
66 24
96 21
45 12
14 35
8 17
21 82
75 52
0 55
42 3
4 18
71 47
37 2
30 76
13 77
55 83
38 78
15 48
1 73
96 98
71 3
94 52
34 78
35 24
90 32
73 2
44 62
51 69
20 94
94 5
48 52
64 7
19 3
16 32
95 12
25 69
3 85
94 14
18 3
97 15
34 99
10 35
32 74
53 0
27 25
88 80
78 68
31 39
82 1
11 67
95 42
73 28
85 75
83 20
22 10
84 68
78 41
85 31
38 27
81 23
34 45
21 77
85 42
8 35
76 18
39 97
65 4
22 74
77 65
74 30
47 81
12 46
1 26
75 73
86 63
51 95
76 77
69 46
8 19
41 86
94 79
83 15
97 80
16 49
3 27
65 95
90 64
62 65
47 95
38 56
59 22
10 43
16 89
76 51
58 51
94 59
56 20
4 86
77 81
70 82
5 19
49 88
77 95
89 91
89 95
59 4
11 35
55 54
61 63
43 78
52 32
55 53
7 37
16 47
20 78
18 89
65 61
68 91
34 17
17 95
71 89
10 33
48 50
58 52
39 12
37 5
38 45
20 40
68 33
63 14
95 59
70 53
66 90
91 10
35 15
85 13
80 38
20 85
7 5
95 31
90 59
78 23
93 10
8 85
62 46
64 78
84 39
54 70
2 13
1 37
23 0
35 21
30 52
32 43
84 7
70 10
31 43
21 98
50 44
54 27
14 75
97 7
7 61
86 78
