100
303 137 125 412 849 783 90 64 36 332 325 248 746 879 636 759 108 409 583 390 546 883 593 343 953 910 120 885 458 381 776 855 223 615 103 922 217 692 729 815 902 434 837 213 748 462 414 552 980 358 792 978 552 828 468 23 644 203 424 551 874 807 380 292 274 771 613 369 190 529 974 144 577 119 989 564 962 191 184 873 975 199 754 37 213 213 750 694 32 802 897 200 269 93 244 427 210 802 596 17 
20
120 532 908 474 840 588 986 134 351 83 671 502 998 598 883 106 814 484 282 249 
1000
31 59
63 21
45 55
45 59
81 36
70 13
33 90
80 41
53 66
36 72
14 24
21 75
39 26
50 85
52 84
65 30
25 15
40 91
41 94
88 44
76 64
89 95
65 23
90 40
47 32
93 23
79 17
36 92
55 37
81 76
59 58
48 44
83 41
6 72
82 18
33 86
93 88
47 62
16 95
80 44
47 69
52 46
16 64
40 20
61 6
11 4
52 40
53 19
98 25
48 9
26 57
50 32
14 54
37 56
89 68
29 78
99 67
66 97
46 40
39 3
96 43
80 99
31 17
89 38
55 5
76 65
25 85
29 6
83 51
58 52
35 5
79 2
56 75
79 49
20 98
81 1
80 67
87 38
79 58
21 28
12 43
33 60
35 89
85 81
78 98
58 93
92 0
6 16
9 87
74 22
28 33
24 85
21 7
26 29
45 82
28 44
9 14
37 95
54 23
8 42
91 70
39 2
66 2
71 72
91 36
7 35
28 48
0 97
41 28
93 43
64 60
78 23
59 70
16 77
41 56
59 91
75 93
64 84
75 96
37 2
39 25
15 93
93 77
96 6
54 11
73 84
86 21
47 42
69 74
85 0
38 37
47 78
2 83
30 85
72 87
86 25
20 97
99 69
45 8
5 26
97 4
92 66
27 30
38 97
12 80
14 30
3 29
37 26
12 25
31 22
68 60
11 93
51 60
77 11
65 94
98 26
10 16
40 43
67 72
80 24
17 7
46 27
17 77
41 79
21 54
70 72
9 16
93 27
15 61
15 45
49 82
39 37
67 63
17 39
39 45
68 10
16 71
85 80
69 7
8 98
21 29
62 73
59 92
69 58
66 13
4 67
94 45
77 31
4 18
19 3
75 23
50 14
23 41
96 65
29 56
16 38
94 6
72 48
73 53
47 96
70 94
76 47
72 29
13 4
95 45
62 61
66 96
14 83
21 15
13 88
87 28
84 75
88 75
9 53
63 14
23 84
79 61
15 96
58 19
25 79
76 43
86 5
21 39
9 3
14 16
78 57
62 8
49 81
11 94
82 9
54 50
11 22
62 52
20 26
76 88
18 71
50 77
4 89
34 51
49 45
31 69
44 94
54 92
51 2
49 54
41 51
22 46
73 46
57 81
95 0
73 52
18 25
30 73
50 63
23 38
18 21
61 56
94 32
94 37
36 18
88 3
58 12
25 55
64 37
61 73
66 67
52 81
24 21
6 66
62 26
23 49
7 18
58 21
87 46
73 2
28 86
75 81
94 26
23 82
6 82
18 12
48 82
92 41
52 17
65 89
66 61
37 24
33 13
77 54
56 22
54 9
75 36
22 0
25 95
24 50
12 17
63 64
88 32
17 85
16 91
69 11
34 20
53 55
41 91
59 61
64 23
18 46
73 27
92 39
4 50
44 0
40 86
78 99
94 84
83 33
48 76
39 22
49 50
34 18
90 94
55 33
2 8
38 98
13 30
84 34
51 98
1 68
22 86
48 79
92 87
67 31
93 38
2 15
63 11
39 72
61 9
20 30
70 79
63 26
62 54
14 45
92 88
96 3
74 25
70 88
67 56
13 84
9 50
88 84
32 56
85 29
2 31
98 71
1 53
4 12
28 49
76 25
53 2
45 2
97 60
70 7
5 77
77 42
17 22
57 50
8 33
91 97
55 0
64 56
6 48
45 83
64 48
98 53
50 78
59 17
92 49
48 42
29 94
40 13
99 64
1 56
78 60
75 19
77 80
65 17
2 67
89 62
66 36
67 98
81 59
31 6
16 60
87 64
23 7
81 17
91 55
63 48
20 95
50 28
13 3
25 70
75 91
88 17
89 12
48 34
9 60
83 56
30 6
72 8
66 27
81 18
49 24
81 99
31 65
69 43
90 72
76 87
62 2
69 72
85 45
40 61
88 25
63 10
9 39
62 20
21 49
85 94
2 57
57 24
0 2
74 8
54 84
59 38
25 28
78 64
52 61
22 50
67 87
93 99
45 62
56 90
65 27
64 74
36 59
46 16
57 97
78 89
14 32
3 24
19 46
82 66
47 20
32 95
76 62
34 45
68 94
82 19
65 5
39 32
16 50
75 85
16 96
18 72
21 79
55 52
15 56
97 69
98 22
43 52
41 67
59 44
54 17
68 19
18 68
20 81
99 25
34 87
56 95
54 15
3 84
53 37
57 16
37 34
43 29
14 99
64 77
70 49
90 91
55 10
52 41
72 50
60 92
5 1
32 11
31 0
46 76
17 95
26 80
55 54
0 77
98 97
83 47
2 10
91 86
73 23
27 36
46 11
41 39
23 69
16 47
54 70
6 46
75 97
83 72
88 18
80 2
44 96
7 86
85 33
97 59
8 22
62 48
99 46
85 59
79 87
33 77
20 54
12 11
17 16
40 17
62 90
85 63
22 20
18 43
91 38
43 97
14 92
73 89
52 96
85 6
55 82
95 52
74 63
81 88
2 60
14 87
49 71
90 48
48 70
71 84
50 99
40 12
13 53
20 60
37 15
75 72
78 31
32 65
42 22
6 69
88 33
14 44
44 45
1 39
70 90
80 29
74 19
82 91
47 34
68 85
34 76
98 68
58 94
49 31
32 82
16 44
61 89
6 77
33 37
24 74
2 14
30 74
67 81
52 80
31 33
5 85
80 98
42 36
24 12
28 34
11 9
74 10
45 30
6 35
88 35
23 44
59 33
62 6
99 42
98 18
60 69
54 22
31 73
52 14
32 69
89 90
45 27
46 7
26 40
66 22
50 81
24 32
91 39
67 43
11 23
79 69
35 95
71 93
51 54
48 78
34 70
51 39
93 8
69 37
35 76
3 42
95 65
71 24
27 29
41 46
28 35
95 64
32 87
96 11
56 93
6 7
38 27
35 99
96 32
80 51
97 95
14 12
66 71
10 57
35 48
80 22
38 74
78 45
25 50
42 29
13 47
4 22
96 78
79 19
5 63
71 70
83 78
19 71
51 10
58 34
91 45
60 28
52 27
87 65
77 38
14 94
39 48
90 9
71 29
2 4
94 4
82 75
15 24
84 36
12 8
4 39
95 79
15 27
17 25
52 65
73 7
72 14
35 66
36 82
44 95
77 25
87 63
97 67
2 46
13 55
18 10
64 75
3 85
51 68
79 92
37 44
1 32
56 98
46 75
95 88
15 86
99 26
60 30
66 4
39 5
17 64
27 58
23 85
90 28
22 29
7 98
5 82
49 4
33 44
74 46
21 62
75 68
62 59
3 4
2 87
76 6
43 20
98 92
3 57
74 62
74 84
90 75
74 87
10 28
29 2
1 17
43 38
17 73
26 84
47 79
70 18
75 92
4 8
12 1
38 33
21 87
41 63
10 25
64 96
53 21
34 71
58 4
5 67
45 96
22 27
78 82
96 37
3 59
54 71
51 81
3 89
73 71
28 13
68 53
12 75
28 51
46 98
55 32
21 3
56 85
1 26
23 12
74 12
20 84
14 80
38 5
5 32
37 12
56 31
83 66
48 94
32 16
20 82
13 46
26 42
57 20
4 54
71 94
40 10
35 75
92 84
6 1
22 48
51 12
20 51
58 25
47 3
13 73
3 27
93 63
45 70
89 40
0 72
82 64
76 82
58 3
31 26
89 75
37 7
90 96
71 37
3 32
55 68
79 72
54 68
93 84
52 83
11 60
56 21
46 90
8 6
62 40
22 89
17 82
45 69
66 7
2 22
99 98
15 4
86 36
43 5
86 37
3 86
48 27
43 85
28 83
46 4
92 63
19 94
79 33
51 78
36 22
85 57
91 89
44 67
25 54
87 39
14 26
18 64
92 44
80 58
44 17
48 40
70 67
3 61
7 81
27 34
67 30
64 86
67 47
84 51
37 10
75 7
84 18
46 10
69 62
53 52
9 13
31 40
65 64
8 24
89 9
10 52
95 9
96 22
86 65
95 2
32 60
8 51
8 44
76 23
28 81
28 64
38 35
29 7
72 89
17 28
73 35
83 30
61 57
42 51
11 5
74 48
4 30
18 85
42 72
61 44
83 36
90 82
25 41
71 21
97 45
3 26
1 72
35 64
76 30
61 1
77 72
77 2
33 5
74 79
58 33
84 17
25 49
10 77
16 62
72 38
77 14
31 41
86 4
53 58
52 91
80 65
24 34
50 86
39 97
93 18
31 37
99 47
5 66
86 88
67 12
97 24
17 32
97 3
94 83
98 72
25 14
24 96
81 29
76 22
87 41
24 6
15 11
71 31
35 22
26 65
23 66
97 56
12 10
45 31
62 49
41 2
10 72
32 42
95 78
46 39
24 2
10 66
15 90
48 88
6 21
85 11
60 13
39 64
94 54
61 84
43 16
56 71
67 3
24 64
3 77
47 1
48 95
17 69
57 80
10 27
2 48
5 29
68 66
15 89
69 88
48 38
99 10
90 93
46 26
66 3
2 58
27 68
47 0
4 79
67 9
35 55
43 99
68 25
87 44
41 96
86 38
95 1
35 41
86 79
80 42
91 18
74 53
19 29
