100
319 359 963 215 981 642 134 355 843 17 40 335 802 323 607 794 50 984 231 212 8 219 607 582 713 956 131 481 747 898 204 826 885 52 920 558 830 298 693 425 537 849 951 223 875 285 195 211 765 565 7 301 187 434 227 86 681 244 908 162 859 987 669 135 685 724 65 936 483 639 354 617 149 445 663 198 614 725 480 932 872 487 966 675 221 924 792 637 251 764 39 363 439 812 104 450 954 104 214 268 
20
70 850 367 997 974 467 19 152 498 442 341 182 233 580 741 86 802 535 648 920 
1000
66 11
9 12
88 94
8 85
43 82
90 30
88 91
4 58
80 13
13 37
60 71
52 96
74 59
91 44
62 26
50 28
10 83
89 79
66 9
42 81
38 34
38 15
87 24
12 28
64 16
39 85
29 50
99 73
75 53
51 42
77 37
2 83
34 65
14 63
47 65
13 62
48 83
10 29
30 1
76 43
77 70
17 86
64 75
99 90
83 57
83 87
47 52
84 53
91 28
25 14
49 86
27 87
44 98
10 86
6 22
41 12
84 85
65 97
80 15
94 37
15 86
42 92
60 35
1 49
48 6
4 13
78 60
84 71
42 88
94 86
93 56
55 37
97 98
84 21
14 94
41 34
50 73
80 99
44 84
38 68
22 39
83 38
69 18
5 24
13 53
62 29
41 24
98 38
75 72
50 64
91 33
31 14
99 40
28 34
52 78
55 73
39 79
89 74
76 80
5 59
22 3
62 85
82 74
91 63
0 76
16 45
30 6
99 38
35 58
26 17
31 2
99 25
4 40
79 48
9 83
50 81
13 36
51 27
78 57
35 56
98 49
44 4
45 85
44 69
15 34
72 10
5 14
25 66
45 37
20 38
39 59
67 25
79 36
85 56
54 52
1 7
24 10
54 56
90 52
78 18
70 58
97 0
5 27
71 76
65 48
96 60
74 78
85 68
18 9
85 1
82 10
69 1
6 26
99 82
26 81
1 20
3 76
75 16
69 76
26 78
58 23
38 96
84 66
10 92
88 58
93 32
0 21
83 76
98 50
37 82
34 24
20 5
62 49
0 91
70 42
97 52
77 33
30 26
58 64
21 16
56 0
58 57
40 76
98 33
86 11
43 6
74 32
43 74
99 86
58 5
20 87
79 98
18 56
30 0
77 84
2 54
84 34
31 79
26 93
51 41
55 83
64 41
6 42
52 9
33 86
39 9
3 9
21 99
76 55
87 56
18 35
32 83
15 78
46 4
33 37
63 46
84 65
73 89
8 99
19 81
8 12
72 71
44 23
45 12
12 65
4 22
14 23
98 21
44 67
14 77
59 9
89 53
6 69
20 28
66 94
52 85
50 11
6 0
60 65
46 71
94 93
38 35
79 59
19 60
41 4
84 79
6 55
26 55
56 12
82 76
56 51
78 82
33 93
20 31
88 97
72 25
34 86
86 75
5 2
5 55
69 22
84 28
56 92
34 99
49 44
73 68
61 46
51 10
6 36
13 94
33 43
14 59
81 39
37 15
84 38
92 37
8 79
65 18
40 60
72 66
9 7
72 96
91 57
20 92
36 94
93 16
73 62
20 82
11 42
84 70
5 49
31 68
41 59
3 80
55 19
22 50
87 90
61 13
69 92
15 81
6 83
94 82
15 91
30 75
69 98
70 81
32 38
60 50
23 17
99 88
89 72
15 63
89 16
21 77
43 51
30 69
10 20
66 48
9 98
82 25
61 53
36 22
67 68
48 54
26 65
98 17
2 86
58 37
36 76
64 49
13 77
71 11
25 62
76 31
31 58
2 49
99 56
81 86
37 34
13 32
37 30
63 66
36 70
64 57
75 44
10 31
68 75
58 65
57 63
66 15
71 88
71 25
3 28
34 95
35 22
46 5
43 24
51 57
71 91
84 86
49 3
19 65
30 82
53 21
26 15
44 87
60 73
96 73
91 22
39 32
10 35
48 44
92 19
20 50
83 96
33 36
45 53
48 56
15 2
58 59
95 79
5 51
17 0
20 19
29 5
93 79
59 26
99 14
88 27
54 26
7 65
7 27
16 33
61 65
94 30
4 73
27 4
52 49
23 19
83 52
11 4
73 15
87 49
71 23
64 68
89 57
49 70
42 9
41 75
42 75
50 85
31 46
77 83
87 17
68 16
82 44
22 49
29 20
42 72
56 89
57 77
73 25
30 92
44 94
96 51
45 80
80 41
91 94
68 45
13 90
36 45
15 94
9 84
44 0
43 18
61 19
58 14
74 81
74 69
67 80
14 8
43 73
80 89
53 37
84 93
77 60
77 81
30 80
76 51
48 29
29 24
71 80
61 70
78 44
64 86
37 97
7 71
66 89
23 24
90 94
39 38
16 9
51 74
28 14
26 20
0 50
92 70
75 23
47 17
83 68
81 33
70 98
94 39
29 57
87 74
54 20
75 74
8 64
94 98
56 7
70 5
40 7
1 2
27 98
66 32
98 23
20 14
74 91
41 52
47 26
39 78
56 98
31 63
26 88
9 17
0 62
13 97
57 18
32 41
49 82
89 13
14 87
5 12
84 42
47 76
72 40
36 41
53 58
1 93
50 53
10 38
8 41
19 3
4 90
55 51
43 4
82 27
42 23
77 54
65 82
59 44
2 82
36 56
75 65
39 4
9 28
79 86
14 16
89 93
88 87
93 48
6 64
9 88
19 94
25 79
81 34
51 72
61 47
68 0
0 48
16 86
34 6
2 6
1 37
68 87
2 87
78 87
86 59
76 16
68 3
70 45
58 87
73 90
55 80
22 87
64 40
15 10
62 9
21 19
10 78
58 99
94 76
83 43
73 41
77 72
94 64
48 80
56 59
88 59
27 45
58 63
35 73
68 65
38 3
1 68
5 26
80 17
72 1
13 56
3 43
44 33
87 1
85 46
55 12
21 85
17 71
11 69
85 96
83 95
37 63
67 10
96 41
61 62
96 49
9 56
5 87
67 13
47 25
58 46
10 8
89 21
42 52
7 34
84 0
48 22
65 38
45 65
61 64
53 88
25 10
56 65
48 98
6 63
42 47
84 69
90 3
69 75
15 20
14 6
79 82
50 32
25 39
48 81
48 23
80 61
91 35
9 79
0 4
48 14
54 80
78 2
59 98
36 83
16 67
76 60
9 92
90 15
1 99
69 79
38 59
27 42
66 98
32 19
14 91
29 60
95 27
57 55
7 21
74 55
60 44
64 30
16 23
36 78
9 15
67 53
8 5
84 15
76 19
4 64
40 71
11 84
41 0
34 77
66 21
63 50
44 42
56 75
14 4
34 48
85 74
6 47
59 17
42 85
41 56
66 7
72 44
34 3
98 0
83 75
6 81
15 14
12 20
64 18
80 60
51 39
49 23
11 3
34 44
73 10
93 88
98 81
37 66
7 92
35 48
18 20
95 1
5 21
66 57
11 95
67 3
35 29
4 1
62 5
17 91
79 65
82 83
80 28
0 64
25 85
42 32
18 7
21 29
71 18
54 41
86 57
18 45
23 80
23 28
28 52
67 83
57 52
91 48
62 48
58 90
9 93
27 58
34 12
1 5
57 41
86 40
52 87
99 57
2 8
61 22
44 6
44 40
30 13
77 42
65 32
20 42
76 22
82 32
46 41
99 32
98 32
24 62
59 53
77 96
93 12
0 10
34 29
20 27
99 62
55 58
31 91
51 83
24 22
71 96
82 55
34 47
35 67
44 36
34 52
18 94
16 18
73 21
87 26
82 56
32 2
63 72
63 86
36 81
34 58
22 65
77 68
50 26
87 54
52 64
95 78
37 29
23 73
19 24
12 92
40 90
36 60
59 67
65 39
67 75
99 5
91 67
34 87
62 27
37 80
35 81
86 54
9 13
4 99
1 74
8 26
51 50
33 35
12 79
53 32
49 80
12 84
80 8
70 53
54 44
23 11
10 26
90 17
98 1
67 11
72 7
17 70
55 27
66 52
71 20
69 10
84 5
31 33
39 93
14 93
8 32
81 0
19 96
57 19
47 31
68 27
31 56
42 37
52 20
72 70
7 32
50 49
24 9
28 1
77 46
74 34
70 74
93 50
37 36
50 7
4 36
6 33
76 67
75 5
7 17
90 79
59 89
52 32
46 26
26 4
44 71
69 32
80 84
75 43
25 34
3 61
68 29
72 60
5 95
49 81
24 76
5 57
25 86
0 8
98 72
71 92
47 16
52 21
92 98
23 22
94 34
69 24
43 12
74 39
74 33
12 75
21 49
40 43
11 34
84 36
1 45
93 92
75 62
84 92
33 46
43 64
88 24
35 49
39 98
91 4
81 21
89 90
55 7
47 99
4 92
73 97
9 34
44 19
94 70
53 19
96 37
97 54
22 93
12 73
66 93
83 94
30 16
61 75
92 31
4 24
18 0
72 12
98 47
83 45
13 75
96 48
21 60
35 94
95 18
48 64
84 49
67 74
33 12
64 20
79 78
24 79
48 97
12 61
0 36
29 45
26 97
30 81
36 46
63 75
61 8
22 59
90 84
68 81
23 96
57 13
71 65
92 44
49 95
20 83
10 13
69 8
98 51
58 85
71 31
30 33
67 43
62 80
23 29
39 12
29 94
58 93
54 60
83 88
41 16
73 6
62 83
61 26
6 25
58 42
47 8
27 1
68 42
63 5
33 13
1 52
89 54
91 73
71 78
13 19
18 66
46 53
28 26
48 57
89 12
99 37
19 91
70 91
85 37
35 86
94 3
96 18
7 90
9 22
47 94
47 18
50 71
65 5
99 51
80 16
4 35
29 6
5 98
