100
595 498 295 559 768 736 532 548 652 864 729 635 259 614 27 796 918 480 94 218 802 621 341 516 990 824 915 891 590 191 185 218 178 512 683 508 800 627 291 481 132 270 237 118 577 5 814 698 253 632 654 509 194 974 675 685 82 770 713 137 36 353 354 200 247 197 373 934 14 120 517 988 530 243 867 827 241 246 68 203 573 424 451 94 605 948 128 13 435 341 540 763 556 973 695 789 131 779 669 580 
20
731 909 545 808 285 208 493 42 992 989 586 680 923 850 712 712 595 580 374 379 
1000
68 49
37 73
42 13
2 87
11 17
37 52
42 20
6 92
66 29
40 21
73 95
49 60
93 46
11 29
65 22
14 59
70 51
89 46
47 24
20 39
70 82
53 11
25 69
99 6
87 33
32 98
1 36
96 37
50 68
4 25
28 90
30 54
18 8
92 80
77 88
92 29
72 90
73 26
61 70
1 73
0 21
80 41
79 60
46 66
15 95
66 17
41 61
23 32
88 83
80 25
91 75
2 44
59 51
42 47
33 30
44 70
40 72
49 85
16 65
83 99
97 29
94 61
49 65
92 69
49 46
9 7
26 59
85 93
55 78
36 90
27 90
99 74
24 57
23 79
66 90
90 7
35 62
21 61
81 68
37 41
96 66
98 76
31 23
57 10
16 11
19 84
75 38
53 68
5 28
94 6
81 0
77 9
35 86
89 42
34 24
54 90
69 4
18 17
91 41
6 70
4 8
97 71
1 34
33 9
83 86
87 31
9 5
60 5
57 45
60 66
44 20
97 87
12 66
53 74
71 18
88 91
17 50
74 15
6 14
91 49
18 50
27 31
73 6
30 26
93 13
35 36
30 98
31 83
60 61
41 33
13 81
95 22
99 4
22 82
3 86
18 13
5 36
47 62
98 72
39 17
6 53
8 81
71 40
77 94
46 23
61 80
13 40
60 58
58 71
45 75
60 56
1 21
15 81
47 2
40 8
55 44
88 87
42 94
13 23
45 81
25 11
0 76
77 81
37 50
3 97
83 70
41 47
62 13
93 49
21 42
95 27
27 16
37 75
44 60
73 58
62 92
71 12
27 73
33 35
22 17
42 22
1 45
97 26
94 24
56 69
30 46
65 17
27 2
37 1
20 17
58 83
34 95
28 53
14 66
79 9
80 97
60 75
14 51
76 54
29 61
95 6
32 82
78 12
67 39
29 52
92 13
2 60
88 20
60 33
72 83
46 72
28 71
79 0
50 11
17 76
76 25
53 39
86 70
3 20
67 37
89 1
0 2
89 79
58 44
45 88
25 23
49 39
18 19
91 13
83 47
24 21
66 31
61 83
14 99
2 31
12 83
44 12
96 77
39 88
69 83
94 53
3 95
94 12
28 23
72 37
68 43
71 13
30 42
7 75
47 40
3 84
83 84
42 28
45 93
13 90
53 0
80 42
11 44
64 27
28 13
22 61
26 22
17 14
56 41
58 40
41 11
7 29
37 80
50 13
4 82
43 45
20 85
93 38
87 95
0 47
14 50
54 24
70 94
10 50
36 49
41 82
34 61
37 57
62 6
81 42
86 85
19 62
3 12
67 14
31 44
35 92
42 82
12 4
90 17
95 65
60 84
36 47
22 32
12 90
93 15
86 33
7 80
88 98
19 17
31 34
59 56
57 52
90 2
46 83
30 21
59 15
41 68
93 53
27 96
81 38
83 11
39 65
15 61
31 94
35 88
94 22
97 64
8 82
37 36
55 77
89 98
2 14
58 50
61 69
36 79
53 5
61 24
48 94
91 68
16 86
71 23
87 80
62 10
23 99
66 9
31 84
95 69
65 94
69 11
3 17
68 36
47 66
4 35
98 28
53 44
98 34
66 7
8 19
44 8
43 21
48 71
44 94
19 72
64 14
25 57
21 64
39 87
2 6
81 10
37 81
6 63
46 82
97 5
62 72
88 99
49 73
49 84
76 58
49 78
64 70
17 53
64 7
22 38
60 80
77 95
93 28
92 71
25 93
38 12
63 60
97 31
10 68
41 72
26 60
20 7
15 90
89 7
79 27
46 19
16 53
67 34
86 23
17 23
46 64
37 24
68 42
32 1
54 50
2 78
48 30
8 45
90 64
69 67
79 8
88 0
29 44
25 60
50 35
54 13
87 84
55 52
56 85
52 67
75 66
24 8
50 33
75 73
15 88
40 48
25 68
58 54
28 78
28 66
6 37
89 63
78 83
7 78
89 76
50 5
78 51
68 9
61 53
74 86
27 30
83 40
8 20
59 52
5 51
0 95
69 41
10 5
67 97
87 77
4 80
93 70
31 26
73 28
54 98
74 69
78 22
32 3
24 3
77 42
35 52
20 53
57 28
94 91
32 92
90 96
64 5
69 75
72 76
97 42
32 4
69 52
61 88
97 61
98 6
58 87
56 5
17 57
99 25
13 12
0 61
30 43
71 80
30 47
48 35
93 81
83 39
40 25
45 58
42 0
57 33
2 39
86 72
55 47
74 71
44 87
51 25
18 55
80 68
63 3
16 14
79 50
90 79
35 39
56 33
12 56
9 26
80 63
81 30
81 44
63 18
89 64
23 38
27 32
6 34
8 71
48 95
49 38
54 8
99 82
35 97
77 68
98 40
41 12
38 10
33 58
84 10
17 59
71 47
45 39
58 78
41 13
31 18
79 69
72 33
29 87
79 28
11 65
49 61
11 6
42 52
31 95
27 9
77 34
36 13
58 91
18 53
54 16
35 54
7 76
14 86
39 61
10 46
69 22
82 65
51 7
31 57
46 88
41 73
36 21
12 65
21 39
27 56
7 13
85 39
90 5
26 56
42 43
5 94
23 92
97 99
38 37
58 15
50 59
83 19
88 96
87 11
27 81
20 72
41 83
43 54
64 66
19 74
92 88
27 13
42 62
32 18
84 66
89 40
9 80
3 77
97 48
69 9
96 16
28 3
75 0
96 64
42 45
49 83
12 47
48 28
13 4
67 15
91 15
83 3
74 43
66 24
14 68
39 96
57 22
65 64
70 60
88 62
91 76
38 87
40 86
42 56
84 5
67 11
47 39
84 82
66 93
43 89
92 1
87 45
99 28
6 83
59 64
25 56
62 68
87 73
81 83
6 68
80 13
41 4
58 28
13 85
98 19
88 16
51 20
35 32
45 89
0 70
46 63
47 81
2 24
17 70
16 9
75 59
88 75
84 28
20 73
96 97
50 34
45 11
71 45
8 12
78 17
13 72
59 68
22 80
92 65
89 10
50 45
52 73
70 21
12 26
56 30
68 18
95 62
78 19
82 75
36 72
12 25
43 72
85 32
17 91
48 55
39 59
41 0
71 98
53 49
84 67
25 84
88 8
67 62
18 96
26 48
74 52
76 86
11 34
11 56
56 65
28 72
96 80
58 77
53 7
2 72
14 9
55 13
76 49
82 2
13 79
15 25
45 85
71 57
88 36
1 79
68 17
30 97
94 68
31 11
45 62
22 66
75 84
42 64
14 19
0 45
39 0
49 14
40 44
19 93
33 42
29 95
20 11
78 70
3 93
63 36
43 62
8 75
31 62
33 81
14 3
34 85
86 92
72 39
96 8
56 79
28 76
66 5
15 37
64 40
53 36
28 46
21 18
73 70
46 3
25 91
0 55
63 45
5 41
63 61
82 6
93 89
47 28
85 17
39 8
76 12
7 83
38 32
57 70
77 25
98 94
66 52
62 34
95 74
74 67
32 64
90 14
43 82
63 44
94 0
59 33
99 48
21 10
93 44
38 15
43 57
98 90
49 95
10 59
66 18
91 33
58 66
68 40
50 9
92 34
32 78
88 53
89 86
80 26
78 42
7 67
34 32
73 82
80 73
38 7
5 45
4 14
1 11
94 84
38 46
30 25
58 80
46 18
60 29
99 51
78 34
13 16
88 86
38 45
62 24
16 18
28 96
15 42
27 36
60 92
98 69
44 36
47 50
91 34
44 10
88 80
32 29
3 27
98 59
96 45
70 40
86 46
41 57
1 53
84 24
97 58
35 60
25 83
81 28
91 60
47 75
18 73
85 42
20 24
51 2
51 57
80 91
85 54
13 64
32 17
62 73
94 34
36 33
33 20
56 35
98 93
7 69
23 30
40 96
78 0
9 1
35 68
50 65
42 26
50 96
40 49
69 49
1 42
99 5
99 8
82 55
13 29
25 32
92 22
59 84
5 77
4 77
74 87
1 27
95 2
17 96
58 32
89 81
14 93
60 99
92 8
44 84
33 85
71 99
62 46
26 78
74 24
32 54
21 60
50 24
23 36
84 26
8 61
56 71
54 72
59 74
13 6
23 47
65 44
29 68
23 16
16 93
8 30
21 86
79 66
71 38
16 7
72 57
68 26
7 92
57 2
53 62
56 51
68 20
49 98
40 55
26 52
31 43
98 20
82 9
62 98
81 86
69 91
95 61
54 5
55 71
73 15
79 43
95 86
64 19
46 85
83 75
53 51
3 22
79 30
11 91
20 40
87 42
60 9
40 81
77 8
0 19
59 5
28 86
50 87
88 63
69 45
15 68
84 53
10 95
10 4
71 81
62 69
30 65
15 2
19 97
77 31
37 65
79 72
55 53
42 98
5 21
53 96
97 75
10 19
62 56
46 69
70 42
24 49
41 36
27 51
26 81
35 7
47 95
17 43
78 4
94 27
21 65
89 5
78 24
43 91
68 88
81 1
66 0
7 97
87 92
18 81
45 44
4 85
10 64
4 42
48 80
74 62
45 91
13 35
54 7
82 90
29 72
85 27
64 31
