100
812 223 660 65 282 914 139 348 984 383 472 612 507 586 421 710 865 479 146 328 556 465 828 327 64 474 326 888 642 46 211 400 951 661 329 332 492 671 732 339 463 649 800 737 84 633 230 889 530 505 558 993 706 305 660 170 621 873 523 404 639 824 480 831 587 321 143 367 574 128 366 228 292 499 182 877 911 715 18 666 4 564 769 587 477 78 978 511 331 159 573 215 42 767 503 943 124 981 569 205 
20
826 110 339 114 814 751 536 24 617 892 553 912 321 861 931 974 999 890 749 853 
1000
30 85
79 19
41 37
6 82
25 38
33 14
47 3
20 78
58 62
0 43
39 23
42 48
9 50
51 98
46 74
54 41
32 75
55 12
61 82
66 15
53 4
70 69
25 19
52 45
46 85
23 50
48 91
85 94
79 89
65 71
55 39
67 27
55 45
23 0
35 70
45 56
89 87
82 29
41 76
22 98
39 7
72 35
73 45
2 12
80 48
60 1
37 61
18 53
96 16
41 24
38 26
41 95
25 75
55 89
11 67
5 9
71 89
54 92
69 47
85 99
15 16
22 53
73 78
30 87
41 9
53 37
77 57
9 12
0 84
99 57
55 58
73 42
63 77
25 76
36 92
97 8
33 50
73 96
3 74
75 87
76 44
99 91
51 61
34 11
33 30
47 15
93 55
91 94
91 69
70 53
73 32
27 93
3 12
83 93
47 79
4 35
80 0
18 65
90 54
82 46
50 84
64 2
75 26
52 75
59 56
44 79
44 69
34 76
57 61
4 99
35 54
59 17
7 86
43 11
42 85
9 25
39 15
70 26
54 3
24 0
98 47
60 10
38 19
24 99
32 17
47 78
48 68
28 72
24 49
43 94
2 73
57 71
15 8
30 53
31 38
97 85
25 92
50 5
70 80
59 14
21 7
28 17
91 70
81 54
38 49
51 67
76 62
27 34
52 91
54 65
65 15
4 38
5 52
99 82
79 31
79 25
40 70
46 22
40 19
3 69
21 54
6 40
43 72
76 60
56 66
46 98
1 58
4 61
70 2
2 56
77 47
6 47
65 39
75 14
24 83
57 28
28 75
55 44
61 21
91 77
72 17
82 52
85 86
35 74
62 3
7 91
72 94
59 28
48 43
87 45
21 12
22 61
39 21
63 90
78 97
93 30
30 32
75 23
67 14
42 49
17 83
50 21
13 25
4 24
83 0
70 94
69 46
12 87
22 89
8 67
88 85
38 14
26 14
37 11
74 48
95 56
95 67
59 16
70 15
41 87
50 36
39 90
14 54
26 31
24 78
24 20
77 78
97 56
43 87
9 98
50 31
60 97
19 57
27 64
69 68
2 15
32 54
46 96
2 37
65 92
44 81
23 27
51 99
89 69
30 45
10 92
63 71
47 51
52 4
27 69
5 88
60 27
80 92
37 95
58 74
70 5
90 3
25 55
77 28
55 96
82 42
28 96
29 61
6 43
33 53
83 21
95 47
73 17
35 76
78 17
29 88
95 34
94 21
16 46
43 28
23 79
50 0
71 60
29 24
62 35
97 99
17 62
51 25
99 45
27 91
16 41
7 68
23 14
97 71
15 56
57 98
70 18
35 24
36 17
53 94
23 26
0 5
74 19
19 92
32 43
69 72
6 73
2 38
58 88
42 0
17 99
4 9
33 96
16 22
31 82
22 17
61 5
88 35
19 13
21 46
19 73
50 22
12 15
98 7
73 20
37 29
46 80
75 1
48 5
33 46
61 26
83 2
38 18
88 66
13 95
66 52
68 39
37 70
66 54
70 30
20 91
57 2
24 50
67 46
58 18
17 51
18 98
38 81
26 64
74 66
32 47
32 3
31 8
3 93
73 10
31 44
19 33
37 26
77 24
33 44
41 82
58 53
75 70
47 85
43 3
29 38
7 56
46 71
78 79
46 79
12 66
70 47
88 19
34 24
6 38
82 94
79 71
77 23
88 12
24 70
22 54
77 45
3 89
51 38
53 1
2 43
14 40
13 89
43 95
86 67
15 24
59 62
5 90
0 78
21 86
48 26
44 21
27 81
20 46
80 77
1 54
1 65
64 92
66 2
47 49
29 55
81 84
22 93
35 93
83 14
49 65
22 9
73 44
39 84
99 84
96 60
94 59
21 48
38 62
20 10
5 32
35 41
47 61
21 9
85 79
78 80
49 31
73 89
61 98
89 92
58 54
83 1
98 83
45 90
4 69
13 30
18 80
70 72
51 72
49 14
70 90
69 77
57 24
75 72
69 30
86 18
40 0
59 74
8 71
47 25
9 17
73 15
39 17
18 72
18 33
5 63
4 70
80 17
16 54
87 85
86 83
71 6
87 51
95 57
59 2
74 12
46 34
83 30
41 98
80 66
81 32
58 65
36 20
1 88
72 58
6 58
40 75
39 28
63 32
70 86
37 30
62 95
17 82
98 39
22 5
5 65
93 6
70 41
36 31
14 81
13 28
49 74
0 88
89 64
89 30
35 63
14 10
71 19
84 9
52 64
32 41
73 66
90 74
74 47
31 20
71 53
28 12
60 61
94 47
55 99
95 14
46 83
28 7
55 92
30 35
16 63
78 39
21 30
20 57
48 96
39 73
11 29
92 79
11 63
27 22
35 20
41 7
17 95
73 57
34 41
71 24
90 49
35 99
77 55
6 84
2 24
54 29
8 55
2 13
79 69
47 39
32 92
72 79
86 25
96 6
5 94
62 46
40 58
86 61
66 16
32 10
77 15
14 25
3 63
45 37
1 43
66 20
32 67
33 56
54 75
48 73
60 41
74 95
24 23
93 45
15 75
73 75
86 35
64 81
95 40
28 40
86 15
78 46
8 68
45 81
74 34
59 97
34 44
35 78
86 93
76 71
10 59
22 30
71 58
62 51
43 74
95 33
92 30
75 53
44 40
2 33
39 83
4 47
17 40
34 49
2 1
26 94
48 32
82 67
68 61
82 51
34 80
50 49
31 27
26 55
60 59
56 34
11 2
58 34
93 25
67 85
12 13
26 18
88 43
58 17
98 93
22 80
97 54
25 43
6 35
80 24
32 9
83 70
17 38
33 36
39 46
62 55
60 24
10 4
42 28
49 72
94 61
53 69
29 52
32 28
10 77
18 21
57 89
62 71
31 13
84 38
34 89
90 19
20 99
95 58
69 86
15 4
37 43
75 68
46 73
42 66
91 5
96 88
20 2
15 52
95 25
89 76
21 45
50 44
45 28
63 27
84 80
47 40
10 31
43 65
64 99
33 11
80 54
69 85
88 68
27 85
96 38
23 17
14 88
83 15
13 64
32 82
77 62
90 81
8 43
9 8
74 0
59 78
24 79
2 21
47 12
18 83
16 97
53 90
79 36
59 76
79 6
82 36
8 22
86 36
45 4
62 73
90 56
55 86
83 43
59 26
97 91
70 55
68 19
84 93
76 1
22 24
55 73
42 70
78 64
45 24
26 32
11 24
83 36
73 92
42 54
30 2
53 57
1 12
77 85
78 91
84 49
71 44
10 27
51 16
26 56
31 88
6 31
58 13
25 90
97 7
93 23
40 73
79 65
30 65
25 23
35 38
84 16
5 78
64 98
59 3
0 3
73 24
41 97
39 38
8 99
86 87
6 29
10 22
47 52
8 57
47 60
3 80
85 57
6 78
62 54
36 43
80 39
1 99
11 10
71 80
83 19
14 85
73 70
57 90
0 31
35 7
35 90
87 47
18 27
95 64
65 88
49 19
4 95
25 16
87 79
1 14
53 87
67 74
93 0
14 8
10 98
80 89
34 43
39 95
80 7
38 87
24 13
53 78
72 54
64 56
78 28
54 99
58 94
75 13
83 10
55 64
61 8
36 65
40 85
58 81
49 8
82 45
43 40
53 20
98 91
6 15
57 32
53 74
52 59
61 55
81 52
24 85
62 8
79 81
74 55
54 88
75 12
3 52
76 86
18 90
5 89
93 87
63 98
14 19
3 81
99 52
48 71
17 45
52 30
39 31
62 36
33 39
13 65
40 61
10 64
32 36
28 83
43 98
95 94
77 29
61 38
49 9
68 3
59 7
87 83
19 84
98 99
72 3
33 78
31 76
20 89
54 40
7 72
80 43
52 42
48 89
40 78
49 48
39 67
56 46
56 25
43 91
89 25
80 28
50 54
23 89
53 36
34 48
50 78
41 61
95 12
14 7
14 64
50 27
88 90
84 57
68 37
47 8
91 17
24 43
98 60
39 4
69 81
38 67
83 13
57 30
39 25
57 31
65 69
47 55
41 78
44 61
51 60
34 75
14 55
55 75
5 29
31 67
71 75
92 0
71 81
72 90
64 51
48 9
7 89
82 5
0 16
37 40
90 92
95 79
94 76
94 79
93 1
37 78
27 29
30 47
21 64
82 22
78 56
3 25
95 15
5 34
95 29
74 52
78 42
72 8
69 55
97 45
11 94
17 27
38 0
50 32
40 57
83 40
60 49
59 96
87 8
25 8
37 47
7 78
88 39
45 7
75 42
74 41
63 30
1 74
74 20
79 99
72 39
20 92
81 59
32 96
82 13
67 81
84 54
94 17
38 45
19 35
28 50
25 6
64 12
65 21
42 40
4 19
81 85
79 39
58 52
35 83
96 11
56 75
79 55
10 85
21 95
47 45
61 62
9 79
9 51
12 59
83 52
70 92
29 35
62 74
62 56
66 40
67 36
37 52
71 23
72 82
78 2
59 5
61 97
95 66
25 71
11 84
94 4
30 24
50 64
80 87
67 4
23 51
17 90
73 21
60 66
38 1
