100
970 456 482 150 747 292 67 238 329 301 716 563 156 488 272 388 864 384 336 734 765 215 618 272 595 481 410 237 671 390 758 910 462 967 463 54 818 165 925 310 535 193 639 89 517 470 368 956 729 346 551 846 732 285 308 127 598 731 429 80 583 736 669 506 661 970 85 872 862 891 734 599 512 862 914 759 121 24 948 323 977 761 700 567 213 227 655 952 161 679 313 828 393 500 230 30 854 234 27 967 
20
287 140 993 975 915 197 834 305 595 763 626 874 74 898 668 688 951 228 778 927 
100
38 25
7 30
23 71
49 0
38 31
64 75
65 35
78 20
84 11
80 44
16 13
33 17
48 52
71 19
96 77
65 44
0 86
62 97
95 74
33 70
36 91
72 39
4 40
48 84
83 59
7 87
32 87
34 14
4 74
37 0
84 32
86 33
60 55
60 79
55 11
19 32
66 95
82 31
68 99
26 82
99 56
98 64
98 58
66 4
26 34
14 67
53 71
99 35
75 23
97 14
62 76
53 56
92 45
11 18
89 47
74 73
49 24
4 33
9 46
71 0
10 77
86 16
10 46
96 35
23 47
67 76
74 54
11 22
70 72
72 63
46 3
56 29
10 71
14 66
94 69
86 66
6 75
52 98
29 42
12 0
21 64
18 49
97 77
66 16
85 72
5 63
70 16
1 55
31 91
12 17
5 65
20 1
60 12
43 74
90 71
66 46
98 49
10 24
18 79
77 76
