100
617 66 552 590 39 688 663 953 192 915 835 529 747 507 11 120 710 531 541 634 117 626 812 315 735 944 574 212 958 339 212 562 811 40 220 528 731 757 701 916 733 671 121 428 947 943 721 251 54 704 706 301 29 660 670 439 502 172 429 347 373 682 816 810 410 632 594 731 193 805 251 391 435 225 105 658 337 324 208 787 466 214 888 279 945 0 523 897 752 786 898 34 304 771 439 733 392 643 741 623 
20
600 878 799 389 891 351 901 138 812 997 980 378 594 676 346 632 28 470 89 847 
100
82 7
6 27
83 80
91 62
15 42
69 93
22 71
5 52
44 24
34 70
87 0
81 10
94 44
97 38
38 56
73 36
63 90
49 55
16 3
63 44
75 14
8 36
56 12
5 2
95 97
45 86
39 68
31 71
23 32
19 48
21 35
88 35
40 57
81 26
44 43
22 35
73 66
97 30
39 85
33 59
77 47
0 8
29 32
92 72
45 60
62 79
14 20
47 89
2 42
64 68
28 21
62 25
26 86
96 16
93 52
4 31
14 23
56 50
72 74
53 97
10 0
70 42
66 39
12 60
39 26
11 88
31 74
67 13
6 55
78 74
62 44
25 44
51 53
0 25
19 0
74 92
71 19
22 99
29 52
39 43
20 82
73 70
39 91
65 56
62 56
39 22
15 64
30 59
56 20
40 65
86 70
37 58
86 34
78 37
98 30
76 87
78 0
28 76
91 52
66 2
