100
636 137 394 119 382 509 283 457 887 353 11 164 641 110 431 139 814 140 379 279 582 546 388 203 155 320 983 198 87 496 39 467 825 228 734 687 856 901 562 542 397 771 495 92 190 824 183 566 914 538 252 493 100 167 908 869 184 71 906 641 46 14 846 464 394 825 595 292 866 487 461 798 142 363 483 586 923 288 849 798 330 596 707 305 655 281 610 471 357 616 895 887 388 903 310 242 400 456 871 877 
20
905 253 827 796 642 427 522 421 608 813 133 340 228 613 714 838 986 371 715 22 
100
56 97
60 5
9 25
80 85
49 71
72 23
93 50
44 51
60 53
21 92
28 78
63 32
56 68
94 4
61 9
56 84
72 94
26 32
25 89
56 33
64 20
77 22
93 30
77 29
79 22
4 85
74 37
10 40
56 41
99 71
25 42
63 59
70 75
95 75
19 11
62 54
92 73
56 29
4 90
29 45
51 71
33 29
57 59
11 23
78 47
67 93
77 79
37 10
86 55
91 13
24 93
50 74
19 25
26 54
16 34
8 62
52 21
18 68
80 44
68 71
14 47
47 33
8 14
16 98
61 7
3 45
48 1
37 72
84 78
26 65
67 82
4 63
86 10
7 40
7 2
31 11
27 66
33 36
91 90
80 3
99 6
53 70
73 97
40 67
73 15
79 17
36 45
69 29
36 4
69 67
97 41
6 84
77 44
19 30
37 41
54 24
91 87
58 37
73 36
41 31
