100
299 189 40 783 861 959 486 599 199 646 180 258 617 533 332 213 573 899 315 506 539 116 369 418 428 534 332 898 395 563 380 742 376 692 214 458 144 509 541 838 557 757 114 546 283 38 952 430 759 643 868 886 30 694 8 976 653 665 728 730 882 884 765 626 555 942 479 22 970 413 164 688 198 62 661 434 203 623 506 385 484 281 925 605 867 665 424 759 956 352 850 670 4 115 312 978 145 468 160 945 
20
163 206 979 825 397 705 708 951 593 39 894 166 394 834 67 962 922 272 730 533 
100
19 96
70 91
85 36
7 85
69 91
29 39
53 52
7 30
43 76
86 94
13 27
81 49
61 26
28 4
60 19
88 11
5 62
88 78
18 88
60 14
67 24
94 22
46 61
89 61
17 92
5 96
94 33
25 94
79 38
84 18
58 38
49 75
57 39
97 4
48 52
43 83
75 48
68 46
72 88
64 93
73 64
82 67
81 74
82 7
51 44
61 41
9 71
71 72
23 61
64 40
57 2
2 81
92 70
99 59
93 33
60 5
32 69
78 84
82 5
4 36
48 36
60 6
81 51
89 29
54 28
32 6
87 0
59 16
16 12
68 4
73 26
4 56
44 75
4 64
38 81
65 8
94 68
98 76
26 85
38 19
28 41
48 11
25 63
12 78
58 44
6 45
27 42
6 3
74 56
7 50
54 72
41 95
43 45
17 67
19 16
51 59
23 25
30 34
81 66
25 92
