100
387 169 953 538 38 698 273 650 116 140 624 425 623 462 195 816 440 173 772 285 804 315 576 947 884 242 890 133 168 659 617 191 86 258 272 574 406 106 963 439 306 933 203 313 438 91 943 932 771 269 35 461 350 450 465 51 776 734 974 108 420 9 205 313 469 892 848 72 726 621 337 582 169 299 605 401 964 507 899 195 378 822 926 135 848 408 925 468 488 886 594 906 524 866 637 879 421 891 448 585 
20
523 626 458 944 956 387 995 17 457 291 940 213 595 380 146 991 362 667 654 535 
100
85 79
21 24
23 13
18 37
69 68
87 77
50 83
57 53
85 96
53 4
78 10
59 79
64 22
36 11
10 24
87 40
98 50
92 0
32 41
96 10
33 19
47 36
1 28
46 66
2 53
32 96
11 48
18 10
49 84
52 63
88 23
51 77
17 38
4 14
18 77
59 96
35 92
56 34
44 3
76 52
16 99
99 50
14 36
33 29
69 58
16 85
76 33
18 35
38 94
61 69
56 97
8 17
37 99
22 77
60 53
25 69
70 16
9 58
38 89
58 75
2 25
57 90
73 82
97 3
72 75
67 28
44 1
48 19
96 84
78 29
86 57
49 88
8 10
46 92
21 67
91 36
61 33
42 26
41 50
6 95
67 41
6 86
24 42
11 80
59 48
43 94
9 39
9 69
17 51
71 31
16 40
60 46
80 30
30 38
85 47
49 28
98 29
66 36
28 73
70 66
