100
176 645 656 551 922 146 616 954 385 84 517 861 460 378 737 154 57 433 522 544 377 606 779 872 481 427 801 239 409 537 552 509 45 259 902 374 933 173 738 354 650 774 53 29 942 210 234 781 37 357 313 477 786 599 154 514 770 43 61 854 572 555 844 153 461 214 884 629 384 804 778 395 502 293 313 831 131 34 737 864 850 432 664 903 163 493 248 16 577 537 120 226 316 539 765 490 963 898 937 410 
20
188 204 901 557 507 965 667 822 104 253 281 795 404 976 222 144 39 444 57 474 
100
93 58
67 22
81 1
85 24
23 15
73 40
20 71
27 5
47 44
42 86
76 22
73 28
95 39
15 92
99 15
53 54
14 88
92 43
79 57
92 65
32 75
36 5
72 74
40 33
8 63
82 60
47 12
18 42
34 17
59 0
80 47
65 63
49 48
26 15
22 15
87 15
67 60
92 61
0 2
64 67
81 57
93 11
59 71
21 82
61 44
76 34
84 1
84 73
83 93
48 42
38 22
60 53
39 46
71 93
22 73
17 18
36 70
97 86
28 89
62 32
2 26
42 93
37 83
91 45
12 10
21 54
57 16
87 35
7 41
60 40
90 55
11 29
90 91
29 67
97 14
37 12
14 2
93 8
87 73
25 93
97 30
13 10
26 12
87 41
18 23
91 69
21 40
62 28
46 95
25 61
98 53
60 81
30 66
72 62
20 69
80 92
2 66
15 77
57 46
35 42
