100
93 304 814 797 767 786 729 492 766 596 16 985 43 939 513 163 534 164 853 151 60 622 302 939 881 839 204 945 201 360 595 578 971 599 207 957 439 426 578 62 761 694 731 962 11 495 434 839 620 772 913 683 895 64 322 404 100 672 105 980 740 23 80 406 910 185 757 860 214 130 550 605 648 667 672 813 456 751 986 730 573 181 690 174 444 676 884 191 254 689 14 725 538 791 829 948 978 175 34 381 
20
1 479 391 722 511 630 987 266 277 312 427 474 210 476 257 702 410 256 986 610 
100
71 75
49 90
60 48
30 97
42 86
89 44
62 86
79 30
21 23
41 47
17 94
31 6
74 69
9 28
6 17
29 59
12 29
38 51
20 47
96 98
56 84
92 9
97 84
39 95
73 91
10 66
61 30
16 77
38 12
46 76
2 75
38 63
46 83
27 3
47 35
60 95
71 14
72 92
9 45
63 95
90 65
9 60
80 17
88 34
38 44
98 61
98 31
86 71
92 1
54 57
46 75
0 13
6 13
28 91
86 85
69 17
33 37
58 35
89 75
64 82
13 95
4 46
73 99
52 77
40 33
7 5
49 75
82 5
78 20
8 81
55 32
4 23
18 52
21 66
20 36
58 97
82 73
44 99
58 86
94 38
75 11
67 61
50 69
50 80
66 95
81 13
62 36
79 13
55 51
57 88
25 3
16 87
49 11
89 3
67 25
62 21
86 68
30 84
7 68
19 91
