100
475 175 962 950 71 729 598 189 139 987 718 20 54 690 215 795 156 596 661 449 72 466 219 402 836 472 428 833 997 365 480 850 278 633 127 481 738 182 527 87 26 350 493 74 834 406 215 239 471 885 746 158 817 233 627 110 377 700 666 906 943 920 212 505 60 234 818 305 988 367 315 58 929 918 42 542 545 687 683 895 585 719 142 268 94 573 675 445 614 741 491 784 925 148 685 338 392 615 648 119 
20
62 53 693 713 886 532 921 608 479 9 906 51 514 404 445 99 999 565 420 769 
100
49 35
46 67
72 19
18 14
13 53
28 61
25 10
9 14
42 66
81 45
20 73
89 40
30 97
18 35
79 46
0 42
90 89
26 58
15 97
40 91
72 93
69 45
81 78
67 22
73 31
62 15
15 37
7 51
34 71
81 67
62 39
28 65
47 98
25 89
2 79
48 75
17 94
25 93
51 62
72 21
73 97
67 84
99 16
82 23
23 0
52 35
23 11
61 70
89 97
15 43
33 54
83 91
64 38
40 36
88 25
33 18
23 7
69 50
42 52
76 12
57 97
65 14
42 88
69 23
25 7
56 3
15 6
49 54
24 98
90 95
74 96
26 14
90 71
32 75
45 72
21 16
72 50
48 85
10 78
87 47
67 37
83 8
79 1
80 19
67 1
23 44
18 21
99 97
79 53
69 88
38 37
17 53
52 82
94 87
6 91
21 79
43 34
98 26
17 9
22 55
