100
54 897 428 746 331 700 645 735 44 784 66 394 540 944 958 554 18 249 99 852 925 121 109 791 31 579 662 259 188 5 756 883 677 354 739 621 112 206 507 467 665 415 195 236 838 730 102 811 59 392 817 516 723 72 975 559 884 431 327 5 473 866 970 577 380 823 781 583 117 37 459 788 628 186 817 69 797 460 861 129 989 843 610 457 344 434 522 154 188 805 309 414 869 558 405 115 911 346 477 260 
20
560 900 265 126 752 495 892 724 628 444 994 53 143 545 762 313 486 76 318 576 
100
80 7
1 2
14 4
59 23
33 19
57 4
64 63
17 50
75 46
46 89
29 20
41 4
20 13
76 0
29 6
70 43
1 96
20 37
60 13
81 73
80 47
10 88
84 91
62 68
56 90
36 52
60 15
26 25
77 31
89 61
16 45
28 2
92 0
49 46
33 79
64 54
4 12
36 16
59 91
87 69
3 82
45 38
30 90
84 57
18 6
31 43
36 35
16 28
99 71
52 75
2 86
50 51
40 14
33 47
20 68
99 97
52 1
52 47
74 63
24 28
71 23
61 3
92 71
87 12
52 70
0 87
90 24
12 21
90 25
41 25
1 87
95 14
31 57
25 95
63 97
69 57
88 96
43 90
13 39
82 52
38 61
53 87
16 14
2 74
51 18
55 7
14 72
85 37
31 47
34 6
63 45
92 53
25 45
67 61
83 4
75 25
91 29
66 54
30 44
49 76
