100
109 717 110 9 546 371 607 108 760 630 910 721 238 410 53 880 533 107 583 669 893 767 468 123 472 173 715 177 321 435 899 146 341 719 141 874 797 459 184 675 482 907 75 925 625 340 33 96 713 396 886 535 842 587 535 785 29 604 47 665 816 846 827 166 712 82 101 880 62 531 859 521 311 230 130 608 854 476 319 195 991 710 302 226 361 361 520 440 553 723 466 199 491 609 451 687 642 955 617 940 
20
464 757 326 817 82 89 733 999 460 235 42 861 305 417 435 208 377 101 370 496 
100
75 17
61 57
60 97
81 23
83 64
21 33
0 15
64 3
53 26
0 13
73 48
57 92
84 10
96 46
39 21
56 1
71 94
30 84
43 44
20 74
58 76
39 26
67 94
90 13
76 51
62 93
1 52
74 95
98 6
23 83
68 57
87 34
97 35
46 27
1 98
99 43
6 94
53 3
60 90
35 66
0 19
50 72
9 66
50 15
81 19
33 38
86 24
74 80
75 86
60 31
70 21
32 65
85 59
97 99
78 83
84 89
43 31
17 94
75 24
41 73
45 59
93 90
84 97
33 83
38 5
73 9
37 89
43 39
8 45
19 47
45 92
83 19
47 2
40 73
62 7
4 96
94 97
54 37
3 89
71 61
35 3
99 35
57 65
35 7
72 36
80 47
24 6
23 74
73 68
92 68
72 56
33 69
0 96
39 95
47 62
11 46
11 55
47 22
58 0
60 89
