100
293 756 776 353 587 616 338 579 740 85 64 741 307 442 553 578 598 292 107 896 869 9 697 235 219 77 426 312 406 26 81 498 704 161 815 638 161 102 859 495 810 468 344 608 649 552 177 522 988 158 620 699 969 236 94 685 671 242 285 562 71 500 416 725 427 517 365 447 32 652 754 0 515 707 765 338 757 846 73 925 192 664 661 120 230 839 882 92 950 135 17 210 364 450 431 256 656 622 39 819 
20
152 658 825 510 288 992 302 667 383 695 983 929 607 736 243 525 282 976 17 413 
100
42 44
80 52
23 92
50 69
62 5
94 5
92 5
25 52
50 62
73 42
28 72
77 32
96 88
6 55
95 28
38 79
86 16
5 18
22 79
47 31
4 74
70 74
87 50
22 12
57 40
78 38
24 48
87 76
43 20
21 48
56 8
49 63
56 94
18 84
27 51
46 79
80 99
33 24
67 99
19 75
28 35
7 73
92 12
95 94
50 67
6 87
57 91
7 1
77 17
86 33
76 53
80 58
1 91
21 1
21 71
52 57
99 5
87 72
61 1
88 97
73 95
84 56
69 46
80 55
95 90
61 98
63 24
55 33
32 47
56 22
62 35
63 37
10 41
54 64
37 53
18 28
5 27
18 9
77 54
35 88
43 95
9 7
91 6
42 99
4 76
59 31
90 5
47 8
78 1
80 59
92 48
70 23
1 54
72 18
28 87
75 95
4 92
62 90
7 87
4 79
