100
356 522 158 813 729 458 737 514 320 682 16 823 721 984 666 949 293 924 415 554 278 522 137 853 348 768 655 915 861 528 616 97 510 34 927 534 320 201 216 275 821 257 200 474 544 365 756 929 122 355 691 374 565 747 391 725 928 900 967 373 233 577 648 271 607 122 444 318 203 579 714 571 474 519 439 971 757 187 232 429 303 55 142 573 766 542 483 730 65 609 944 446 116 247 413 603 955 917 569 969 
20
569 191 314 666 682 225 290 241 523 878 991 242 609 383 347 395 321 839 967 610 
100
38 7
83 59
39 45
52 81
56 68
25 36
65 55
47 64
18 86
67 38
68 13
75 70
7 71
29 7
86 2
21 99
42 26
9 4
40 6
21 31
51 93
79 27
56 60
91 23
24 45
82 84
98 19
85 83
61 72
52 11
75 50
87 17
34 83
25 18
74 27
62 18
88 66
88 42
95 84
81 92
4 46
5 46
19 14
2 58
47 95
60 66
8 41
90 1
74 89
55 35
19 60
70 37
70 51
78 83
92 46
61 39
57 2
20 64
18 13
70 15
23 34
6 53
77 67
50 73
22 60
99 25
11 73
7 24
8 43
76 40
98 94
75 61
57 41
17 91
31 11
45 55
5 84
10 77
9 19
95 9
34 30
24 20
98 14
64 98
75 72
79 92
4 83
90 3
91 56
97 81
5 10
79 98
76 70
13 58
21 37
62 46
99 84
30 24
39 38
45 63
