100
51 548 530 838 167 515 879 574 279 245 345 938 413 37 514 260 537 423 448 684 607 30 170 345 307 653 237 572 839 343 612 642 141 935 865 175 977 601 594 903 180 901 351 245 577 337 931 78 342 173 844 920 447 612 935 804 467 519 153 541 782 799 890 246 69 684 440 636 876 842 486 496 40 798 419 449 101 134 330 357 2 900 859 73 777 516 165 1 350 32 443 690 181 340 262 886 665 157 384 290 
20
308 419 390 977 549 2 79 382 346 481 372 985 504 667 545 880 143 909 753 228 
100
23 65
13 66
89 84
49 38
73 33
12 3
95 8
17 70
92 73
65 95
31 76
1 87
76 86
39 56
46 47
46 2
8 99
49 65
99 78
18 55
65 35
6 28
69 52
13 40
68 39
72 76
12 42
25 19
10 89
50 78
71 88
90 89
35 47
11 64
3 81
95 0
0 90
29 85
79 39
24 85
29 10
12 68
37 11
10 30
46 43
60 77
5 16
43 29
16 29
39 34
8 71
61 49
42 44
63 84
68 42
22 5
8 7
54 90
43 9
1 49
85 98
74 17
95 34
31 36
11 44
9 56
23 95
89 77
18 60
76 6
88 38
36 3
52 28
20 82
28 16
17 19
56 85
34 26
97 6
94 17
97 86
41 78
34 84
23 89
14 32
99 7
74 2
36 29
87 81
97 28
94 49
46 11
91 59
98 82
10 94
68 76
74 12
2 13
78 36
38 95
