100
822 497 740 944 812 945 282 412 928 856 850 458 368 380 569 943 418 756 685 336 304 245 315 541 168 215 963 849 519 403 522 927 514 732 377 836 988 339 401 560 321 627 925 553 872 420 439 970 464 753 426 304 477 311 478 466 782 702 300 654 496 262 703 613 294 518 719 749 110 597 425 578 420 540 534 92 987 673 875 763 47 321 171 547 179 728 574 887 451 942 477 907 72 576 919 724 52 588 919 742 
20
560 742 858 992 922 11 93 660 342 212 298 759 959 355 681 620 362 722 656 194 
100
9 33
57 19
37 45
85 17
98 34
34 53
37 56
81 49
20 4
4 98
12 90
40 17
89 79
86 98
59 92
9 79
54 72
99 57
15 40
3 63
35 6
60 47
89 56
18 24
62 65
41 84
25 40
95 99
59 74
34 28
82 67
74 41
10 32
13 54
53 33
40 89
99 63
50 72
47 89
37 36
96 27
22 20
71 89
86 69
56 68
82 81
40 49
11 5
64 73
50 88
15 43
13 3
99 53
9 60
18 8
67 15
49 70
46 36
63 18
74 11
11 31
2 74
5 69
95 40
75 65
10 28
75 73
45 34
69 50
99 58
61 32
28 56
77 79
27 6
30 5
70 76
61 93
19 55
27 9
50 35
96 85
9 37
75 42
98 19
76 30
70 23
43 47
11 12
41 61
73 23
58 17
56 55
50 60
5 80
39 72
98 82
12 21
84 95
47 98
97 22
