100
412 573 560 672 910 545 396 122 496 680 931 834 171 504 345 383 514 974 756 417 724 2 551 701 782 533 220 122 432 976 648 381 858 757 776 148 572 98 71 130 781 706 291 266 780 694 263 768 2 41 142 125 296 951 301 631 716 46 707 631 993 726 649 242 723 624 248 941 105 351 289 533 871 691 267 512 246 837 501 949 41 748 348 943 612 645 304 897 256 604 217 333 720 701 192 608 547 788 830 348 
20
93 470 384 650 189 357 390 996 777 927 384 56 291 216 578 472 504 464 576 244 
100
92 56
4 92
87 38
1 72
81 62
96 81
22 51
28 32
83 36
11 6
23 64
62 33
10 77
0 62
18 62
88 27
50 63
64 43
81 34
36 82
39 31
10 94
58 68
56 4
2 97
63 16
83 32
84 92
21 68
48 17
19 71
79 78
46 41
0 72
6 13
14 29
46 38
86 4
81 42
23 28
15 23
12 78
60 80
78 28
22 13
62 97
61 45
42 69
51 92
30 96
72 25
30 97
59 38
67 39
50 91
21 22
89 84
41 71
32 3
65 64
53 70
35 0
68 75
43 86
30 21
2 21
69 66
97 9
83 18
71 85
57 45
57 49
83 26
13 86
53 56
52 30
59 67
59 37
51 55
97 65
53 42
71 48
63 97
40 25
41 56
4 31
18 87
12 71
63 13
31 43
58 46
90 8
74 81
56 38
79 33
79 42
27 61
52 76
64 49
54 95
