100
986 597 635 994 883 268 537 463 775 439 633 598 770 175 548 23 590 872 480 566 943 389 787 180 450 540 428 25 493 354 505 54 233 403 16 452 454 190 353 148 465 127 381 302 423 86 463 605 587 662 805 669 379 811 532 290 283 136 779 673 630 437 547 61 156 571 702 607 768 876 329 662 235 236 67 113 396 950 88 172 676 851 716 137 647 545 851 575 362 274 810 498 145 193 618 351 626 398 568 23 
20
470 3 3 366 998 27 579 742 304 887 529 386 317 819 721 79 290 513 600 970 
100
35 51
90 83
42 12
66 60
97 4
93 97
72 15
79 34
43 38
44 61
62 90
47 59
10 82
87 17
19 70
42 29
42 23
52 92
25 74
72 86
77 23
35 78
51 12
24 19
45 5
97 8
59 14
16 61
49 29
8 53
83 60
4 5
71 16
76 26
41 16
55 37
29 93
37 84
33 46
18 68
9 21
37 51
51 68
81 22
9 32
60 1
97 31
67 13
9 76
95 99
54 89
19 45
99 31
56 72
74 91
51 81
66 39
17 80
17 16
61 3
77 94
48 7
13 58
33 35
46 49
73 13
52 53
22 18
49 70
87 34
64 10
94 3
1 26
59 51
49 20
74 53
57 21
65 63
74 98
38 42
14 17
89 67
63 88
69 16
40 89
94 91
78 45
22 61
53 35
20 7
80 46
36 61
38 45
50 25
72 98
80 78
48 39
80 63
24 28
30 97
