100
914 9 557 737 21 223 636 959 823 17 486 144 345 577 518 554 873 702 840 646 608 141 350 225 400 337 291 674 605 851 892 134 105 326 774 5 252 494 313 658 200 863 355 374 956 633 313 51 236 146 501 292 25 610 92 384 683 655 415 445 910 279 453 442 341 925 784 396 340 730 129 677 793 941 594 898 144 250 437 298 378 212 12 74 137 467 443 670 643 373 185 362 776 649 874 252 630 537 747 948 
20
260 416 822 459 123 271 876 659 227 456 846 722 806 866 354 861 990 763 243 874 
100
70 25
48 88
27 91
26 23
87 30
77 49
36 96
65 36
56 16
53 45
54 16
46 68
3 34
16 46
38 39
35 20
93 64
70 10
15 97
73 64
57 83
43 18
15 72
58 79
13 98
7 42
60 18
98 12
38 77
36 44
86 64
36 94
55 74
79 8
23 63
49 15
5 32
3 51
54 73
28 77
61 81
28 57
71 87
88 2
98 0
69 12
85 64
40 53
48 9
95 37
13 50
46 41
70 97
54 2
58 57
19 38
70 32
15 50
32 42
71 56
6 97
28 11
37 74
58 36
68 83
16 44
67 48
24 38
84 40
35 91
10 74
79 76
85 56
17 50
10 73
80 69
37 54
37 29
9 54
1 94
88 44
83 0
58 56
70 56
58 65
21 73
54 64
52 55
38 53
73 19
2 49
75 27
29 62
12 24
20 54
94 42
94 4
71 43
27 14
36 22
