100
106 383 663 646 13 454 227 620 705 814 922 83 654 377 849 214 896 400 561 896 950 729 788 4 945 408 792 294 734 578 346 37 214 489 401 164 594 805 574 853 704 977 117 658 61 221 814 196 796 646 944 43 169 135 558 166 1 577 442 27 840 406 0 53 963 600 38 348 651 887 821 861 18 581 676 428 887 203 811 705 57 914 973 670 172 315 825 793 123 671 106 223 241 446 281 477 437 579 529 965 
20
68 596 853 627 716 997 756 953 278 68 685 998 253 591 645 437 55 960 723 404 
100
77 93
24 47
58 47
18 47
66 75
63 35
31 52
62 27
96 17
9 54
98 22
83 14
87 17
55 15
75 82
35 36
88 47
58 40
32 74
11 22
6 24
64 33
55 42
4 25
46 43
62 13
86 63
68 64
48 38
57 67
62 42
87 52
24 79
17 10
30 27
23 56
26 13
49 12
23 15
76 32
54 1
24 55
60 22
67 79
63 89
95 66
96 44
8 93
18 34
16 14
48 82
65 52
5 57
58 17
28 19
51 2
23 16
60 15
24 50
44 24
86 70
97 91
21 34
30 83
36 38
56 2
72 15
28 86
52 11
78 68
89 62
91 24
2 18
12 74
3 98
17 33
33 26
14 39
13 94
47 48
28 4
61 23
54 31
13 7
44 75
91 5
94 47
29 10
6 1
74 46
46 53
65 73
3 40
32 9
22 74
39 50
88 48
99 17
54 66
58 93
