100
961 157 32 252 256 211 175 306 518 61 270 864 193 717 300 433 366 740 219 51 275 805 776 678 554 412 714 39 244 676 537 737 981 761 321 761 785 945 387 678 627 289 552 993 155 933 486 417 901 193 48 746 718 730 696 359 544 497 968 792 142 71 610 950 429 412 651 868 99 253 571 589 413 357 422 54 123 748 98 672 743 932 588 654 282 288 677 854 306 684 146 219 542 928 320 871 90 793 377 262 
20
854 188 618 588 280 570 314 201 67 715 752 80 125 901 501 645 589 687 197 999 
100
13 44
53 91
49 28
79 1
14 60
71 88
76 52
40 67
77 25
45 15
3 42
65 98
80 3
62 83
84 48
17 27
29 79
13 76
21 2
84 22
43 92
12 11
91 4
55 0
39 58
77 80
52 66
0 97
90 61
50 49
28 18
22 75
44 33
43 26
9 50
32 1
73 7
90 16
50 60
50 28
74 24
80 13
43 10
5 70
48 73
15 17
47 60
56 43
1 66
50 6
72 34
34 47
2 67
83 1
3 63
32 41
0 86
24 73
2 35
74 76
34 30
63 25
83 80
85 1
75 68
86 79
77 40
41 38
83 95
0 62
4 9
12 50
97 62
41 92
87 36
81 46
79 25
67 98
51 93
59 16
15 94
47 29
11 16
52 89
76 75
88 7
2 10
23 73
64 58
67 75
29 77
56 95
30 85
60 89
47 77
75 8
87 49
26 8
25 45
47 99
