100
607 549 271 880 469 352 558 843 348 714 925 560 504 707 924 436 245 355 356 709 346 68 84 51 609 340 549 304 2 867 409 979 293 143 349 27 56 588 359 451 121 146 41 461 521 635 837 284 828 152 728 265 303 298 523 601 771 684 505 33 546 221 47 643 644 144 972 728 765 965 286 652 633 420 485 198 956 782 15 773 720 382 833 229 860 166 390 309 68 127 943 396 432 52 861 65 100 931 834 451 
20
162 393 115 998 135 512 376 869 416 706 619 866 82 79 147 598 686 583 985 51 
100
93 89
54 28
5 99
13 87
51 87
23 68
68 10
82 92
2 41
35 28
31 35
63 25
75 62
1 55
11 94
50 30
22 23
88 14
58 47
17 0
18 92
18 21
58 75
14 78
7 16
63 98
80 57
37 62
93 85
75 53
67 55
13 86
49 65
46 58
6 2
72 28
43 34
85 94
81 77
52 10
48 67
33 47
63 76
18 14
34 33
90 52
0 54
80 0
42 22
50 57
58 71
33 32
41 35
60 34
60 41
35 69
38 90
82 1
63 71
9 40
26 78
5 36
50 3
0 97
32 44
68 6
44 30
0 73
37 43
98 26
89 15
95 55
43 30
51 55
90 22
91 70
39 71
12 48
21 88
24 36
90 97
86 21
54 9
51 58
9 89
91 79
32 2
7 86
58 92
71 50
97 64
55 3
17 33
73 35
7 58
25 11
48 97
59 90
84 74
88 90
