100
659 618 895 771 377 989 913 312 646 622 49 751 411 566 402 855 473 932 6 628 947 444 906 269 259 251 781 553 547 195 967 243 598 501 36 902 155 264 731 3 813 883 297 8 779 833 898 956 103 431 345 817 697 460 438 732 732 351 70 787 836 738 675 782 465 852 775 212 377 869 905 301 680 587 732 737 744 678 102 359 898 777 523 557 932 997 919 430 714 391 72 2 388 13 812 733 189 705 375 570 
20
425 351 998 554 198 373 695 490 864 859 310 732 314 356 964 462 491 410 224 170 
100
11 6
20 53
9 47
30 23
47 7
15 14
26 22
46 61
11 96
48 85
95 11
22 66
81 29
31 50
40 80
87 13
69 71
87 75
29 75
20 47
90 73
94 5
8 73
87 19
6 14
93 39
36 62
63 53
70 13
45 50
47 0
56 44
61 55
37 71
70 38
59 6
62 82
51 81
77 41
19 43
53 94
10 40
83 8
35 26
38 10
62 54
81 40
68 93
81 83
23 74
77 95
51 49
57 14
38 29
53 7
3 72
4 80
72 30
25 85
21 9
30 62
42 50
49 44
24 23
5 46
88 8
23 80
67 7
50 71
81 37
65 37
43 5
25 7
71 70
88 21
96 72
76 64
89 1
28 14
56 12
9 38
65 15
97 16
57 17
19 20
54 44
56 5
66 56
47 92
81 47
43 38
90 72
18 68
65 18
49 89
74 30
92 17
71 28
45 58
72 92
