100
21 176 922 778 521 689 310 484 921 920 660 643 206 813 838 432 822 618 513 390 521 404 822 867 840 129 964 141 516 62 838 83 767 72 55 319 191 970 229 788 665 430 498 402 600 277 587 15 388 929 946 372 793 598 48 161 702 762 604 530 751 381 690 140 76 165 589 485 890 963 224 740 774 942 601 457 669 655 355 132 325 292 969 346 426 775 532 979 912 659 447 253 445 588 585 890 509 129 773 912 
20
924 995 995 865 70 68 866 482 550 869 419 830 595 366 337 364 800 427 62 37 
100
54 50
66 68
44 72
21 97
17 84
51 55
32 36
11 29
0 28
57 83
96 31
92 25
97 67
41 46
14 83
18 26
92 96
61 31
8 94
88 86
9 35
97 90
59 34
79 84
77 88
87 23
90 49
20 91
89 5
70 59
9 26
28 27
55 50
74 81
14 27
91 55
17 92
53 40
13 53
44 23
93 49
95 80
24 13
76 56
52 46
94 37
63 24
30 92
49 98
0 97
63 64
70 40
41 91
18 71
0 33
48 93
40 65
18 55
69 25
77 51
23 77
52 96
6 56
12 86
57 4
4 24
55 96
27 10
98 58
66 43
1 58
48 39
18 84
67 23
74 53
2 15
58 5
98 53
77 50
30 49
60 74
84 74
23 94
35 84
94 98
81 97
8 91
0 32
22 72
67 7
20 11
3 6
6 94
43 37
16 80
4 99
36 43
84 86
47 18
73 44
