100
896 158 220 396 455 570 447 410 401 926 328 316 452 765 589 364 81 249 578 887 575 661 379 789 267 158 506 913 765 873 906 966 893 764 88 685 430 32 464 359 417 102 799 484 869 825 689 803 971 761 476 224 400 734 248 907 252 300 263 315 778 117 781 536 960 26 817 118 579 603 838 236 895 337 720 882 227 272 361 114 166 861 295 133 413 381 544 559 185 164 887 488 618 923 777 253 922 547 444 195 
20
553 768 34 754 795 427 141 272 977 556 477 882 971 625 269 564 229 841 258 206 
100
5 24
44 86
15 74
74 78
37 57
97 14
21 75
80 74
12 54
2 72
68 17
7 10
30 33
58 74
95 14
23 95
91 40
78 16
58 3
35 17
31 4
32 11
66 8
12 35
84 3
26 36
95 43
45 65
88 81
36 86
95 54
68 40
28 32
25 72
46 19
62 75
89 2
94 87
71 91
35 55
39 4
32 51
55 44
57 98
56 70
22 64
19 43
97 3
96 62
52 8
41 77
11 99
8 59
9 40
23 78
40 7
71 45
37 53
0 72
26 30
85 44
38 74
42 6
4 9
65 97
98 86
93 55
75 26
62 92
3 17
36 66
93 10
95 60
81 67
70 90
67 46
78 30
26 49
58 69
19 81
94 55
6 16
3 88
42 63
59 44
57 33
88 80
44 96
84 88
30 88
43 10
77 46
33 70
44 53
30 35
7 62
60 7
73 97
97 39
37 74
