100
2 925 365 892 22 124 443 301 973 807 801 545 700 985 899 907 658 727 973 85 477 164 677 233 630 367 742 654 302 764 239 840 33 22 405 250 531 219 358 853 230 572 450 668 233 297 24 342 626 218 860 946 36 648 284 62 349 157 264 689 222 560 424 876 458 804 337 215 234 431 702 93 713 324 55 647 321 360 348 611 941 504 910 668 262 130 813 772 373 948 698 569 476 912 845 525 798 104 178 451 
20
857 992 636 45 403 733 402 469 563 429 673 713 110 627 939 547 167 282 471 418 
100
39 0
86 37
84 55
97 42
86 54
93 86
80 57
41 32
2 74
13 0
30 90
81 99
72 24
53 85
42 91
73 11
70 2
37 58
18 21
58 80
4 59
95 58
0 32
1 29
59 99
73 50
11 72
24 1
56 61
38 10
20 65
23 36
16 87
87 0
21 98
47 30
82 13
55 61
50 20
22 29
96 79
21 52
15 22
64 17
45 89
6 26
61 92
12 82
9 88
40 60
51 45
63 48
68 22
55 4
9 25
17 84
71 3
38 83
32 98
68 60
11 92
9 44
64 23
66 3
19 13
34 16
21 82
85 31
12 34
91 0
15 67
35 23
36 39
74 97
66 47
30 83
36 17
96 49
21 87
75 47
62 9
39 72
2 90
82 26
31 10
30 4
92 21
27 79
62 65
60 45
89 26
64 28
45 2
76 78
33 52
75 8
74 41
59 94
46 53
39 23
