100
466 125 205 814 702 239 601 552 594 305 235 410 987 872 564 190 88 147 683 279 526 403 982 448 741 390 727 546 515 885 620 442 274 71 341 628 377 623 598 62 827 850 214 835 57 68 509 264 603 931 574 134 559 175 903 667 487 670 491 187 911 790 802 930 122 269 616 139 995 988 987 364 505 153 964 623 44 548 423 306 759 980 613 462 10 179 675 922 155 327 121 866 605 751 198 641 389 370 495 337 
20
832 152 591 355 235 233 148 149 329 599 998 4 203 199 226 193 642 96 897 239 
100
26 25
16 22
6 14
46 94
3 47
45 10
29 64
24 78
69 32
14 25
10 67
51 91
97 38
28 32
25 86
27 39
12 22
36 59
51 89
23 4
41 27
46 67
89 83
87 50
46 53
56 61
20 28
33 53
81 84
93 63
78 86
53 16
83 19
31 95
11 22
10 86
56 4
4 25
5 56
69 96
52 67
41 95
44 6
52 81
15 7
95 11
91 69
13 16
81 63
54 36
72 86
3 52
93 45
15 6
81 54
95 8
75 38
53 28
33 54
89 24
77 44
55 11
17 59
26 8
78 53
51 49
79 89
61 51
20 73
1 59
74 86
56 51
25 71
44 3
77 94
86 5
22 73
50 79
71 79
23 55
31 82
11 84
52 96
6 93
74 64
97 82
27 6
85 10
8 24
81 26
72 14
60 53
37 84
68 86
75 37
18 23
82 37
93 59
46 77
16 86
