100
858 545 714 703 536 924 862 828 497 66 265 217 521 885 75 69 77 419 88 778 709 543 756 500 167 413 884 441 95 651 946 83 88 522 803 167 629 171 943 132 554 596 360 594 851 766 165 572 204 186 57 894 205 627 829 687 221 551 542 806 235 722 272 615 454 191 698 457 674 886 741 497 605 382 285 176 944 10 855 497 939 751 644 200 387 327 69 642 747 545 687 448 216 341 292 438 967 438 329 661 
20
227 673 809 255 928 899 925 321 34 482 988 136 810 92 946 406 195 854 789 435 
100
82 26
15 79
23 35
29 92
21 39
33 56
11 47
41 40
12 95
14 46
18 27
80 54
69 83
52 14
42 48
76 68
50 75
4 94
34 0
85 99
7 92
47 49
83 75
71 94
98 96
89 84
78 36
71 49
47 14
64 49
36 16
79 97
9 67
55 96
89 83
44 96
44 70
20 56
98 55
88 93
18 89
81 41
65 38
18 39
55 16
19 28
92 84
73 32
67 24
70 54
16 63
41 90
44 52
40 36
15 75
18 86
53 44
31 40
27 34
83 14
34 71
48 30
35 89
36 61
97 46
80 53
48 59
13 34
21 13
46 71
35 13
34 99
91 54
56 12
78 14
86 32
79 58
94 21
61 5
78 96
15 18
13 77
13 96
16 60
94 53
27 12
44 51
77 99
14 25
66 88
82 34
10 85
7 43
68 25
83 84
3 24
60 17
32 65
55 69
40 14
