100
288 828 282 885 667 348 615 836 894 892 751 301 914 275 989 17 611 915 832 397 2 0 383 574 190 92 684 119 67 148 42 228 758 603 497 119 22 866 171 395 418 853 230 232 383 731 380 830 483 524 339 198 106 990 914 963 883 797 897 732 484 834 707 11 598 63 165 299 330 649 901 635 928 357 944 849 404 255 441 228 233 662 663 734 316 119 150 276 95 432 145 956 581 620 921 982 308 797 752 98 
20
410 51 144 425 978 212 435 394 47 38 576 121 527 993 415 438 724 693 4 419 
100
19 6
11 17
52 47
36 97
95 73
2 36
60 68
72 61
12 87
29 53
90 14
34 22
12 77
99 1
10 76
49 62
83 95
42 3
17 76
42 85
46 17
26 3
97 8
81 2
46 66
52 62
17 3
87 16
11 84
82 24
56 92
27 22
24 69
1 50
66 84
16 48
93 46
29 39
52 71
35 28
98 31
25 4
57 69
39 2
67 96
39 58
96 24
2 56
99 27
14 26
43 76
30 83
36 82
83 89
94 85
96 35
72 54
3 20
1 89
78 65
3 45
87 99
28 71
63 45
98 55
20 31
47 77
24 84
5 72
26 22
44 61
41 98
74 44
77 96
10 39
70 36
43 55
18 9
82 75
76 2
72 14
46 31
60 73
6 94
57 53
33 13
42 60
87 54
43 42
31 58
90 4
13 18
9 74
97 51
88 11
67 7
15 27
98 52
98 48
22 36
