100
504 855 383 925 170 104 98 875 567 575 240 220 455 711 487 612 533 826 837 56 525 215 34 25 379 965 492 49 202 542 652 834 139 301 286 672 483 551 924 411 566 266 782 482 349 724 753 810 494 692 379 659 966 858 826 548 471 212 113 352 686 147 451 308 599 554 346 633 677 686 487 697 317 487 882 546 280 739 151 307 370 750 651 953 678 980 981 324 766 78 771 492 194 466 734 588 170 51 595 149 
20
356 904 628 455 399 59 889 831 521 634 373 869 679 985 389 908 243 600 305 545 
100
22 86
74 72
0 2
45 26
90 49
53 41
99 25
88 67
47 77
98 8
21 47
6 45
20 33
21 55
28 43
79 27
0 38
49 76
80 97
55 60
8 60
0 52
79 50
71 78
94 88
80 49
25 51
83 58
52 21
7 95
37 89
46 95
2 88
98 27
75 7
6 31
30 97
96 83
51 20
24 56
16 83
16 26
43 83
43 82
76 73
58 56
33 5
85 92
65 60
80 79
96 49
84 36
37 53
51 89
34 36
84 48
19 23
6 97
74 69
18 71
64 73
27 65
31 88
1 27
55 44
80 70
14 90
18 17
75 34
75 81
30 52
64 49
79 35
37 48
44 37
22 37
1 7
36 66
18 94
43 77
86 87
3 45
74 97
11 9
23 70
95 34
79 84
30 9
31 0
17 31
71 53
67 97
86 60
50 84
1 89
10 21
15 7
76 66
14 8
18 36
