100
868 552 585 923 956 765 103 728 883 612 783 591 612 646 470 683 969 481 923 589 184 688 574 76 349 109 90 382 520 848 390 410 79 523 148 571 989 481 581 850 730 156 421 212 937 808 172 176 44 814 545 637 483 400 454 110 6 669 574 107 734 249 303 522 684 673 630 901 244 567 262 903 572 751 873 266 770 170 759 961 617 857 444 773 673 298 660 818 494 596 615 937 18 226 268 507 959 743 645 277 
20
665 980 886 546 409 652 97 767 927 99 375 213 840 858 303 193 221 991 991 758 
100
2 5
71 72
77 33
48 45
16 1
85 29
39 51
25 51
3 58
15 52
57 14
29 24
41 61
32 45
86 42
51 53
42 96
0 92
63 26
78 44
2 48
73 14
30 5
86 97
80 34
8 97
44 55
52 76
5 99
69 96
10 48
35 60
93 75
68 99
85 51
38 41
61 62
45 60
79 5
61 73
81 86
91 23
79 11
73 95
22 64
0 6
53 27
44 81
53 58
7 41
52 77
86 15
41 93
33 92
34 95
25 10
90 56
73 23
1 40
72 31
13 21
77 39
35 48
58 23
5 58
28 68
89 4
72 55
7 91
41 40
76 57
13 89
58 7
50 26
73 13
30 36
22 20
49 93
20 90
75 41
76 93
41 68
36 24
38 79
50 75
31 87
50 89
26 38
43 5
25 13
58 91
20 29
94 77
83 5
12 56
9 0
88 90
74 62
76 61
10 79
