100
544 83 211 129 192 289 192 834 606 374 170 628 699 908 20 804 728 797 586 206 291 591 217 183 325 803 652 779 761 437 117 462 757 456 894 427 677 158 916 134 612 190 70 15 575 178 487 48 948 598 10 288 577 760 73 584 971 5 64 411 997 949 320 939 154 913 778 746 489 257 868 130 528 434 475 167 810 367 35 236 389 482 83 35 87 655 346 847 201 221 552 39 553 534 574 418 871 160 331 583 
20
717 296 587 835 553 775 366 53 604 925 796 558 345 998 240 359 441 243 650 187 
100
23 14
47 20
98 60
92 45
22 94
43 58
23 20
48 3
8 0
6 86
51 31
99 1
80 39
99 20
11 40
12 3
48 11
6 46
54 76
79 45
10 2
94 14
11 35
22 64
67 69
80 72
70 37
3 75
74 68
21 31
5 55
61 27
25 90
57 28
61 82
2 85
42 0
2 31
18 93
98 79
47 90
85 81
60 78
42 80
22 49
24 12
17 68
65 73
79 28
19 11
8 18
93 25
92 16
26 46
55 27
90 63
42 33
36 12
28 38
52 25
95 23
24 84
42 50
10 54
84 72
62 19
60 71
65 45
25 81
33 15
15 55
7 9
42 10
0 53
27 99
61 68
94 50
96 27
8 22
47 73
38 77
54 94
37 78
89 25
62 10
64 82
51 21
78 22
92 29
76 80
19 1
32 90
94 80
97 81
79 53
19 82
76 16
55 39
1 0
93 87
