100
377 501 5 405 981 61 861 393 211 124 448 636 513 498 961 99 773 369 587 944 110 599 49 88 462 607 408 41 144 183 146 835 869 486 690 607 456 808 362 710 845 559 572 220 284 779 965 308 591 25 447 124 734 516 216 964 945 747 331 570 559 535 66 967 336 464 960 82 699 493 189 767 119 943 158 624 267 923 718 194 965 747 695 28 691 286 585 813 979 490 156 634 458 592 513 810 562 335 878 532 
20
788 205 332 195 238 989 105 309 546 72 719 540 227 385 118 524 774 953 192 612 
100
14 55
26 53
8 32
34 96
37 12
99 2
10 34
76 72
97 7
36 69
85 60
94 9
33 82
9 27
53 10
46 95
48 22
43 36
67 39
13 40
25 40
90 79
24 19
81 26
24 18
99 18
38 74
79 16
76 28
69 8
38 48
54 39
99 64
4 87
95 24
18 9
38 45
74 69
43 46
43 80
97 34
74 94
87 92
40 58
42 50
77 48
99 76
75 10
49 33
40 90
57 70
24 56
52 97
87 8
8 31
41 56
64 37
20 75
30 50
85 73
28 1
7 46
2 77
36 10
58 71
58 83
55 9
64 49
54 27
95 23
42 76
82 41
14 99
49 84
50 76
46 19
11 86
1 98
3 80
17 22
66 15
41 7
0 75
84 92
3 57
90 43
35 20
43 39
87 56
66 34
47 42
6 42
65 9
24 62
56 31
75 77
90 93
21 98
70 74
11 84
