100
196 710 191 658 760 212 479 584 822 304 279 770 400 294 859 743 25 872 858 333 171 472 472 232 321 182 514 202 69 534 124 853 335 114 318 551 144 968 556 258 63 216 553 308 937 681 404 767 745 459 51 595 572 934 274 292 963 800 892 546 756 860 174 289 311 46 952 849 626 847 755 784 674 499 761 539 189 463 368 601 36 269 687 206 472 931 154 642 671 904 232 209 934 478 186 942 940 583 256 408 
20
986 958 38 228 499 221 857 155 269 442 199 175 987 870 364 595 278 308 670 239 
100
28 77
0 59
17 38
32 62
34 93
92 50
3 33
85 43
52 92
32 81
95 21
46 54
97 24
46 39
37 95
67 64
82 37
5 2
41 78
83 21
2 26
11 97
22 66
31 71
24 77
81 80
85 0
7 27
74 12
58 10
74 37
64 58
16 46
54 0
9 69
21 20
30 52
93 85
6 66
96 83
14 5
35 9
63 5
85 65
25 27
93 28
22 90
92 44
98 99
49 87
34 73
30 9
87 74
65 19
17 65
74 83
74 20
55 17
23 52
19 32
6 63
81 88
62 76
47 84
51 89
95 71
58 76
98 67
27 13
81 7
44 4
58 2
83 85
73 51
6 95
89 5
32 90
15 42
27 68
42 78
65 88
88 19
37 47
17 59
87 48
98 47
1 70
2 84
2 21
65 3
24 90
55 86
88 97
67 78
70 69
12 25
35 38
60 36
80 42
71 38
