100
224 973 839 541 201 852 59 954 655 585 751 185 962 530 409 412 741 504 354 678 484 905 436 970 56 133 882 9 775 253 707 903 471 331 42 264 911 265 952 495 541 93 481 74 216 607 477 627 607 888 370 465 29 213 28 975 142 549 532 839 323 153 483 750 573 947 661 174 922 951 603 831 27 939 839 273 104 842 112 919 649 688 660 943 484 528 860 111 565 966 500 608 440 947 164 37 488 469 743 937 
20
826 582 851 878 573 633 433 600 206 994 548 453 697 113 205 475 50 651 641 612 
100
52 50
89 57
70 36
20 57
5 8
70 34
56 85
85 53
45 38
43 52
94 1
25 42
88 98
9 36
77 91
47 34
16 5
20 46
90 9
36 54
5 38
2 71
62 46
61 5
25 2
38 27
1 42
33 56
68 9
1 22
62 92
40 61
26 48
89 42
50 38
5 1
64 45
85 94
63 87
31 16
42 31
44 22
28 77
78 80
30 52
30 27
28 9
25 97
80 76
97 29
47 55
47 76
3 18
17 54
56 1
42 47
27 70
86 14
22 40
87 42
90 73
3 97
89 71
20 16
44 80
98 54
0 63
68 49
0 69
78 54
84 51
38 67
42 69
18 13
83 56
12 18
72 89
92 19
3 91
15 45
29 88
18 17
55 17
43 69
96 63
70 44
57 84
74 60
94 84
2 92
36 5
70 39
32 31
17 37
26 73
68 44
43 93
20 9
43 21
92 22
