100
241 505 881 191 966 799 194 336 338 132 75 110 274 26 843 127 323 19 586 965 675 426 928 329 663 436 615 627 252 282 897 345 355 162 283 912 173 89 733 39 365 814 862 696 325 889 485 985 540 726 535 43 66 923 858 57 864 238 259 517 970 415 174 693 577 602 816 420 68 60 479 63 750 716 289 819 497 397 542 648 472 236 326 344 6 146 310 552 409 121 456 469 908 561 844 728 537 445 664 626 
20
964 607 523 165 673 703 943 826 593 30 191 326 233 963 26 991 770 283 539 997 
100
52 77
23 55
26 92
14 81
50 24
53 89
90 32
72 84
93 28
41 35
96 92
85 57
78 39
45 48
63 24
55 41
50 95
55 37
43 50
83 74
23 52
61 16
16 69
30 45
17 33
43 69
79 41
76 79
6 26
78 71
41 28
41 4
57 20
8 77
23 42
19 39
16 50
4 38
32 4
72 60
74 21
41 63
85 17
6 40
76 77
41 76
90 56
0 85
40 64
94 20
12 27
55 57
35 29
54 97
16 97
15 72
47 20
54 6
54 8
91 28
99 51
65 44
72 62
1 18
93 78
65 75
31 20
40 28
43 33
42 43
28 80
51 8
83 54
28 63
44 27
21 68
38 5
95 24
67 20
64 89
53 38
40 62
64 37
35 82
38 86
49 30
38 1
24 13
73 64
12 22
78 34
8 14
14 65
58 51
52 66
69 0
49 58
43 14
8 24
12 80
