100
103 284 52 8 155 830 816 294 266 67 874 89 585 457 136 677 383 272 263 343 559 238 879 172 822 94 316 483 573 217 419 460 479 455 501 949 375 414 488 974 158 401 820 825 305 867 441 389 599 63 465 53 802 777 831 439 831 833 559 673 306 756 842 897 505 720 196 735 730 733 769 697 206 4 728 425 173 591 491 284 250 232 541 719 844 420 880 906 474 666 184 289 400 104 916 798 33 779 513 294 
20
869 410 460 917 976 346 250 499 716 496 267 568 481 134 94 703 610 345 805 442 
100
96 97
97 64
73 21
36 65
67 79
50 24
57 84
7 98
77 28
57 89
33 1
62 45
43 62
68 15
55 36
62 39
20 0
0 62
5 63
58 3
21 90
36 11
72 1
85 83
88 19
90 30
83 74
17 23
15 93
95 32
59 60
69 89
20 62
64 10
59 96
51 27
81 56
90 92
88 83
40 60
70 73
10 26
1 98
70 72
5 7
64 65
3 40
94 37
74 11
56 99
34 64
53 95
78 68
55 45
50 8
14 67
46 44
7 61
5 93
21 62
26 39
37 83
86 80
25 98
83 61
43 84
18 23
38 78
90 80
99 92
44 32
62 86
66 76
45 8
70 26
20 31
26 75
63 65
63 78
24 49
91 58
70 90
21 64
72 42
28 46
90 22
43 86
21 4
45 44
56 94
44 57
82 71
43 37
76 53
13 78
54 65
27 92
58 59
44 77
99 8
