100
853 598 18 281 499 105 494 136 908 395 391 216 724 53 540 650 158 49 19 799 200 95 818 681 673 76 394 389 313 206 283 291 48 632 183 751 955 12 158 477 332 198 457 506 621 102 362 103 725 741 838 559 442 896 515 449 108 776 67 720 323 434 547 646 638 213 935 432 898 859 530 263 645 388 680 756 724 491 641 413 244 74 356 334 189 160 248 35 418 464 659 239 756 975 729 168 141 143 711 494 
20
61 918 891 260 572 29 872 915 108 58 712 771 6 163 612 987 480 674 334 280 
100
36 30
86 37
13 94
58 93
56 10
24 89
77 8
3 43
17 77
33 0
1 60
16 50
58 79
47 73
86 50
42 52
71 15
70 64
62 6
16 42
57 94
84 72
37 96
96 5
30 6
62 86
18 86
88 29
49 12
16 46
95 49
75 93
71 1
39 78
13 31
16 51
13 77
53 66
70 24
18 15
9 59
71 8
75 25
17 76
77 25
7 13
95 23
7 21
81 90
71 89
42 30
16 13
52 45
7 20
33 20
17 82
89 81
88 93
17 9
44 75
77 98
50 39
68 13
27 88
3 17
59 94
36 92
24 96
5 98
75 31
80 9
82 79
64 78
92 78
11 96
32 31
66 2
68 80
8 88
38 61
61 41
55 97
17 75
89 63
59 23
73 62
78 60
17 12
63 42
17 46
43 95
56 85
57 18
28 30
63 57
61 22
85 91
17 86
94 38
93 46
