100
658 170 594 611 44 615 414 201 945 749 867 890 143 631 805 203 638 883 65 119 400 521 846 80 937 569 912 291 804 24 218 899 975 210 906 323 568 306 311 422 777 145 664 818 650 791 303 392 614 580 857 242 243 713 924 713 924 535 536 614 463 430 300 456 295 290 685 649 112 187 761 965 772 12 509 223 262 13 670 425 410 939 773 945 102 896 819 532 985 247 767 448 345 50 347 83 464 145 958 387 
20
810 661 356 61 513 453 443 28 862 32 999 989 696 410 565 841 184 580 63 60 
100
74 18
97 52
7 16
37 26
96 43
10 69
43 15
86 60
50 10
76 56
48 66
46 15
83 51
50 70
97 13
63 42
88 52
34 60
36 49
88 63
90 10
63 51
59 46
65 25
85 57
50 79
56 0
17 64
79 39
53 35
33 12
60 13
92 71
97 11
71 40
30 18
69 84
61 35
81 98
25 49
42 67
12 5
24 45
16 86
62 59
37 86
96 29
63 5
20 77
41 73
84 40
47 15
27 67
52 84
83 73
19 4
29 75
30 82
58 34
28 48
17 19
82 2
81 28
65 18
50 62
48 6
2 71
18 1
37 55
92 42
1 71
40 10
72 14
59 52
73 76
15 30
48 26
0 9
31 70
68 42
10 29
71 98
55 47
75 68
40 51
40 26
50 44
23 77
46 7
90 42
99 8
31 14
25 55
71 13
63 94
83 78
34 95
70 60
6 52
98 99
