100
553 686 763 133 12 448 861 434 851 191 642 666 953 741 712 917 232 954 183 556 258 96 361 695 964 978 970 760 453 784 642 447 266 806 243 14 962 598 418 264 291 371 166 283 419 15 449 599 595 995 649 829 706 89 976 815 574 233 246 698 544 817 195 906 277 578 617 525 965 66 864 393 699 385 942 238 79 945 647 602 847 985 566 893 49 975 219 105 152 802 677 164 398 814 704 190 602 238 34 731 
20
613 913 883 93 978 24 624 605 287 179 493 227 517 675 366 137 217 586 378 998 
100
24 95
69 37
80 47
41 22
70 44
41 80
47 59
12 18
89 48
32 42
48 28
77 11
62 89
21 29
14 94
14 32
3 23
75 69
3 7
44 9
4 36
61 28
91 82
58 24
78 21
16 21
25 74
42 13
84 95
28 26
80 5
44 15
56 99
88 18
16 97
27 77
52 48
85 14
24 20
45 10
19 80
36 94
7 11
2 48
16 34
72 3
15 29
28 83
94 47
42 94
29 98
74 92
92 52
54 47
18 8
18 92
70 54
29 35
20 93
28 71
49 87
95 52
87 98
92 6
81 86
8 55
15 78
59 57
3 86
95 32
89 59
3 28
71 8
52 8
60 67
29 28
66 9
56 26
3 31
64 98
46 55
2 4
27 87
12 22
48 64
95 80
40 47
19 37
52 66
9 76
74 38
81 62
14 91
94 8
95 77
72 25
20 47
98 18
49 0
40 84
