100
821 108 963 30 85 606 937 911 373 742 646 275 5 886 228 198 806 577 460 151 270 393 146 564 624 602 314 273 12 689 945 166 711 702 488 953 337 923 466 668 974 637 298 358 68 236 553 793 395 39 757 977 702 38 691 654 147 844 499 836 115 191 469 27 636 133 462 843 274 504 469 304 542 497 3 33 660 581 340 861 213 231 356 866 795 896 18 143 547 697 337 890 683 366 639 4 366 87 505 308 
20
578 335 197 840 194 411 212 974 30 271 854 221 149 954 153 919 979 403 564 744 
100
14 48
3 8
84 30
87 67
13 46
90 62
55 50
51 73
82 86
0 45
34 4
95 78
26 77
27 72
12 42
18 24
53 75
63 34
24 42
86 94
46 34
35 18
92 40
87 91
76 36
26 17
15 34
21 62
99 6
11 72
59 62
97 47
10 33
97 76
7 53
63 39
77 47
76 64
17 81
10 39
21 32
55 90
40 73
29 91
70 16
97 54
89 55
94 57
89 23
26 18
80 30
93 80
54 40
98 69
62 60
93 73
91 9
78 84
20 99
46 92
71 16
57 11
95 0
19 46
34 3
68 23
86 28
85 72
6 93
24 93
33 70
86 48
74 2
96 40
39 5
6 48
20 26
45 59
14 76
83 60
66 62
14 92
28 51
69 96
90 12
16 10
61 59
29 55
78 20
61 24
14 13
31 43
19 32
42 73
97 26
12 99
42 99
40 34
73 52
42 89
