100
41 517 862 537 166 593 933 436 542 912 5 613 204 732 916 493 688 502 286 541 142 178 334 36 698 399 659 888 4 45 936 421 632 665 363 138 873 169 868 53 608 703 130 287 644 86 133 512 287 284 52 433 434 563 671 821 223 20 309 391 955 740 914 524 620 887 638 409 810 689 157 164 603 628 468 242 739 428 803 847 302 105 873 686 332 807 445 631 137 215 422 721 282 521 824 599 909 872 450 715 
20
877 121 905 102 138 89 737 991 204 692 578 113 437 513 289 302 396 258 244 561 
100
33 52
97 59
42 30
8 78
77 60
23 71
15 95
61 50
28 56
9 95
9 73
29 57
61 85
30 17
37 88
55 73
50 48
63 35
27 57
27 7
84 51
10 63
39 28
48 76
49 35
56 12
4 35
29 78
96 22
15 40
99 49
32 23
17 16
97 13
83 54
36 9
55 35
58 59
4 76
79 49
94 56
17 39
93 41
82 86
40 53
94 1
83 29
41 4
98 48
27 92
9 54
20 61
9 71
9 56
0 75
40 80
93 82
41 13
99 45
24 80
95 76
36 47
53 10
91 99
65 47
58 53
4 77
18 60
98 42
69 73
76 38
43 89
81 24
57 43
53 68
61 27
20 92
66 72
5 10
63 3
69 27
66 98
75 38
98 75
38 82
45 97
62 20
46 2
0 27
62 40
10 88
1 48
0 36
60 26
62 74
44 60
92 91
94 51
11 89
8 1
