100
52 670 923 361 226 838 726 667 109 43 386 315 769 571 923 574 924 118 732 523 20 651 781 679 902 458 486 774 407 860 43 328 840 742 263 440 240 294 591 362 92 100 552 457 5 634 439 456 429 753 679 443 231 61 249 594 768 91 117 336 842 595 166 748 595 141 284 954 407 882 924 520 40 169 85 32 612 487 764 332 723 338 303 579 614 858 304 952 693 696 162 173 400 316 859 947 71 436 273 955 
20
887 860 121 991 943 639 984 255 926 305 440 70 855 788 431 230 266 275 414 937 
100
59 24
64 4
96 87
92 93
22 95
59 14
10 19
17 61
71 26
48 22
57 54
60 0
96 20
64 37
30 95
63 72
42 25
34 94
95 77
77 54
66 51
86 59
5 60
74 10
9 61
83 81
66 94
49 13
69 95
49 58
93 88
90 29
0 4
61 36
20 0
12 46
90 10
9 44
44 10
56 24
3 67
49 51
28 15
59 77
69 12
82 48
69 54
91 93
5 39
20 48
76 77
20 64
60 26
67 72
6 31
53 68
6 2
74 16
30 81
87 98
9 81
47 90
61 21
62 76
25 95
0 48
89 34
59 19
36 85
64 61
32 31
55 57
48 94
24 53
39 77
74 61
4 11
50 81
71 78
68 7
48 64
30 39
0 55
36 47
80 67
12 11
13 23
70 3
21 44
20 39
55 2
78 76
9 95
61 41
5 76
92 37
45 36
39 34
77 97
38 71
