100
178 100 438 197 953 246 779 655 879 145 405 34 156 624 726 189 467 91 939 117 248 587 429 505 350 121 586 355 162 582 747 581 153 532 429 883 625 914 806 228 50 914 976 109 713 311 85 543 368 857 321 273 140 746 812 114 693 42 485 150 570 801 708 862 688 904 423 354 643 101 70 593 798 603 603 812 966 787 376 3 7 90 584 340 696 166 31 619 880 367 189 164 523 198 835 34 895 549 662 516 
20
729 299 624 222 693 893 306 809 934 366 549 485 137 801 973 588 912 977 371 893 
100
50 10
24 58
45 27
4 34
88 92
25 33
73 38
56 19
97 16
77 86
2 80
69 45
27 50
39 95
84 28
72 45
59 34
35 60
7 81
45 32
68 63
9 19
84 21
8 79
34 64
79 3
3 53
89 96
46 22
50 83
53 63
17 58
63 2
9 60
57 11
0 5
89 85
70 1
12 51
80 81
56 53
49 53
0 79
14 24
43 67
94 32
95 45
83 19
26 39
41 59
16 61
83 82
11 9
10 59
59 96
99 39
47 95
10 26
10 64
70 98
64 4
67 79
62 39
68 51
69 0
26 65
60 41
37 94
0 81
76 96
1 24
32 63
51 17
59 58
11 78
73 35
95 6
21 47
20 58
32 58
26 66
71 95
69 22
67 33
60 19
17 39
63 28
10 2
48 38
92 79
62 55
91 38
98 3
9 56
45 10
23 73
23 21
5 87
11 48
62 25
