100
736 63 341 89 341 338 366 324 316 607 788 46 673 769 75 444 553 572 681 43 550 37 853 399 485 502 184 827 51 961 724 607 45 190 251 772 697 225 905 784 434 629 439 514 414 808 775 451 394 697 732 40 603 967 506 817 542 433 640 899 500 905 71 900 550 725 380 58 866 988 572 711 67 267 629 3 903 163 733 66 829 781 288 529 745 254 689 134 160 596 240 659 154 186 319 143 599 416 498 216 
20
918 867 413 782 331 447 209 965 264 993 340 902 649 925 869 94 850 859 838 32 
100
36 84
58 38
95 96
5 1
26 32
77 27
78 77
87 48
6 58
98 88
99 88
77 10
37 64
68 44
45 23
63 13
69 90
59 3
53 78
81 69
16 73
7 77
86 52
68 8
76 88
73 51
35 20
39 0
73 30
84 94
99 43
36 43
49 78
53 98
98 68
30 89
54 92
43 52
86 97
79 20
8 73
54 39
24 59
27 95
29 83
70 65
32 40
95 78
11 8
99 4
60 87
31 53
96 18
25 87
19 43
92 68
10 3
78 3
25 55
34 18
38 66
29 84
59 56
56 90
43 60
77 8
69 75
27 80
78 16
92 59
33 94
39 59
20 22
30 78
66 21
51 24
64 22
66 10
50 42
21 50
92 40
20 42
80 95
89 36
34 40
90 67
22 88
17 31
67 74
12 40
79 25
61 18
48 91
29 55
25 96
19 49
69 46
40 85
88 55
45 10
