100
38 518 354 814 268 301 597 368 463 673 316 587 0 396 766 825 599 449 611 868 896 566 57 755 615 546 385 420 809 766 43 310 676 653 328 479 76 451 315 656 808 271 104 121 500 130 720 534 462 530 248 795 932 972 869 382 441 94 977 868 373 916 299 673 620 733 28 745 904 871 353 586 902 175 744 171 91 13 945 823 334 285 774 525 825 329 45 306 758 570 957 861 522 472 331 871 680 234 613 491 
20
352 122 536 64 715 214 401 521 112 914 34 848 943 137 991 631 425 247 470 952 
1000
13 28
84 21
10 48
97 61
14 35
7 69
78 93
63 24
53 99
21 63
56 64
70 4
77 90
81 95
5 0
73 80
31 0
35 69
63 27
21 25
29 5
29 39
65 36
56 41
16 96
2 98
59 79
81 90
52 68
69 30
66 62
83 54
71 79
63 18
64 72
95 10
55 69
1 78
83 49
5 85
11 57
71 39
24 40
78 23
48 74
98 32
77 89
75 84
69 99
14 57
42 55
66 29
97 93
20 11
81 28
56 62
49 41
64 4
82 89
64 87
65 42
41 51
77 48
93 67
97 64
37 10
30 29
27 52
77 17
5 96
62 79
65 49
67 94
95 41
75 87
97 91
0 44
37 12
46 89
76 29
41 23
17 18
59 86
47 57
38 9
61 69
10 47
73 19
73 52
71 86
68 21
91 14
4 30
55 39
37 96
92 0
89 45
32 81
7 90
31 87
39 48
82 34
15 70
74 57
69 65
51 55
47 45
91 45
64 15
10 41
65 38
10 61
15 83
85 97
66 50
69 18
53 71
94 65
4 14
93 23
3 17
90 96
74 10
86 12
66 40
19 61
24 11
39 31
64 12
29 98
12 20
88 8
25 2
97 38
71 27
50 45
45 85
3 26
19 82
62 36
7 32
11 18
87 24
86 85
62 49
41 99
76 59
18 24
61 52
98 56
98 76
71 61
54 52
27 37
49 54
25 59
96 8
9 85
31 66
11 36
40 4
28 24
42 37
42 28
1 85
2 78
96 61
26 71
72 95
40 50
13 59
63 85
32 92
8 85
93 89
83 64
37 6
40 55
2 11
78 25
36 46
79 10
65 41
44 55
9 3
77 56
81 53
34 63
32 70
47 95
17 29
3 72
83 11
19 53
74 17
26 80
24 75
87 85
77 47
5 30
48 88
55 49
21 97
42 41
59 33
4 37
24 5
5 76
24 1
96 0
13 46
63 55
38 44
10 34
39 67
17 45
3 68
16 23
99 21
5 54
98 71
45 26
8 65
62 60
99 96
12 35
52 79
32 54
94 82
86 0
10 43
10 12
73 39
17 79
38 56
42 75
89 57
64 23
38 59
39 45
11 16
21 59
47 34
57 56
96 87
10 42
31 71
83 28
35 37
71 15
79 69
74 84
3 71
46 12
7 73
13 50
30 61
67 80
74 85
95 4
43 22
34 69
38 34
82 36
43 47
93 95
57 4
65 54
69 40
74 9
13 31
15 17
61 94
29 14
43 99
78 28
85 47
68 23
97 11
81 9
74 0
57 32
65 10
79 78
97 41
96 66
17 59
29 7
74 36
83 4
97 59
42 57
72 25
34 89
3 42
19 88
96 79
91 57
54 14
22 89
67 38
14 78
14 46
29 15
35 75
1 10
87 53
49 70
96 89
53 86
31 73
60 72
78 96
37 8
88 99
64 63
46 78
23 30
28 99
74 21
73 8
13 35
95 85
25 65
89 86
77 53
61 3
74 16
56 60
4 96
19 90
59 26
20 61
15 12
81 75
5 17
6 10
69 71
36 56
93 80
97 94
45 31
47 82
1 75
11 58
97 45
38 66
40 90
12 14
30 13
69 58
99 35
33 51
58 94
0 80
46 75
73 95
72 50
49 14
52 40
65 1
98 91
92 13
91 23
60 96
70 31
56 12
3 14
13 69
27 7
55 34
3 23
47 84
67 99
15 66
41 90
62 23
0 56
3 36
54 27
17 60
28 12
43 85
12 47
27 9
49 77
28 20
14 9
28 57
4 3
0 69
88 61
50 80
67 7
48 55
63 60
46 85
16 53
26 55
54 72
44 66
48 95
34 79
11 4
26 10
81 94
52 89
18 57
22 30
46 45
80 82
42 16
92 3
93 24
67 15
8 10
11 95
19 72
2 73
32 74
14 13
80 31
73 57
26 98
21 47
69 89
77 8
30 67
49 50
91 16
69 49
41 63
73 87
76 26
53 59
77 21
5 23
62 50
35 4
44 64
73 49
30 68
15 48
26 49
47 74
1 67
32 15
42 27
25 87
7 3
51 42
60 77
46 33
77 40
28 52
65 33
83 0
37 23
19 60
29 47
55 74
38 74
1 38
48 59
70 33
81 61
80 99
77 19
98 79
89 61
35 1
78 44
83 93
44 4
50 48
56 30
44 28
74 39
4 55
81 14
13 74
37 71
61 54
61 70
61 42
81 66
50 59
49 1
87 48
7 97
76 23
70 48
29 84
93 39
15 2
96 12
28 9
4 34
32 96
33 0
29 62
8 66
31 63
60 84
50 33
81 40
98 80
32 3
49 95
0 1
25 9
60 5
95 26
90 37
12 85
72 36
31 79
85 6
34 7
89 15
27 84
1 60
88 23
96 23
14 52
80 88
22 54
25 94
7 15
62 90
55 86
68 54
42 58
6 56
19 62
15 4
53 80
88 9
48 46
66 67
98 75
0 25
64 60
24 90
26 30
7 61
14 65
69 22
58 88
13 80
45 29
30 79
12 50
27 79
69 39
95 32
21 9
76 13
63 23
48 86
42 76
64 67
37 95
90 31
1 84
30 39
25 24
80 64
17 72
73 5
91 51
89 11
87 76
68 64
22 13
69 15
71 87
93 49
58 32
69 84
21 34
2 13
0 23
28 77
21 38
61 73
38 14
5 92
69 68
13 21
38 4
25 81
24 32
69 33
76 28
95 22
10 14
50 10
5 18
3 35
49 68
96 51
69 74
12 98
54 88
98 19
5 49
77 55
6 69
38 68
34 28
94 18
7 72
74 92
38 82
68 15
54 91
64 32
72 6
92 39
49 17
21 1
52 63
12 2
17 19
15 11
40 94
81 65
11 56
94 53
82 8
99 60
97 33
30 40
33 18
24 8
21 32
15 52
17 56
34 42
16 20
50 93
32 87
94 73
98 69
93 85
63 35
67 82
74 18
47 1
7 21
92 26
63 83
66 42
2 60
76 7
28 51
21 28
94 46
99 62
55 94
51 38
37 76
33 39
75 0
26 16
70 9
68 5
33 85
69 24
84 9
47 89
46 40
67 20
55 97
75 59
82 6
34 36
15 50
68 45
51 46
40 31
71 82
74 99
62 85
35 85
4 73
22 6
34 98
4 93
88 85
80 22
58 83
71 18
9 32
35 93
66 28
7 8
15 3
24 33
85 21
98 82
97 23
9 37
60 16
32 78
11 1
95 91
2 33
44 6
45 79
47 83
84 87
45 61
79 80
25 47
29 99
98 13
31 48
57 64
26 46
74 78
76 95
8 97
97 40
78 5
87 93
6 40
93 19
59 64
74 6
57 16
70 78
32 26
17 89
61 33
67 6
16 85
2 90
66 25
39 60
53 4
30 85
33 84
5 43
64 89
75 31
51 64
36 9
15 72
5 8
12 74
38 40
31 76
87 41
70 26
34 16
14 58
11 96
44 17
20 98
49 21
54 87
34 93
80 19
17 86
7 2
61 58
15 45
28 18
63 26
63 17
78 75
10 21
16 46
37 19
29 59
0 13
41 27
88 47
23 73
91 19
16 72
44 68
87 79
4 92
62 78
16 9
83 32
87 92
90 30
72 78
40 17
40 10
15 80
27 18
57 85
7 13
98 44
67 9
89 35
14 19
80 62
59 51
34 80
1 52
33 19
96 77
43 2
51 40
12 53
55 91
13 38
46 95
67 36
66 59
98 89
3 33
3 5
2 69
10 33
22 96
6 15
61 86
5 83
74 52
75 58
94 87
97 69
97 72
93 96
65 2
58 60
0 11
10 31
8 75
53 32
73 25
80 32
62 11
18 88
83 87
5 64
0 63
49 85
44 63
47 93
39 15
11 12
11 23
19 65
75 34
68 32
28 40
25 82
36 83
84 61
91 69
97 99
11 28
68 12
47 50
79 38
54 71
77 78
1 9
1 3
8 51
0 14
75 61
87 3
87 70
72 75
31 22
87 0
86 22
60 6
97 87
92 65
20 93
51 26
94 0
7 30
34 83
77 5
63 96
28 55
15 8
9 4
30 75
86 97
91 46
11 59
87 36
71 35
59 46
25 37
84 34
92 8
88 84
78 91
54 56
34 58
18 70
97 10
71 13
15 51
30 48
31 3
82 18
44 76
19 13
55 75
46 76
65 53
41 46
27 72
27 96
27 44
2 14
9 48
23 2
87 2
67 98
1 89
68 74
93 26
3 66
98 92
8 63
7 83
9 39
74 46
67 4
19 16
58 92
82 32
54 69
20 29
99 63
6 30
57 1
97 26
34 37
16 51
45 70
95 30
60 25
30 10
63 29
74 64
78 71
92 12
52 7
52 23
97 70
32 97
30 65
47 80
47 64
50 61
96 53
38 17
1 43
88 22
50 57
96 34
4 74
81 34
67 62
55 27
82 51
99 17
12 66
54 97
37 44
78 88
31 41
60 21
19 52
32 17
3 52
50 87
16 69
84 64
19 15
68 67
49 23
11 35
65 78
47 60
15 65
68 33
65 86
93 68
21 98
0 54
68 95
23 80
27 53
