100
919 19 29 944 926 265 976 222 790 428 181 924 326 896 359 172 760 118 870 500 346 884 298 687 402 792 870 211 379 939 667 708 422 573 130 686 288 511 330 263 907 624 689 314 498 931 125 494 958 926 970 236 155 899 388 329 593 90 308 566 840 5 901 514 751 799 616 230 861 313 692 33 650 572 26 482 118 215 578 494 549 896 509 608 768 985 194 232 758 152 512 205 706 427 858 453 249 795 582 682 
20
111 220 963 932 994 582 43 105 262 954 38 607 272 65 20 214 875 460 962 820 
1000
1 15
66 87
96 91
85 72
59 67
11 54
59 48
65 76
19 38
95 93
36 30
99 65
56 1
65 97
3 60
4 18
43 84
94 30
34 9
69 75
85 87
57 69
68 6
94 19
24 36
46 20
39 72
7 91
79 35
36 65
55 4
31 43
24 37
30 61
40 82
22 56
70 81
45 50
0 77
79 19
62 36
22 98
80 97
36 19
47 45
52 7
4 83
93 5
61 31
28 86
77 1
3 69
1 14
95 76
84 18
76 18
85 42
99 47
53 62
17 48
9 13
21 77
83 48
73 43
44 12
80 36
91 30
58 13
79 61
10 71
20 34
11 26
99 94
66 67
46 76
4 47
64 28
78 14
57 68
28 80
38 22
99 7
95 64
29 91
78 87
53 72
61 58
7 69
1 84
70 88
37 41
47 62
18 8
37 0
27 9
49 50
22 84
6 24
53 69
73 9
17 8
59 96
94 45
65 51
99 20
24 95
70 84
45 22
44 66
5 86
39 43
26 39
10 18
72 37
39 32
36 47
72 25
49 93
89 69
97 75
58 52
98 20
19 89
84 39
4 41
64 22
62 79
45 54
76 60
64 11
27 0
93 71
44 82
30 28
25 68
2 3
35 27
22 9
97 92
14 39
96 58
83 75
31 98
63 49
67 40
69 17
49 47
1 83
9 65
81 68
50 5
77 56
61 33
95 70
47 73
3 92
48 29
66 49
59 8
59 55
21 99
74 19
58 22
12 46
87 61
37 40
27 94
61 9
26 17
88 56
63 18
91 97
73 42
52 63
16 0
11 30
39 54
67 84
15 31
88 48
79 11
35 95
15 98
81 26
96 63
15 88
52 40
42 0
9 59
95 84
5 1
88 35
86 11
39 89
23 54
91 53
82 14
5 41
51 55
97 51
34 74
4 2
84 48
9 11
61 45
65 71
2 62
2 45
71 8
58 34
65 14
6 59
85 95
79 86
64 93
3 64
38 58
71 86
29 26
70 96
64 67
49 28
11 71
18 2
82 45
66 77
54 16
74 82
85 96
54 42
12 82
86 81
14 90
68 65
72 50
76 39
54 51
5 64
44 49
88 73
77 55
15 66
71 50
43 50
66 51
92 83
8 32
71 6
40 89
50 23
3 21
35 13
15 69
85 37
21 60
87 68
38 32
65 43
14 26
87 43
86 25
59 43
43 44
22 41
31 75
10 14
8 66
18 89
7 54
60 52
52 36
76 42
30 97
4 30
66 3
90 13
79 39
79 51
88 94
55 32
40 94
28 83
65 16
64 71
69 90
11 89
68 71
82 48
83 2
65 48
36 57
38 94
0 84
83 96
23 69
8 52
18 13
8 51
38 63
91 85
94 59
42 17
87 77
84 85
39 48
71 21
14 73
10 43
58 59
24 75
17 57
68 62
99 80
66 82
78 41
28 43
73 53
71 47
47 70
88 45
13 37
31 34
21 70
9 6
2 0
7 74
86 47
65 39
29 49
26 20
98 78
22 55
53 31
19 45
17 21
47 63
42 67
13 15
18 26
5 98
34 39
55 52
96 69
8 93
43 7
57 94
1 58
81 50
89 14
32 28
69 43
91 61
72 81
99 63
77 78
11 80
34 67
50 53
52 95
66 64
22 77
45 3
30 65
46 65
62 85
67 78
7 53
16 58
53 18
58 77
43 27
31 46
27 40
0 57
99 49
50 20
33 24
80 89
77 15
78 15
91 87
75 9
9 38
57 90
33 41
36 73
78 16
50 0
95 68
88 37
39 8
77 38
30 66
78 96
86 3
21 38
71 30
34 59
81 90
98 4
31 67
3 42
81 42
17 30
9 52
5 25
49 82
88 87
93 89
91 23
24 74
23 22
17 77
7 94
45 23
92 30
33 17
22 82
33 64
10 8
38 28
40 41
57 65
19 27
15 61
43 85
75 30
21 35
34 38
58 57
52 66
62 98
38 11
25 11
36 26
50 76
89 25
61 26
26 21
52 65
15 76
25 80
23 80
52 4
92 23
9 90
55 78
87 5
14 25
55 43
39 4
65 84
95 59
33 16
71 72
71 28
51 91
19 47
65 62
1 91
36 11
98 29
61 17
74 5
74 36
62 95
66 46
40 73
29 74
56 69
67 23
3 68
31 37
93 34
45 74
77 79
94 82
96 12
31 29
10 40
63 14
94 13
18 90
41 92
9 95
71 19
77 27
67 55
80 54
66 85
48 49
70 55
37 63
74 25
70 66
11 77
45 1
5 34
72 1
76 45
44 7
92 57
7 46
90 96
95 6
60 96
94 69
52 35
17 31
6 31
64 80
30 33
45 62
22 44
91 54
85 8
68 35
26 34
94 51
82 62
55 15
99 55
84 87
48 24
72 49
51 20
14 85
49 12
16 74
48 57
15 97
67 45
57 4
82 97
63 19
67 1
72 93
25 26
18 36
34 53
18 15
45 80
53 87
72 6
3 30
38 67
7 98
69 70
1 79
31 82
95 83
15 58
43 5
12 30
79 16
25 81
5 27
20 2
21 10
29 62
2 43
93 9
86 89
73 99
46 42
6 26
50 54
39 20
3 91
0 12
98 77
97 35
43 58
90 23
55 34
63 41
69 77
58 75
96 53
70 25
48 11
3 94
65 85
33 77
49 21
66 32
57 53
66 57
9 79
53 38
44 72
1 48
4 80
64 59
73 41
65 61
95 2
20 36
25 4
13 96
79 96
83 76
78 94
67 99
25 71
71 66
51 25
34 43
30 27
78 86
26 46
31 18
24 51
11 53
71 15
56 61
92 69
59 24
28 94
14 92
72 58
30 2
44 67
88 78
83 80
11 50
29 93
38 59
44 64
1 54
39 30
76 89
81 18
49 86
26 69
77 20
0 60
45 40
68 59
76 49
10 87
70 91
36 98
86 61
80 79
45 27
61 29
75 44
66 20
46 9
36 45
19 84
14 8
11 27
83 12
47 46
55 81
74 21
91 2
6 88
55 76
12 80
14 66
83 32
48 51
40 79
59 80
9 99
31 33
56 12
10 1
96 4
20 24
42 83
44 50
88 17
54 79
19 97
60 13
4 7
81 98
65 80
7 48
68 78
12 51
24 50
42 96
98 82
48 47
62 56
56 5
36 59
38 74
66 90
79 91
42 29
62 86
27 29
11 3
18 62
57 16
23 34
80 1
59 7
89 52
28 63
78 19
66 22
6 47
45 59
16 4
46 98
11 31
20 5
20 11
29 1
15 87
61 88
79 68
0 14
67 37
21 39
24 71
55 45
6 70
16 1
99 27
97 72
19 85
76 16
48 99
53 42
39 10
22 12
21 63
18 69
46 8
2 40
58 37
38 87
39 45
25 40
21 97
2 84
65 24
9 85
27 76
66 98
50 73
44 65
85 12
27 58
88 91
51 11
1 3
59 30
1 62
93 61
84 97
82 24
92 28
59 10
40 49
8 92
91 82
12 67
96 33
25 59
48 52
26 31
32 96
59 73
96 18
29 77
5 3
48 95
8 9
62 73
12 69
34 40
57 15
56 85
67 50
50 2
82 50
92 74
73 33
16 96
78 76
45 66
64 27
99 11
46 71
67 7
9 81
45 48
32 93
75 54
48 33
27 79
59 57
43 6
88 1
98 65
3 90
64 85
83 18
16 22
97 81
43 94
1 68
97 26
68 13
20 38
97 76
11 75
66 18
88 74
47 10
29 81
38 95
44 98
44 87
21 58
56 59
17 83
28 7
69 16
43 16
7 47
67 49
44 3
31 10
13 6
23 56
52 27
9 72
63 34
33 36
10 58
63 35
7 8
33 11
12 29
44 0
40 68
0 80
22 95
37 55
17 78
35 75
74 12
6 52
62 89
2 60
44 31
16 38
35 87
44 37
30 13
87 0
87 74
80 78
68 72
91 11
85 40
28 74
44 83
56 54
57 60
19 5
42 39
17 45
83 91
65 89
45 79
3 31
86 40
67 30
91 59
34 98
64 9
39 97
88 46
90 10
15 50
35 72
62 74
60 51
15 60
77 32
35 0
30 58
37 79
63 60
96 41
31 55
24 57
50 1
46 27
18 25
34 6
91 25
89 50
27 67
85 48
22 39
14 93
26 9
36 66
13 45
10 94
53 48
63 70
76 51
15 33
37 2
20 78
46 60
27 16
40 15
66 84
33 13
11 55
7 23
4 49
14 80
86 66
95 16
52 37
61 64
0 10
46 53
4 44
91 84
80 21
48 86
19 88
34 0
70 71
3 61
20 3
84 86
83 3
35 99
0 92
97 78
53 5
19 87
58 76
67 53
74 50
82 29
29 33
10 34
85 60
46 37
87 50
16 12
75 49
38 33
8 22
11 44
76 74
6 8
24 42
1 22
28 98
98 85
62 72
97 83
26 8
7 41
90 73
52 41
61 6
58 79
10 69
40 95
77 75
9 47
47 53
27 17
88 26
46 18
53 37
21 69
90 7
59 66
67 26
7 70
99 92
26 86
62 97
38 12
54 34
41 12
84 72
86 13
54 25
