100
721 966 564 475 803 966 253 562 283 733 940 386 241 661 832 77 501 72 259 815 224 811 983 611 97 766 593 831 763 453 34 582 665 18 61 464 663 689 482 666 100 641 391 493 874 673 285 164 495 716 775 481 219 458 67 300 280 476 62 401 567 241 545 200 136 289 958 416 32 567 142 650 857 2 555 730 243 993 569 90 80 403 592 715 842 784 294 211 131 779 786 910 447 541 640 20 567 350 807 730 
20
21 659 699 584 156 200 53 945 452 128 860 152 454 361 996 874 885 904 899 752 
1000
17 68
67 30
79 64
93 32
88 5
43 69
91 29
15 89
46 43
13 88
6 19
50 70
1 37
97 47
34 49
39 38
9 29
48 4
18 54
7 71
84 57
90 82
97 84
59 10
71 4
0 4
67 18
52 66
13 77
10 84
79 51
69 9
58 18
39 78
38 59
71 56
15 19
56 52
48 68
2 88
56 23
50 87
32 35
80 23
82 65
67 66
26 55
1 77
13 75
14 52
17 98
33 47
52 77
95 89
44 25
70 91
90 62
83 46
44 98
84 42
10 24
99 4
46 35
14 91
55 45
45 28
69 59
14 79
29 3
13 94
90 72
24 25
36 32
0 37
19 73
59 73
72 11
78 9
51 8
20 87
60 51
98 75
83 14
71 86
94 75
66 61
36 80
58 75
97 99
86 97
28 43
59 55
44 41
5 26
91 72
49 42
50 79
96 43
80 93
51 86
25 39
17 28
38 43
49 14
54 24
90 17
22 78
51 67
78 34
32 70
80 88
41 22
7 91
72 1
95 29
20 11
86 50
50 77
28 53
51 3
48 30
91 27
4 86
98 49
32 19
16 88
84 54
14 3
56 22
48 1
25 30
41 81
17 5
82 12
31 32
74 48
29 21
92 64
39 61
54 95
73 71
0 95
64 50
84 47
28 18
26 22
50 6
37 3
12 58
8 50
44 70
16 75
27 58
38 1
85 68
84 61
22 69
66 4
29 82
46 58
52 83
79 81
52 93
57 52
51 56
12 97
31 19
81 44
87 28
64 16
51 52
49 62
21 26
24 39
27 65
58 73
41 64
30 87
3 23
28 97
98 3
19 14
5 38
21 63
84 17
91 51
97 4
33 26
86 43
52 48
53 34
47 32
55 81
27 37
1 35
58 64
97 22
22 94
27 32
50 26
34 29
46 95
26 20
42 35
96 36
64 35
73 52
66 97
66 3
85 20
75 65
3 74
12 35
88 48
71 25
17 44
24 18
65 52
69 91
22 83
16 46
33 17
71 22
95 19
62 84
99 23
2 7
16 31
82 64
75 20
25 59
81 22
36 31
26 93
0 98
46 50
24 51
68 38
60 37
74 69
20 1
0 91
69 11
90 77
16 71
16 8
95 51
82 9
56 50
53 19
86 17
96 77
80 18
44 37
65 55
39 75
68 39
69 83
67 13
20 44
87 94
71 67
76 13
65 17
68 2
90 42
29 11
96 50
14 63
39 66
97 72
99 70
51 28
34 13
76 65
79 82
90 5
45 79
76 42
78 91
61 91
44 74
47 39
34 62
67 80
76 94
71 84
41 35
45 87
96 30
99 13
85 70
97 43
80 14
55 22
58 22
71 48
88 51
43 29
69 40
28 54
30 22
23 37
11 7
52 39
38 11
68 97
49 76
11 1
76 9
99 60
26 54
62 89
74 11
56 78
44 58
37 18
47 23
56 7
6 33
68 0
80 30
95 31
24 65
40 59
39 8
44 89
79 26
53 31
15 96
8 71
73 74
77 51
41 20
84 67
94 26
79 41
90 73
60 26
49 17
86 35
61 85
85 25
72 40
76 11
67 19
44 90
99 72
35 8
93 23
26 64
72 76
58 95
64 13
70 19
26 4
66 11
12 26
37 43
56 11
3 47
59 72
36 87
24 64
41 89
87 41
59 16
19 27
39 33
5 68
85 71
51 20
15 34
3 95
34 37
57 27
54 98
98 91
41 63
5 3
59 53
22 42
35 72
24 90
80 85
89 54
82 57
39 30
96 93
65 14
85 38
47 4
72 43
92 79
13 36
40 56
90 36
0 32
62 94
38 18
55 78
52 19
54 71
65 13
28 79
68 72
83 32
1 92
0 63
39 43
17 30
59 8
34 4
60 72
50 98
19 49
52 33
29 94
20 63
24 58
26 96
68 7
61 78
67 23
35 53
69 30
79 47
77 82
61 68
14 2
57 34
15 68
30 83
81 35
25 56
25 2
49 40
54 9
58 5
1 87
45 60
7 86
98 99
31 59
8 49
20 16
47 16
28 8
22 47
72 48
96 82
98 45
34 58
99 79
12 9
25 18
39 84
55 10
3 24
2 87
87 91
42 96
56 82
15 64
51 96
10 34
1 51
60 73
34 85
92 62
99 42
25 58
92 90
72 65
33 49
39 19
34 46
51 74
39 2
63 27
57 37
63 7
23 77
53 37
85 78
90 45
29 19
34 74
86 36
44 8
1 49
33 35
66 16
92 28
50 11
15 97
56 57
57 26
59 44
14 78
42 2
46 69
54 68
9 60
75 89
93 4
11 98
8 0
93 35
22 31
83 98
10 74
0 57
51 81
6 37
77 46
1 34
0 12
52 75
8 47
86 83
22 15
17 56
85 91
50 94
1 22
71 18
13 26
44 35
1 32
77 88
21 8
57 21
58 11
13 90
4 85
81 15
22 23
62 44
19 80
33 97
25 93
82 63
27 40
29 8
91 25
50 85
75 27
24 28
59 58
12 24
84 89
34 11
92 60
52 8
42 20
79 93
50 1
71 10
32 34
41 55
25 49
61 73
5 28
57 91
63 2
6 74
37 45
51 58
16 11
89 0
82 71
87 4
88 85
93 71
38 46
29 98
53 52
44 7
38 41
22 19
24 4
96 68
99 77
11 51
22 84
73 21
60 58
71 6
19 83
42 91
9 34
38 16
70 98
73 24
24 35
13 33
96 19
87 5
32 71
84 19
71 68
59 94
47 54
52 64
90 3
88 82
52 86
68 91
19 42
25 9
42 94
37 74
39 23
12 93
91 43
90 80
73 70
5 46
28 62
29 77
67 78
53 56
10 70
21 60
86 68
53 50
0 44
3 50
3 1
25 12
76 93
45 63
6 90
82 92
34 61
54 20
2 67
66 79
73 48
96 91
79 56
10 32
56 38
81 8
60 16
0 73
94 81
32 38
82 48
61 19
97 55
9 63
12 42
70 2
87 69
72 15
32 33
23 45
32 67
67 99
60 95
51 27
52 71
6 7
56 26
85 75
74 85
92 25
47 7
88 10
45 64
94 63
10 53
85 24
61 22
61 37
46 8
9 77
70 63
1 9
22 20
1 79
92 41
34 55
6 51
7 39
54 85
34 7
95 66
35 74
1 12
67 85
83 57
38 49
22 54
36 97
27 81
97 11
61 57
44 72
32 11
22 40
50 89
44 38
48 92
95 35
88 58
92 91
93 60
80 5
93 85
19 11
62 78
49 91
98 52
47 80
17 21
69 73
35 96
95 14
88 79
44 66
69 16
60 82
88 93
0 71
31 46
34 21
43 21
39 1
60 96
89 19
37 52
90 49
17 43
36 78
46 3
30 74
58 33
40 18
93 17
41 65
70 46
93 94
63 76
10 7
37 16
11 82
16 98
85 90
83 84
42 97
64 84
2 62
10 23
20 23
72 18
57 33
31 67
48 64
12 43
94 66
46 28
75 41
40 38
15 65
67 34
49 52
85 86
57 88
52 55
82 20
68 51
97 90
13 40
62 15
85 35
7 36
5 4
10 20
19 90
7 45
21 38
49 56
49 23
81 97
79 6
31 2
70 74
6 43
37 33
54 27
44 61
91 84
68 56
88 43
81 52
30 58
98 65
44 84
6 80
14 68
79 9
44 77
54 75
61 41
71 31
5 45
43 7
22 82
36 19
74 26
65 6
89 36
27 45
94 97
73 56
54 97
36 43
76 74
13 31
81 98
54 4
98 89
92 99
87 39
5 75
37 92
7 77
47 18
69 70
71 65
25 35
22 52
58 86
35 49
79 29
54 11
34 75
68 77
47 93
10 26
61 97
11 46
3 30
95 55
54 39
0 53
86 95
45 75
91 94
56 19
72 58
90 27
24 59
59 47
38 57
25 13
6 3
2 93
63 67
90 66
93 59
42 45
25 45
24 62
3 31
82 45
54 87
75 14
23 16
1 58
69 10
6 45
20 48
61 17
99 69
28 90
84 49
87 27
34 45
18 79
94 49
76 38
42 56
21 35
36 34
37 11
8 82
39 27
58 97
74 88
57 68
62 20
7 67
18 45
34 84
0 34
41 76
71 19
4 70
79 95
28 73
90 23
72 46
48 16
13 17
21 45
85 99
2 29
81 87
16 10
55 30
77 73
78 8
46 78
65 1
92 89
82 59
8 72
32 40
5 18
91 41
47 38
4 41
74 84
54 25
64 4
5 40
12 96
48 2
90 88
27 17
31 81
4 59
55 68
57 45
82 69
57 6
69 98
50 41
53 73
17 63
17 83
6 10
71 99
42 23
12 41
22 11
35 94
36 82
22 27
52 59
35 3
69 26
24 32
65 60
57 93
4 29
72 75
86 65
85 97
47 48
87 32
83 88
47 17
90 46
90 15
1 91
74 39
16 13
43 8
46 56
24 74
65 34
44 53
59 20
51 87
30 64
89 58
4 44
20 72
84 55
68 98
2 1
37 68
8 13
89 85
89 70
2 72
44 57
72 54
52 30
39 55
62 7
10 93
26 28
82 61
57 77
