100
497 774 295 907 135 936 233 261 385 314 852 469 604 965 130 698 928 389 851 371 184 350 71 74 472 346 568 198 474 261 225 29 892 473 664 550 529 770 949 145 903 160 369 676 682 22 15 212 539 853 984 263 587 678 52 661 577 919 110 975 64 879 705 333 983 169 842 892 533 367 139 157 300 37 11 308 147 540 761 477 172 418 801 4 305 954 884 394 245 324 91 159 119 634 612 853 830 464 92 0 
20
94 447 524 92 437 455 54 943 425 295 40 524 250 300 987 913 216 490 428 124 
1000
89 83
92 57
1 83
7 34
80 82
72 66
60 45
83 64
79 65
71 83
7 32
96 48
18 45
21 45
34 28
64 73
23 21
20 88
75 22
76 92
42 0
73 10
23 29
56 96
35 47
86 21
12 63
92 17
55 70
58 78
89 92
41 9
17 2
30 35
30 83
26 80
26 22
13 54
44 30
26 13
86 46
34 32
67 75
47 85
16 7
59 19
95 98
55 40
63 96
10 70
29 90
16 0
84 31
18 97
93 82
59 75
4 10
79 85
41 87
20 12
31 22
26 11
35 97
56 23
26 63
94 30
36 41
31 81
87 53
46 27
38 93
21 46
1 44
27 79
3 19
3 60
1 95
18 81
40 43
92 51
11 76
27 99
31 72
40 88
83 46
65 50
45 63
86 8
51 50
36 89
55 62
55 61
72 54
28 52
70 17
94 43
1 68
15 55
63 5
9 63
95 55
14 57
5 21
60 31
30 63
61 90
56 59
11 85
80 61
47 27
49 27
84 1
33 77
72 75
8 17
10 94
24 35
38 56
69 29
7 71
20 97
28 60
78 81
41 59
64 40
22 20
85 93
38 64
14 52
93 73
64 36
32 0
27 95
93 43
52 98
54 14
62 48
43 92
18 26
82 15
5 18
30 65
30 96
23 76
6 84
72 14
46 64
85 62
94 24
27 1
57 41
67 38
73 88
77 62
99 70
1 63
64 94
15 85
71 45
65 80
37 96
24 48
61 69
19 42
58 99
23 64
43 45
26 94
36 72
66 2
22 2
14 99
6 0
42 93
1 15
45 58
29 78
90 42
10 20
45 15
15 91
72 1
62 5
92 96
50 40
74 54
42 97
68 8
73 4
58 68
56 4
80 53
88 5
26 34
74 14
74 57
84 64
46 0
17 68
17 1
69 64
16 80
99 46
60 56
37 12
88 83
78 37
32 11
82 44
36 14
68 18
14 93
20 98
65 16
84 35
83 95
76 52
0 10
17 67
10 3
1 71
36 92
4 93
57 94
41 92
48 9
67 19
55 49
81 37
67 32
95 96
58 19
22 40
80 52
48 57
57 28
85 60
64 32
95 12
13 51
8 91
17 57
43 7
4 62
29 87
13 95
82 23
14 15
56 84
12 0
43 37
20 54
82 13
19 26
99 56
25 4
10 78
52 22
82 78
97 61
58 24
70 26
39 37
19 31
6 57
88 2
95 8
63 14
24 0
31 29
46 5
32 79
80 11
23 37
88 52
10 54
19 60
63 65
54 99
27 92
66 76
45 56
1 39
18 57
1 21
80 45
31 80
44 31
22 62
95 11
57 19
93 74
56 69
77 59
26 77
30 10
51 96
90 39
8 14
77 37
62 49
70 56
93 18
95 77
44 53
45 5
29 26
30 87
36 15
19 34
82 7
35 10
92 2
91 43
18 13
37 86
97 50
23 53
60 72
70 58
76 56
39 40
60 23
75 60
95 61
58 95
18 90
83 33
24 12
4 22
79 37
92 6
22 5
99 72
31 8
55 71
21 91
35 51
61 35
8 56
77 19
64 56
68 56
54 75
46 79
21 52
85 73
24 75
87 36
21 71
81 80
98 23
23 7
13 89
94 9
51 90
39 38
46 54
61 56
85 29
76 89
20 55
25 70
84 55
49 69
51 1
13 92
32 5
45 32
42 61
10 61
86 77
90 63
73 42
26 84
60 95
45 91
40 52
67 15
0 38
86 94
71 88
73 17
12 56
12 58
58 32
96 94
42 22
7 45
48 43
56 65
32 98
5 67
9 60
14 77
5 78
72 97
41 23
81 61
54 5
26 3
94 65
42 17
36 27
85 46
34 3
17 80
85 12
87 64
26 64
28 43
58 28
85 74
80 7
68 26
3 76
54 82
36 53
74 53
52 56
31 57
11 99
12 80
1 28
48 17
19 68
19 38
71 22
10 6
14 9
30 5
43 85
68 34
11 3
43 34
23 85
82 72
73 65
44 54
2 1
49 96
22 86
91 32
23 74
92 70
66 67
4 14
81 88
16 71
4 35
83 44
68 2
44 38
26 69
98 56
12 48
0 9
67 45
29 13
23 9
30 19
15 5
51 61
99 44
83 63
53 26
92 64
34 91
24 71
67 90
1 60
27 75
96 67
41 94
72 59
49 35
81 30
27 71
85 16
60 97
57 90
82 3
49 48
25 68
42 50
55 79
83 59
58 71
19 79
36 50
78 95
79 45
11 47
73 21
82 87
46 35
69 4
69 77
77 76
69 84
7 52
18 38
57 68
54 63
79 22
33 53
99 96
71 86
22 61
62 33
34 0
64 43
36 76
88 8
46 67
20 57
27 74
74 20
42 8
84 47
2 10
60 2
32 14
47 83
5 47
66 78
63 77
58 21
18 70
50 37
80 15
1 23
6 56
78 80
24 97
92 98
96 38
34 70
46 68
76 60
85 44
24 62
19 93
31 99
25 44
14 50
58 69
92 14
11 38
0 37
76 53
80 28
69 99
37 11
41 75
50 70
41 99
24 43
43 46
84 65
56 31
79 38
67 23
41 91
43 3
45 93
47 39
38 16
44 26
49 52
20 32
95 19
32 60
48 7
50 38
15 97
83 0
0 62
39 84
39 48
76 18
57 91
46 4
38 68
90 7
60 33
15 29
63 79
77 17
50 16
25 24
70 49
51 6
89 78
91 87
14 97
31 55
6 38
36 49
93 22
34 6
51 23
70 24
12 45
9 3
60 47
45 86
77 45
75 31
67 51
79 6
38 8
16 74
57 45
13 43
30 70
23 4
50 12
83 31
49 6
4 17
21 3
68 76
35 26
48 69
75 5
8 51
24 54
32 57
21 47
7 13
16 72
80 63
19 56
94 99
93 70
99 21
93 65
62 31
9 21
73 23
49 50
38 82
15 86
26 82
13 40
38 10
70 16
45 65
71 82
91 68
28 19
27 3
87 51
25 43
86 75
73 44
98 91
49 93
42 55
18 44
99 9
39 36
29 59
49 80
92 24
44 67
4 50
30 77
11 96
50 92
61 84
86 87
28 45
27 54
67 87
25 86
2 24
55 92
71 73
51 46
81 55
5 34
8 24
3 70
66 4
59 67
80 10
69 40
96 74
37 68
98 13
57 70
15 2
95 82
58 8
86 10
40 54
80 98
3 51
29 76
74 39
45 24
76 42
55 28
48 60
22 76
33 58
69 97
25 6
81 34
23 95
60 92
27 16
83 80
99 1
38 72
86 41
61 63
89 97
18 36
63 20
6 14
46 53
43 30
91 69
60 5
19 61
25 71
62 54
30 78
26 60
26 62
94 4
1 70
38 65
15 93
24 33
24 6
35 63
20 75
71 3
93 59
39 24
11 89
61 58
41 15
68 47
15 72
79 80
19 75
33 90
56 92
19 66
18 25
57 61
21 53
48 42
85 39
43 14
57 8
8 36
96 90
22 59
63 66
84 43
25 76
78 50
5 13
40 27
78 27
95 17
39 82
16 8
31 14
43 53
9 12
60 54
65 59
41 26
88 10
6 87
65 68
48 26
4 67
34 72
92 47
56 44
36 3
36 54
63 68
71 18
12 52
83 6
30 22
81 7
28 63
80 42
66 32
82 91
31 9
60 29
73 14
42 66
73 76
23 88
18 47
54 17
14 18
67 36
8 18
73 39
85 34
89 43
72 5
84 5
75 88
66 96
38 86
72 27
9 30
34 4
26 46
7 10
16 24
87 46
44 86
35 91
84 52
59 71
88 70
94 69
83 98
63 58
82 10
35 23
44 39
78 65
78 2
96 20
73 84
82 16
86 58
69 90
87 55
41 24
84 30
90 79
96 79
69 54
74 43
38 26
96 9
11 65
67 3
2 75
62 44
56 36
22 41
88 56
13 0
60 46
50 0
12 55
48 80
24 15
34 46
97 93
61 71
31 26
89 3
17 10
11 2
9 19
35 48
76 1
58 3
74 30
87 65
39 75
18 73
63 56
16 68
75 57
54 70
81 57
89 18
25 77
78 22
92 62
57 22
31 89
43 32
17 7
26 36
40 14
86 20
2 6
3 61
53 37
37 4
19 5
15 37
63 16
97 85
14 13
61 32
75 14
71 78
35 88
28 75
97 40
29 73
19 12
37 90
4 76
1 81
36 75
13 27
16 98
6 7
71 53
74 52
59 9
70 69
12 53
20 93
62 15
71 50
82 77
76 33
76 91
76 65
81 85
68 97
77 51
64 12
30 89
91 80
69 89
50 31
38 83
9 56
28 26
8 22
48 95
96 97
37 70
19 15
52 93
27 12
37 14
25 98
45 98
99 63
83 57
0 67
73 69
26 88
7 86
25 89
89 82
11 60
18 51
22 74
37 16
94 2
30 88
76 96
65 37
60 65
51 10
50 24
12 67
20 52
46 76
77 61
80 99
6 12
20 6
32 52
11 33
90 83
44 40
25 38
63 67
48 91
32 50
7 9
19 74
81 49
99 17
47 93
21 2
67 73
62 36
5 10
31 61
2 73
41 77
