100
478 53 242 537 33 761 650 619 89 597 482 242 41 0 414 324 168 698 949 109 302 605 157 389 781 823 157 447 479 45 591 481 216 543 709 852 379 111 959 873 365 602 894 518 787 870 486 891 416 19 633 472 883 817 100 767 874 158 257 452 39 427 360 604 451 53 64 434 86 24 648 256 704 333 218 503 135 111 931 228 796 373 771 74 420 137 27 370 236 722 688 91 130 390 659 124 770 339 478 662 
20
713 387 191 754 116 131 232 796 10 321 592 664 807 982 764 605 860 248 655 443 
1000
34 83
11 21
70 40
65 14
16 20
31 27
19 2
43 84
2 75
80 53
74 13
33 29
66 53
81 61
44 47
57 94
67 9
30 94
70 75
7 52
96 95
16 63
60 15
9 19
23 77
3 74
4 87
44 68
17 38
70 3
96 80
99 17
3 60
94 92
50 25
38 61
37 25
94 32
0 27
27 46
2 35
59 23
31 63
14 73
34 71
90 42
40 95
74 96
8 47
82 40
29 43
74 97
62 92
86 29
75 0
28 15
13 8
12 19
63 69
8 67
96 39
53 34
13 9
54 61
51 35
12 56
74 16
49 79
73 77
32 33
14 68
13 63
79 25
30 48
32 46
36 81
75 63
45 20
77 96
93 57
24 57
26 40
78 58
96 5
59 45
76 74
91 74
43 80
85 20
88 77
48 20
63 4
81 57
48 70
85 69
0 17
35 17
24 21
24 58
92 41
96 97
73 15
88 26
37 15
88 36
47 21
8 81
87 23
20 37
22 18
34 32
91 20
35 23
66 46
96 66
59 22
52 37
57 83
63 11
60 21
14 54
38 36
36 56
17 44
20 24
83 89
21 40
84 83
22 6
58 38
6 97
19 40
61 5
21 34
69 36
56 71
45 89
10 6
55 60
91 60
51 92
29 57
8 54
40 89
11 89
26 62
45 97
21 14
43 36
59 34
54 23
27 34
75 21
59 7
37 91
99 28
93 72
89 12
31 24
97 65
61 4
61 99
67 78
12 0
22 13
54 27
92 48
44 41
3 4
64 65
99 63
24 25
72 3
85 13
44 29
66 0
68 15
75 85
27 77
61 42
85 18
80 35
68 89
66 43
77 65
16 97
33 8
8 39
82 77
75 17
28 94
94 53
5 73
33 68
50 49
4 98
46 68
79 14
88 14
19 29
35 94
36 93
81 92
57 70
44 97
8 86
74 75
21 37
24 82
48 33
47 33
68 5
46 90
54 76
16 65
15 19
65 6
27 28
12 35
83 28
1 92
45 55
4 17
96 92
17 25
52 88
30 0
82 76
97 68
36 8
22 2
87 80
95 92
56 54
4 34
85 2
69 67
83 51
33 14
87 84
34 62
38 6
21 16
21 51
75 73
12 47
50 65
86 87
8 85
74 84
3 92
47 40
40 54
92 72
95 87
76 46
24 53
26 37
71 69
21 99
49 59
95 45
81 80
97 49
67 87
27 40
95 23
46 64
73 9
20 82
22 84
37 47
5 10
14 89
6 89
1 47
99 68
13 11
10 21
9 64
79 22
34 68
92 75
53 82
18 29
73 26
27 83
11 10
57 50
92 47
23 51
61 89
27 2
30 16
36 99
78 91
83 91
46 63
30 85
42 78
44 69
30 20
28 41
1 72
28 45
64 49
44 56
71 54
2 62
62 89
9 38
26 23
95 56
62 36
6 74
38 77
10 31
14 94
99 48
27 64
25 81
71 99
76 23
12 93
63 81
49 99
9 29
44 74
36 34
81 90
18 55
21 7
31 72
21 39
49 54
34 18
50 82
45 38
64 22
58 82
27 35
91 87
89 34
46 44
20 89
9 60
36 11
56 10
67 98
37 75
2 9
77 84
88 49
38 76
9 21
54 98
48 58
97 57
58 29
86 28
16 27
97 70
30 8
49 4
81 10
72 37
68 17
8 88
55 87
55 76
51 91
55 46
12 9
30 57
95 64
75 67
2 64
33 51
71 9
73 78
35 71
91 84
16 60
52 92
42 24
8 32
15 6
7 19
79 80
71 76
97 26
65 36
66 99
85 62
82 87
56 86
6 56
95 3
55 67
85 68
21 61
85 33
75 46
56 39
18 17
2 6
25 43
5 14
56 74
74 31
24 17
50 72
95 66
79 32
81 84
66 88
38 16
9 18
19 99
17 82
76 75
82 66
77 78
87 24
37 30
36 19
61 12
39 84
66 74
16 92
19 3
29 67
66 38
67 74
50 36
68 27
16 43
45 56
86 45
36 67
52 31
17 51
20 55
44 86
35 87
4 74
39 5
96 64
24 8
59 31
2 76
46 15
33 10
0 1
57 60
21 3
67 14
70 87
27 50
77 18
58 67
38 64
49 96
36 30
58 51
20 60
90 47
53 11
26 66
98 15
56 32
60 78
71 72
18 53
3 94
64 43
37 88
76 12
93 47
97 73
71 94
11 74
78 41
33 16
63 43
10 12
23 43
29 22
34 88
57 33
49 62
15 11
59 9
58 25
83 4
72 87
43 35
3 18
16 80
59 68
52 73
54 20
17 95
94 87
8 61
82 49
85 28
41 37
4 6
22 26
66 80
85 63
26 45
65 13
99 32
60 12
49 98
38 55
7 5
61 36
81 86
22 93
83 66
70 56
13 72
10 40
15 50
22 34
3 20
68 66
65 85
59 55
60 1
62 91
63 8
30 5
43 78
84 97
77 8
52 86
48 14
64 68
54 93
61 98
25 74
41 80
26 69
26 12
97 35
44 39
25 51
46 51
46 41
52 6
8 82
6 81
18 23
92 22
52 25
48 78
91 54
6 42
67 10
3 56
85 49
46 74
75 53
69 95
92 37
16 32
11 71
81 18
7 56
72 65
94 95
0 58
84 69
90 50
25 88
27 14
17 43
51 95
24 76
62 88
30 21
59 71
12 40
70 17
64 99
98 21
2 95
14 43
37 39
97 43
26 25
83 58
51 59
52 28
32 88
61 32
14 64
9 58
50 69
3 58
85 58
38 75
88 24
60 77
49 56
82 94
71 63
29 37
99 45
4 91
19 60
57 13
6 72
23 99
71 85
95 7
36 68
30 79
2 78
36 59
13 33
43 54
12 53
10 77
58 99
61 88
86 58
88 80
67 88
69 5
71 45
46 72
61 83
14 56
84 59
43 53
57 2
82 92
42 0
34 95
24 3
55 13
67 6
58 37
24 10
15 25
67 59
4 27
61 78
43 38
62 25
70 79
84 55
4 67
96 69
59 63
9 3
16 23
56 38
93 1
47 76
99 30
68 52
68 70
47 28
47 89
7 68
11 82
83 90
6 13
85 91
53 4
73 2
66 93
63 37
1 26
74 40
6 88
30 7
46 62
81 48
67 82
2 86
55 68
13 50
98 51
45 36
12 63
88 47
79 67
90 7
56 2
61 24
94 61
48 31
62 27
54 74
75 20
33 40
8 58
47 41
77 47
23 10
53 63
86 37
38 3
93 82
14 91
57 77
66 41
73 83
16 46
91 28
88 41
94 13
84 31
69 23
63 47
46 60
68 75
90 70
48 57
62 38
13 87
25 44
0 99
70 16
79 87
91 57
88 59
69 16
80 86
62 60
12 32
37 62
0 13
20 95
7 76
89 38
64 35
68 4
49 21
6 16
22 42
17 86
46 40
82 41
45 51
10 16
83 5
30 31
50 7
83 70
2 39
71 26
50 28
57 6
76 15
31 82
91 49
1 8
38 99
46 89
27 67
91 39
0 57
26 33
56 83
17 48
84 66
72 63
81 27
77 49
6 21
40 91
51 14
80 70
76 44
83 96
80 18
9 74
29 36
23 19
55 34
87 97
45 15
23 7
40 37
41 57
40 28
30 54
37 36
77 55
54 90
14 83
88 91
86 53
54 37
20 44
91 36
78 68
72 9
40 63
59 39
30 12
41 90
87 21
47 83
24 28
63 64
21 82
15 93
42 35
39 89
8 56
99 51
20 58
40 92
43 51
31 93
26 79
65 25
5 56
17 49
21 36
4 59
57 32
17 45
40 97
40 60
86 3
59 26
20 8
79 72
62 19
39 76
77 45
95 26
81 74
16 18
62 94
68 94
85 79
92 50
17 10
17 73
60 73
96 71
61 85
75 39
75 18
2 61
60 52
49 60
71 73
90 91
39 38
30 73
6 86
83 32
39 69
57 47
22 51
14 29
29 53
82 30
24 9
49 7
27 60
92 49
31 97
71 25
39 86
97 39
47 26
56 17
8 34
8 25
9 56
24 30
24 65
54 67
49 73
0 56
66 86
52 99
60 58
30 44
28 78
15 79
2 20
44 48
79 42
18 88
69 13
96 81
5 98
18 94
90 77
26 53
1 59
9 82
48 39
2 47
74 37
99 73
73 82
61 52
89 53
85 26
13 67
45 16
76 77
9 16
25 38
94 22
0 77
47 86
59 57
53 13
4 45
12 88
18 54
53 68
89 4
10 7
22 21
19 1
25 78
11 12
4 10
12 96
46 80
31 20
36 15
79 94
6 48
51 0
98 69
44 2
70 61
58 63
41 9
8 68
42 47
88 1
13 44
7 86
96 47
73 36
39 73
8 15
71 37
81 68
36 44
15 53
75 34
46 67
64 60
51 2
3 43
13 34
6 51
68 22
1 17
47 69
60 33
60 93
8 18
67 77
20 68
17 28
63 5
44 27
85 98
43 58
62 10
24 5
8 55
5 93
51 88
91 34
81 76
63 29
64 30
0 54
69 33
42 72
43 69
42 76
17 5
41 7
2 83
10 69
45 82
17 74
