100
891 41 438 588 360 749 663 571 399 397 458 522 654 193 865 594 228 569 866 237 747 268 854 203 910 922 620 304 124 562 155 536 598 130 206 886 860 887 886 821 798 827 562 446 838 403 526 231 276 959 357 148 954 49 846 763 72 639 28 1 83 695 765 466 604 396 333 529 520 518 256 416 688 30 555 826 835 930 781 851 311 7 754 631 28 412 905 750 879 542 867 476 73 301 857 656 869 854 432 878 
20
942 588 755 737 900 957 555 785 350 245 322 105 245 330 268 984 720 900 245 459 
1000
58 68
46 66
29 22
60 14
51 24
73 35
32 98
14 11
64 89
68 10
61 21
76 12
74 18
48 62
8 33
59 67
94 78
93 6
78 53
68 26
79 94
30 75
50 76
47 78
65 34
22 47
32 81
84 2
91 67
21 41
60 19
74 30
10 52
37 42
1 63
8 95
31 57
89 75
17 59
87 86
89 36
86 54
53 83
16 23
69 26
3 14
79 80
79 27
72 69
92 41
66 25
36 35
91 53
89 27
81 31
98 48
33 22
90 3
51 32
83 0
18 85
62 85
52 8
62 49
85 47
66 93
85 89
27 68
69 80
39 33
74 63
79 41
48 5
52 89
51 93
11 2
8 56
66 2
37 12
81 52
69 1
99 2
42 53
22 96
98 55
50 71
22 40
97 90
78 55
59 96
1 70
60 87
47 6
64 68
52 3
45 19
95 11
74 3
9 57
33 99
93 97
14 5
67 24
37 20
80 8
51 80
27 75
51 69
0 90
14 49
54 22
23 95
78 7
94 93
17 34
77 25
69 99
59 7
14 0
65 91
16 24
28 31
5 88
9 37
67 78
54 9
44 99
94 60
28 98
80 72
66 26
67 77
59 44
20 99
79 69
28 37
89 66
1 39
58 3
34 50
7 75
76 79
36 61
46 29
41 29
22 15
6 88
17 99
57 20
8 54
16 41
29 8
98 22
96 34
54 68
21 22
65 71
46 59
96 11
45 7
64 45
97 75
8 23
40 73
72 61
80 14
10 14
76 14
18 35
41 99
11 65
67 51
34 79
15 39
10 27
95 21
64 15
96 48
40 31
96 50
10 53
55 3
87 23
26 7
34 72
56 63
5 0
96 46
85 73
51 41
24 15
65 81
69 65
35 19
8 69
13 17
70 58
27 37
21 8
99 53
84 95
24 80
66 42
97 7
89 59
54 3
48 52
71 21
58 41
39 80
8 64
7 48
49 77
94 46
60 0
64 34
89 31
48 2
20 22
95 0
27 46
90 91
59 95
16 15
79 1
71 10
41 80
70 90
43 1
47 44
73 78
18 12
82 81
45 84
26 49
96 41
19 31
6 18
44 20
89 19
11 7
90 94
78 57
10 45
15 48
60 77
96 4
25 52
42 25
99 3
77 82
70 69
1 24
25 51
58 61
70 33
13 8
40 4
32 44
59 84
4 91
19 27
88 60
15 78
45 81
42 75
8 99
1 35
17 68
89 29
41 61
3 79
73 8
42 6
93 4
62 8
52 11
84 71
55 38
42 99
75 47
54 28
23 20
36 76
35 70
10 8
14 9
55 42
53 24
16 12
14 34
53 48
84 16
31 90
86 35
88 11
7 18
4 0
18 36
67 9
39 94
43 51
4 31
40 92
45 93
26 39
79 16
97 65
25 32
53 89
61 4
81 55
25 26
23 12
88 98
69 9
65 88
51 33
13 48
42 21
25 18
74 75
10 3
14 18
53 12
84 4
88 52
92 25
71 28
35 68
59 98
41 2
64 71
79 84
87 8
2 68
43 56
67 27
61 88
8 7
35 41
95 6
6 13
83 2
53 70
77 17
23 42
85 52
66 63
76 94
44 36
81 5
61 24
82 56
92 49
25 45
54 44
93 80
37 89
34 74
70 73
37 87
63 37
91 78
37 0
26 47
18 93
7 90
24 95
38 67
89 34
85 8
57 97
62 80
57 22
71 69
25 20
42 84
60 50
76 64
8 66
29 7
27 41
14 32
18 44
45 23
13 35
70 34
13 74
86 23
53 76
19 33
67 62
63 90
72 19
63 95
35 28
65 57
77 10
8 26
87 2
12 74
67 56
35 55
50 32
89 80
23 27
43 32
46 32
44 93
42 90
43 4
40 15
88 63
85 74
70 91
2 12
13 46
69 36
55 0
57 89
36 22
21 74
3 25
27 30
61 57
99 95
37 86
37 98
25 27
56 15
10 88
46 84
51 72
63 18
43 50
52 82
35 46
67 37
88 69
8 82
39 16
71 73
18 62
48 56
59 33
92 11
98 3
53 68
69 67
84 65
45 92
85 44
11 72
20 89
81 84
82 30
6 31
92 85
32 84
68 25
47 95
72 57
96 55
76 60
89 28
36 64
56 25
69 61
7 32
61 42
69 58
6 20
25 78
79 2
52 91
33 63
38 17
91 46
98 41
18 3
80 49
19 59
31 73
61 30
6 69
79 98
79 26
54 75
53 51
82 75
61 86
50 6
21 44
0 40
85 84
76 90
56 99
48 65
59 69
5 2
32 75
66 55
66 34
87 99
92 63
29 26
21 97
9 96
56 55
70 99
76 17
29 96
68 16
67 26
55 6
49 27
67 53
46 3
77 33
30 59
90 60
86 69
57 44
31 86
24 99
45 36
66 74
51 17
25 0
11 89
31 42
73 63
15 61
50 70
78 14
50 93
27 63
28 40
14 94
35 9
34 90
70 85
30 21
77 37
92 17
99 30
73 62
11 47
74 65
11 36
17 27
89 47
81 42
79 73
36 56
69 15
99 77
17 74
40 29
65 42
4 90
24 90
33 47
83 87
16 80
29 15
9 87
70 16
61 11
58 67
38 7
5 97
19 64
11 60
17 97
8 57
41 66
57 73
45 37
49 83
11 75
52 41
23 19
4 74
59 18
9 84
5 43
24 82
36 24
0 81
19 22
6 12
99 5
45 82
71 18
39 50
88 13
10 15
37 30
39 87
60 72
52 78
65 49
39 78
19 29
71 32
38 65
91 0
37 5
27 40
54 5
75 63
40 16
13 0
14 36
36 92
58 37
17 55
57 71
85 0
71 13
37 41
34 75
56 80
68 48
98 27
17 21
90 32
23 74
50 77
72 77
19 28
59 22
48 18
68 33
98 90
19 56
36 26
59 79
52 83
30 6
20 59
70 48
15 37
80 47
99 9
24 94
48 69
71 11
39 40
6 98
15 14
71 6
93 52
75 37
93 28
9 77
54 41
69 54
57 67
2 92
72 37
46 54
31 72
85 57
9 30
6 1
42 58
46 18
47 20
4 73
2 59
13 91
8 49
78 75
5 16
10 75
58 86
49 47
49 44
26 94
78 6
12 83
0 17
36 88
11 33
55 61
4 67
74 47
20 79
40 86
3 13
65 61
94 11
96 23
9 74
35 17
45 29
31 8
33 58
29 39
98 44
89 25
5 86
82 25
2 39
62 87
16 77
52 84
70 6
86 9
96 49
30 66
96 16
37 39
33 78
73 65
83 39
21 24
96 99
0 73
94 0
5 25
21 76
27 39
17 2
34 98
21 83
93 1
99 10
21 40
84 47
22 63
73 92
41 57
80 0
82 4
67 32
31 39
7 84
26 51
72 81
27 70
99 36
34 61
73 66
36 47
69 73
14 17
39 53
51 30
93 65
35 2
99 22
95 13
70 89
73 95
96 27
31 5
73 11
27 95
21 46
44 58
14 59
58 23
5 82
21 43
20 12
30 67
1 87
44 95
74 94
33 61
0 39
8 96
63 59
54 6
78 54
69 56
24 76
78 38
47 73
84 17
80 11
16 89
65 90
9 91
23 5
67 7
14 2
0 15
42 14
38 77
59 65
97 30
56 41
0 29
54 25
9 51
53 47
19 14
41 93
59 40
73 91
66 36
75 90
57 77
95 33
16 63
13 20
96 3
46 62
8 98
3 69
5 17
81 91
3 56
84 76
65 41
58 30
74 98
94 38
55 90
3 11
18 82
71 68
63 43
38 15
73 20
2 43
24 22
12 75
68 28
0 24
59 50
91 11
16 90
74 24
77 20
86 39
50 25
19 74
41 74
51 40
84 36
90 35
0 31
64 96
25 97
54 11
89 51
36 33
68 82
11 50
43 26
16 22
33 57
27 28
89 81
73 39
15 80
73 42
50 80
68 72
55 94
58 65
33 55
48 87
53 92
42 54
33 7
35 8
89 97
0 1
6 91
71 30
49 67
78 10
59 80
79 50
93 9
36 40
80 20
27 35
43 8
67 83
48 73
88 53
96 94
27 71
59 52
22 71
66 95
40 78
3 35
55 72
30 65
96 40
46 92
63 65
68 39
19 40
9 62
13 32
29 14
27 29
21 18
33 69
24 40
79 49
51 10
84 21
24 43
64 91
98 62
33 28
33 0
47 37
88 72
44 86
70 28
90 59
83 35
6 40
2 67
75 24
54 15
87 61
31 20
38 10
99 45
70 3
28 36
22 68
96 70
19 32
27 34
99 1
12 81
20 82
53 80
32 64
62 92
65 8
16 10
38 28
35 65
50 41
48 94
16 81
9 31
57 98
51 27
41 3
44 96
90 92
84 61
34 53
12 46
70 7
31 51
7 35
2 49
15 85
51 18
9 12
55 11
85 50
58 0
56 4
33 90
18 94
32 8
71 56
6 89
12 54
53 77
88 14
20 53
34 3
55 79
33 87
9 82
69 0
18 1
70 30
94 42
15 65
17 58
49 41
1 85
25 43
40 37
90 26
27 54
53 65
30 46
91 43
36 50
