100
748 437 468 469 839 826 908 590 203 573 317 524 967 486 874 130 300 115 79 740 439 472 914 823 704 259 504 565 881 747 542 606 476 677 951 897 350 973 212 85 267 68 931 867 652 8 597 394 180 677 864 958 140 541 710 665 875 617 896 778 275 887 301 881 310 213 654 598 11 980 499 533 641 292 856 782 469 870 49 385 639 160 363 54 198 42 243 608 522 785 568 26 404 507 468 545 356 388 201 251 
20
78 375 338 246 991 735 132 13 254 656 687 530 319 362 372 176 335 566 534 277 
1000
5 60
2 23
56 18
20 67
34 3
91 52
46 8
10 86
27 56
71 57
75 67
94 96
76 57
99 95
42 18
63 39
72 9
58 77
37 27
69 19
56 71
61 5
64 85
47 31
24 49
0 67
91 33
22 8
76 56
85 24
19 57
95 52
97 62
61 31
89 60
47 93
54 4
90 97
65 9
10 34
24 25
34 13
2 71
97 21
26 33
76 97
89 6
62 28
49 99
76 91
59 75
27 52
17 54
30 58
92 46
80 42
78 98
57 29
45 62
2 61
64 76
62 37
45 84
55 36
43 5
41 97
73 98
4 63
76 55
2 37
13 37
29 48
59 24
29 86
60 63
54 88
13 84
72 36
61 73
15 27
76 63
47 55
84 14
76 72
97 70
91 63
10 1
96 68
16 11
52 12
84 24
22 51
44 83
74 13
19 71
81 74
27 93
93 78
3 40
97 77
94 1
92 25
62 2
17 79
81 26
63 48
22 40
15 75
76 54
97 30
20 13
72 31
20 95
56 23
99 68
56 35
34 46
1 50
72 21
2 0
23 45
87 93
9 54
69 7
99 39
13 99
80 44
13 90
85 80
46 83
81 47
78 61
35 1
76 58
36 16
92 1
8 96
20 7
29 35
51 45
68 38
43 49
57 89
3 9
89 84
28 61
0 43
34 98
38 49
95 14
90 10
67 1
87 36
46 4
62 72
16 82
83 86
28 40
64 82
17 38
16 94
36 61
66 38
88 81
47 58
51 19
99 34
90 78
21 2
43 35
62 44
77 34
18 97
76 95
30 86
48 41
78 19
69 39
16 42
12 59
4 43
16 12
17 97
18 69
0 14
61 22
1 0
21 19
41 15
39 84
44 31
77 90
90 91
92 52
4 14
13 60
99 6
35 82
43 62
26 97
96 77
77 2
70 98
62 15
64 27
24 78
67 42
32 99
5 45
37 23
92 82
45 13
92 47
49 15
1 41
84 6
47 54
64 13
1 2
61 27
63 75
53 10
85 81
78 23
13 35
53 32
30 17
56 43
50 52
29 89
87 40
2 45
55 59
33 64
52 18
98 5
49 51
33 66
89 64
5 42
89 98
21 45
11 68
43 93
79 90
30 40
85 60
81 19
3 84
21 50
41 4
20 46
32 92
3 99
14 67
67 16
31 85
61 54
0 63
78 59
56 53
11 64
14 33
84 33
59 5
24 34
12 1
4 32
78 18
37 9
94 98
43 90
90 23
8 32
58 40
20 68
63 3
22 0
14 28
40 96
78 32
19 7
23 59
65 6
67 77
82 44
65 11
23 74
70 25
89 53
32 14
52 80
8 15
31 8
19 28
56 62
66 72
32 98
36 75
36 99
40 86
57 36
54 63
39 86
70 23
83 34
65 87
74 44
43 82
57 0
93 89
35 5
13 15
12 50
14 51
50 13
52 15
69 13
81 73
6 30
36 30
38 99
53 90
24 26
73 30
41 67
63 44
48 13
85 95
46 49
62 67
37 30
91 64
14 77
40 23
47 89
38 81
7 93
11 98
81 92
0 12
65 79
0 5
97 39
13 28
7 28
36 96
36 39
15 2
59 80
15 0
65 21
26 71
90 58
82 81
85 6
82 22
97 61
3 1
60 10
45 95
83 15
21 53
52 47
36 79
55 93
60 14
14 11
95 37
45 87
37 11
81 61
98 25
81 17
53 67
17 98
16 91
30 55
38 78
88 4
54 21
23 81
11 60
91 48
44 98
43 86
29 88
2 39
53 36
2 14
23 42
92 86
23 92
97 37
19 48
44 13
7 26
47 37
16 98
80 16
29 73
22 60
33 87
11 87
67 23
67 64
94 20
98 2
74 93
62 53
4 58
82 17
40 29
42 39
96 67
51 70
91 54
91 65
65 13
39 29
8 62
87 63
21 95
73 83
65 37
59 32
44 48
78 96
57 8
46 61
71 13
15 6
73 77
65 48
75 42
24 39
64 21
20 83
3 7
63 49
31 76
35 39
76 89
40 74
54 95
62 22
47 95
38 64
90 16
2 46
28 25
23 87
89 26
21 11
35 17
99 1
55 48
53 6
42 34
95 5
48 80
29 47
96 19
86 59
20 70
19 95
3 66
86 99
11 56
45 47
51 86
34 5
35 6
71 29
11 62
17 88
8 93
38 77
4 23
87 10
12 40
19 89
46 52
27 69
8 5
44 28
38 69
25 7
79 1
79 25
49 7
10 47
38 71
44 17
33 82
12 85
23 34
74 25
85 63
92 57
9 45
8 21
43 96
25 37
11 95
30 35
20 32
81 84
79 4
87 39
26 19
18 63
11 57
81 12
22 55
42 98
81 89
19 12
28 98
4 12
64 30
41 3
8 4
64 43
28 99
3 96
42 72
68 74
66 80
17 96
13 24
38 39
29 38
84 42
44 36
7 11
0 59
95 51
51 23
76 42
24 40
81 0
93 16
37 72
50 79
3 46
29 97
96 39
98 59
82 66
8 51
96 52
30 98
7 59
34 65
0 99
89 80
84 99
75 0
25 99
26 13
80 49
34 38
82 4
33 29
63 9
50 26
73 17
88 79
84 64
75 73
6 58
97 28
19 23
23 15
61 35
49 76
17 39
29 0
45 99
93 30
83 82
45 54
1 66
49 86
69 37
90 94
73 89
11 27
52 11
77 9
44 4
60 95
17 55
88 56
78 53
41 20
22 41
20 22
65 38
99 59
34 29
34 11
74 54
49 55
61 19
27 96
34 55
85 62
14 94
54 46
34 41
34 85
92 37
17 45
15 47
85 53
38 0
71 5
9 14
43 44
51 76
74 97
68 47
19 38
68 98
41 78
34 9
59 27
58 38
64 90
75 1
59 91
6 31
15 30
52 35
21 79
91 8
78 67
88 26
90 67
32 30
14 85
72 43
83 43
1 7
97 32
69 71
87 58
9 86
27 70
10 85
22 5
69 6
3 32
6 47
69 67
34 59
83 38
64 81
24 7
32 9
82 99
6 14
76 21
28 76
30 51
67 99
40 73
32 56
13 57
61 3
75 46
10 62
71 58
67 82
30 72
40 91
86 16
66 44
40 48
86 95
29 59
25 2
81 4
38 2
58 13
64 86
46 42
98 53
77 10
45 79
28 80
78 12
69 33
41 87
3 24
40 32
58 73
45 41
54 27
32 7
1 37
64 44
33 83
42 12
19 15
55 98
59 62
68 48
86 67
34 95
19 9
28 43
70 84
68 7
83 54
0 64
12 62
53 15
58 22
36 20
8 38
56 57
9 16
74 6
79 34
64 66
68 86
14 50
80 87
38 98
78 85
87 15
90 99
71 90
49 36
78 11
72 17
54 98
34 84
32 44
81 35
12 61
27 55
70 64
12 94
57 7
77 60
7 53
58 26
27 29
26 11
85 99
41 31
4 30
92 24
61 39
12 30
69 32
56 74
44 19
88 44
83 97
70 32
93 90
13 49
71 91
59 88
46 39
4 26
29 98
58 83
34 60
95 55
32 90
60 2
46 93
58 3
77 35
20 31
55 87
73 48
48 7
66 56
68 65
89 74
93 4
40 56
63 45
48 35
35 95
98 48
65 28
90 75
41 64
4 52
67 36
46 95
7 54
89 99
83 36
7 44
93 45
89 56
11 97
23 39
93 1
55 54
7 38
3 28
93 58
35 65
6 8
85 22
34 8
78 81
92 8
81 1
9 8
27 1
70 12
27 48
7 61
83 26
90 39
59 71
68 60
90 20
25 41
86 7
37 8
68 15
77 23
78 62
91 3
2 80
51 3
64 51
86 48
16 50
36 14
65 50
83 69
6 33
36 56
68 27
79 97
10 66
34 47
12 47
4 90
32 57
52 45
74 16
68 34
49 53
82 74
24 71
31 90
18 13
47 1
46 0
49 78
89 0
53 71
77 82
84 52
10 21
25 50
40 19
70 90
50 18
98 87
99 64
20 82
6 29
27 19
10 79
59 16
87 78
89 87
90 35
95 77
86 58
79 2
86 76
36 7
1 42
87 18
88 57
49 92
46 13
44 78
40 35
39 6
55 92
85 70
48 77
44 75
32 68
21 93
17 86
92 48
99 24
44 55
74 84
16 76
37 50
12 44
62 86
18 74
15 33
11 84
99 92
15 74
50 42
87 92
5 56
25 49
80 71
69 64
20 72
81 76
8 11
74 49
84 1
60 28
20 15
91 4
78 16
98 58
56 95
52 68
25 75
35 51
88 37
60 58
57 18
21 38
10 94
57 15
31 49
91 10
30 95
6 78
44 67
89 44
71 34
10 89
21 3
57 58
88 10
88 34
33 99
1 8
1 98
62 4
88 83
53 94
61 16
83 21
52 76
64 19
66 19
88 95
35 15
48 20
13 27
36 2
42 56
59 26
17 3
65 82
29 19
69 84
90 81
5 24
25 23
12 72
57 53
64 79
16 1
35 2
57 41
97 52
90 84
89 63
83 78
21 87
91 30
48 18
77 5
44 18
83 63
31 52
12 88
52 60
73 56
46 1
