100
873 589 823 614 593 297 404 395 973 959 694 863 820 677 696 267 139 490 756 394 2 924 250 115 537 292 759 596 515 635 213 801 88 383 407 879 882 410 685 427 792 170 141 233 217 393 299 320 978 842 200 936 153 76 600 847 902 481 540 90 187 141 400 115 227 313 718 716 184 718 338 339 556 926 109 252 163 807 349 917 911 577 489 523 459 586 520 52 649 975 331 356 268 852 933 777 981 497 507 551 
20
296 206 692 477 913 961 2 181 869 831 992 835 143 145 519 8 493 411 323 233 
1000
21 60
19 77
5 59
99 97
59 44
88 47
84 90
93 75
63 90
41 83
81 1
67 53
26 33
91 3
61 58
40 44
77 67
54 28
6 43
59 28
74 17
89 46
33 94
25 98
78 23
48 84
51 15
70 3
85 65
0 69
4 68
88 66
80 81
69 22
19 37
24 18
78 91
49 80
17 41
0 98
47 15
14 71
97 11
45 99
21 26
43 42
81 88
74 70
60 93
58 43
23 12
36 68
49 14
11 42
61 4
50 13
32 35
44 29
10 9
52 91
16 98
86 21
79 71
52 67
79 12
11 57
77 32
45 61
18 66
61 66
4 67
60 42
99 52
81 19
38 35
83 31
4 0
0 36
93 56
99 26
45 47
66 25
53 19
79 7
2 27
82 32
78 83
70 94
55 33
51 54
52 43
19 60
41 7
66 41
23 69
79 67
25 77
87 67
66 32
28 49
73 25
53 2
81 95
23 53
25 3
73 84
97 85
55 53
21 65
78 15
83 38
90 85
86 69
62 51
16 96
8 45
67 74
20 12
88 53
2 32
76 87
42 68
45 67
51 37
13 30
15 93
86 2
73 65
25 79
52 12
12 48
50 66
28 89
28 32
64 22
1 50
45 17
89 7
55 28
60 33
62 44
78 19
79 9
32 90
74 27
76 62
19 94
52 33
60 27
0 74
19 99
2 6
49 35
10 65
12 63
47 61
91 7
54 21
93 33
43 0
16 6
54 32
87 39
85 26
98 91
15 64
71 9
41 25
79 55
0 66
80 61
64 8
44 97
85 61
72 34
28 75
13 42
37 71
65 92
46 35
2 87
85 33
74 46
4 2
8 74
70 82
13 38
69 47
38 55
88 89
0 72
83 53
45 65
85 31
55 85
60 6
16 76
8 91
68 6
21 23
49 44
39 29
55 35
90 87
56 67
47 98
23 4
95 43
43 99
63 96
19 39
35 26
45 18
68 46
6 46
84 29
36 45
36 62
72 41
4 70
67 80
45 29
45 75
88 38
41 92
96 78
27 96
53 93
58 18
39 51
76 23
87 42
65 60
40 3
44 57
84 20
75 9
32 4
42 5
87 84
87 30
60 79
44 38
33 59
25 1
4 80
24 74
11 88
67 50
46 28
10 17
52 51
18 64
2 93
81 48
61 5
51 66
12 49
89 31
90 64
51 63
42 20
47 8
3 47
39 70
70 26
84 38
11 70
94 78
20 15
17 31
88 41
17 26
96 57
83 21
60 15
45 77
68 10
0 58
71 25
55 8
76 58
30 66
77 39
31 92
37 9
14 77
93 25
32 99
69 94
78 55
80 91
93 46
9 15
37 58
88 79
40 63
0 28
95 64
69 80
25 65
0 44
20 39
27 93
27 75
22 56
5 30
15 14
13 17
18 13
17 62
33 32
18 56
51 25
10 76
69 8
71 96
55 18
10 36
3 99
56 70
18 79
38 79
48 23
58 71
2 83
75 43
26 75
63 13
73 15
50 73
28 57
71 70
4 73
93 83
72 36
63 0
63 84
5 64
97 36
38 30
60 76
8 31
68 82
22 12
40 61
0 41
88 95
37 16
4 97
97 96
25 63
6 39
77 80
83 64
6 35
2 40
16 39
43 34
97 72
95 84
4 3
27 18
80 60
20 74
42 73
45 63
83 85
68 87
29 46
81 98
65 96
13 31
34 2
78 0
61 44
72 68
94 10
10 14
10 78
9 51
14 41
80 31
22 71
62 88
98 82
29 40
41 94
49 62
65 61
23 0
47 65
32 73
98 50
17 70
73 30
38 69
22 77
26 84
86 24
51 23
63 44
48 24
72 31
96 62
80 27
76 11
19 80
42 52
23 9
6 49
83 12
47 28
1 4
49 47
13 81
79 78
2 85
61 78
34 11
81 75
60 78
7 92
53 43
67 88
65 36
73 88
65 77
39 93
73 66
18 47
67 9
63 34
55 95
77 99
33 58
10 20
55 30
12 84
17 99
59 38
46 62
26 54
30 27
38 4
3 2
71 92
14 21
52 65
11 43
58 48
56 10
90 19
98 84
14 60
24 21
71 76
59 18
16 38
33 61
69 48
27 22
84 36
37 89
59 82
12 28
70 30
52 40
27 62
91 50
60 41
37 3
18 86
82 46
57 87
51 36
99 72
86 84
98 29
65 30
18 51
18 73
72 77
99 82
31 76
25 48
24 85
3 93
8 58
61 62
13 43
45 93
48 87
59 91
80 26
2 99
41 37
27 67
24 65
78 24
97 27
54 76
36 39
13 23
19 71
14 81
64 54
67 66
38 5
65 44
29 13
21 73
4 9
45 58
77 66
78 90
13 57
72 58
21 22
61 42
51 58
81 18
23 38
23 35
98 9
12 41
10 5
23 86
26 4
23 89
27 7
31 47
72 27
27 43
29 83
19 73
84 9
2 97
18 5
7 94
48 78
25 52
41 93
46 85
1 64
46 18
28 35
94 52
54 6
65 29
90 92
23 6
91 61
64 13
26 39
46 16
10 40
70 51
49 19
26 58
48 30
70 79
31 82
84 70
21 43
54 81
23 27
74 31
92 35
13 67
36 87
22 43
19 86
8 53
32 94
40 97
78 73
33 22
32 75
84 62
91 79
75 17
7 28
45 22
14 88
36 73
88 9
44 34
64 41
51 96
40 83
82 93
14 12
74 61
20 61
26 31
21 62
28 58
63 5
29 6
16 13
39 46
71 29
69 30
62 67
86 32
39 8
54 29
17 57
74 76
0 93
48 16
20 68
44 53
79 92
66 38
76 88
87 33
17 8
81 74
18 35
34 18
83 62
28 48
48 47
17 36
16 78
67 73
40 4
40 47
69 4
69 51
30 85
10 44
64 92
27 54
37 53
70 89
17 79
24 54
19 98
31 68
88 69
19 6
20 27
92 26
45 23
63 24
11 52
35 2
77 23
8 66
0 49
60 95
41 77
36 95
83 27
56 40
14 40
35 45
1 78
52 14
36 67
35 48
72 49
89 9
58 4
4 34
23 50
24 36
66 16
73 76
8 81
50 8
92 87
66 72
80 57
56 57
37 81
75 89
94 63
88 60
65 26
44 13
70 33
42 1
39 65
3 75
7 59
38 10
76 15
88 37
51 94
6 61
32 23
24 82
1 91
14 25
43 68
37 21
84 54
47 86
47 6
1 90
48 2
81 78
27 45
46 41
36 55
78 12
91 65
60 97
84 92
12 11
89 58
32 40
98 35
91 27
70 1
53 41
53 54
11 73
88 97
10 48
57 84
85 34
65 1
36 43
94 58
40 13
7 40
22 38
19 23
38 20
51 48
67 70
11 93
6 51
11 92
69 93
63 15
86 43
1 79
90 62
98 32
88 80
8 0
85 74
30 81
62 86
21 84
90 26
95 39
6 89
90 5
47 33
75 23
41 98
20 93
73 69
12 0
47 25
53 49
31 99
71 55
11 68
9 73
13 82
38 43
35 53
57 65
49 18
50 30
14 97
45 46
87 55
38 14
90 12
10 29
95 50
71 83
74 12
38 81
93 12
31 51
41 70
68 88
54 38
1 56
3 42
75 47
8 95
14 44
16 62
13 21
4 21
85 56
44 18
93 32
33 17
28 62
76 49
30 33
71 28
5 25
34 36
65 50
16 18
87 93
29 21
39 58
55 12
27 95
46 47
13 96
88 49
38 78
8 29
28 99
0 29
16 80
57 83
62 39
6 40
47 14
47 83
13 15
55 26
25 85
72 33
86 80
67 12
57 51
51 40
51 81
8 37
20 76
77 87
17 40
31 15
1 29
3 90
12 8
58 64
18 80
1 85
65 86
61 90
72 85
8 89
57 29
14 34
96 89
39 97
69 45
49 27
9 53
82 97
82 26
17 86
93 73
42 24
35 31
43 31
59 40
20 96
71 42
49 33
70 22
55 84
96 12
17 32
43 79
84 22
7 4
94 30
44 33
5 46
11 30
26 66
81 68
89 33
32 30
68 69
17 98
62 74
83 59
9 61
7 83
20 1
14 66
50 99
82 5
81 16
21 90
76 64
46 72
0 10
1 49
54 74
4 42
1 40
52 49
95 18
28 24
9 86
11 85
27 15
75 63
33 86
69 91
30 52
43 98
59 9
79 94
26 87
34 81
15 87
20 83
70 88
85 50
64 85
79 81
54 97
77 94
30 67
15 97
11 19
13 52
7 67
59 79
11 29
25 8
25 55
25 38
84 16
66 69
48 32
87 95
76 21
81 55
75 21
42 59
94 85
91 92
98 63
60 16
11 62
34 62
5 15
75 42
31 44
50 97
85 0
77 97
71 69
62 54
61 53
35 97
41 51
85 86
14 59
15 45
52 60
51 47
91 14
67 37
7 95
30 49
5 85
85 43
15 12
97 3
75 39
39 71
25 72
95 31
19 83
93 18
56 3
68 73
14 30
14 8
37 74
96 11
11 28
15 3
48 26
67 94
69 74
15 72
66 56
83 54
41 80
25 32
3 35
23 80
94 25
15 26
71 72
