100
864 52 940 603 333 672 365 0 272 28 971 619 760 70 710 88 399 785 244 773 168 625 172 623 893 84 35 823 431 429 976 967 323 2 910 975 89 345 368 585 358 509 795 859 885 742 522 508 771 122 705 517 494 110 14 22 112 808 886 957 484 968 427 359 813 271 64 983 220 136 750 256 886 680 316 615 293 774 279 105 728 463 44 688 592 169 113 769 947 790 366 887 308 346 247 977 320 300 701 651 
20
85 986 915 237 945 624 337 958 941 344 979 771 283 557 687 59 653 87 413 687 
1000
11 98
72 6
26 62
82 19
6 59
63 28
88 83
31 91
3 82
81 29
73 36
54 74
32 90
70 15
66 76
27 70
89 33
75 67
5 61
63 20
81 53
35 12
49 96
22 28
21 33
11 81
25 71
92 68
18 84
94 75
74 60
34 99
87 23
89 56
70 61
69 91
2 49
20 10
22 17
47 81
39 22
28 41
90 42
50 25
8 63
43 68
42 2
88 79
12 44
23 33
83 66
19 99
49 25
40 23
2 12
41 92
91 76
70 95
17 88
48 33
31 34
89 0
42 18
90 66
31 63
17 21
24 31
70 14
88 11
70 25
5 79
25 7
72 28
36 91
24 84
54 63
80 60
36 46
84 19
31 51
30 55
24 79
24 80
74 63
18 90
47 73
46 29
33 43
1 11
51 20
2 94
61 65
43 50
18 94
23 21
33 37
19 58
65 56
18 13
77 42
88 58
21 19
97 23
65 48
97 29
3 89
88 97
13 54
65 18
16 61
72 76
62 98
70 83
74 34
47 67
48 37
18 20
4 28
3 67
51 16
39 94
51 63
95 77
47 99
19 85
87 68
35 13
34 56
55 64
4 82
31 10
8 56
44 68
5 32
44 1
39 67
14 36
80 68
90 76
84 57
69 45
33 79
20 81
38 60
27 18
65 66
31 5
73 57
28 15
93 4
6 30
7 4
21 83
35 46
30 1
88 1
43 17
32 52
78 5
13 52
37 10
7 18
84 12
34 93
93 20
48 23
90 30
94 33
92 95
30 5
92 17
52 41
6 34
68 18
5 95
26 67
1 91
66 78
26 45
35 47
9 60
26 73
46 44
52 83
88 33
30 42
11 28
1 41
71 13
79 87
89 34
4 50
21 66
51 54
99 50
27 52
17 25
94 85
43 73
99 72
19 7
53 99
14 1
83 77
42 70
50 67
43 8
12 3
47 74
59 47
57 99
2 33
78 47
59 65
95 9
54 70
46 14
62 71
45 2
55 63
49 44
66 30
19 40
22 75
23 94
99 85
40 30
50 3
75 6
4 41
89 40
59 36
30 53
66 94
85 42
30 13
64 38
34 41
58 15
67 89
77 35
22 10
37 51
80 82
98 61
93 70
48 52
61 42
94 87
26 46
52 30
66 61
32 76
78 75
42 34
85 62
98 59
21 43
4 27
41 23
27 20
20 60
41 72
13 90
19 25
27 72
59 1
46 28
82 46
18 55
10 82
37 32
25 33
50 80
3 5
6 78
58 11
96 50
76 58
5 4
80 84
25 87
53 83
6 63
23 26
63 79
27 21
48 68
26 3
23 0
31 56
57 90
60 87
63 81
10 77
64 9
96 3
1 8
0 2
78 87
73 58
85 38
44 45
0 99
89 30
2 89
3 76
72 75
63 39
67 16
4 88
24 62
97 16
69 18
52 21
44 52
51 35
92 54
4 49
7 52
9 32
40 52
87 9
11 30
57 17
84 41
42 1
64 90
15 61
78 76
80 45
16 65
20 52
96 68
35 9
44 69
45 43
12 70
68 84
97 56
16 86
28 81
9 34
14 55
3 39
59 92
10 44
36 75
14 35
40 54
0 93
36 31
53 77
74 73
12 55
20 79
24 58
77 6
37 99
2 98
44 30
46 94
11 46
37 47
91 22
29 67
89 83
88 52
32 84
50 97
41 14
35 16
19 93
48 61
38 15
9 0
10 72
74 88
25 42
77 12
78 29
34 14
36 18
42 17
54 45
4 80
89 43
69 22
77 84
7 76
22 23
22 94
56 1
75 81
41 7
53 92
5 17
51 86
48 10
57 59
75 77
51 8
13 63
69 11
22 86
9 74
79 83
27 28
95 39
95 71
29 25
69 92
83 61
46 86
8 36
85 59
98 95
96 15
51 22
52 15
82 34
14 27
0 18
32 93
42 55
25 22
55 7
28 32
75 73
96 21
63 72
7 67
9 49
5 36
9 43
49 83
35 69
2 85
60 62
77 13
40 50
80 17
59 54
58 3
83 81
1 46
49 99
51 92
73 12
27 92
52 29
38 30
61 10
38 29
9 11
66 0
84 39
77 55
27 60
26 11
36 47
92 79
1 60
13 32
48 60
46 3
78 52
67 22
49 50
11 59
16 39
93 61
48 54
32 18
54 43
3 68
44 36
30 99
17 69
88 43
4 11
72 79
53 38
78 63
97 4
10 94
84 36
70 16
87 32
80 47
96 52
13 67
48 27
27 59
84 28
2 41
81 12
3 40
1 54
59 64
96 98
56 13
64 2
20 4
27 5
47 33
25 31
80 90
50 24
30 20
64 35
66 18
95 83
74 78
57 14
32 36
12 17
42 76
68 83
51 28
62 15
31 33
36 69
88 81
19 11
13 57
76 87
73 8
33 10
80 67
66 7
6 40
89 24
39 19
86 63
93 96
31 93
94 14
71 97
57 45
50 21
62 68
68 71
32 15
67 68
71 93
10 54
65 27
36 24
65 32
59 52
6 95
67 43
96 1
24 95
31 84
82 17
79 40
79 43
95 73
31 17
66 47
67 9
20 83
54 6
66 60
84 27
90 49
93 46
16 3
48 26
59 94
36 37
87 17
77 69
45 31
29 26
58 96
62 8
78 28
15 14
96 84
24 85
65 81
33 49
88 95
34 95
76 35
35 3
71 82
60 34
92 58
48 21
72 82
17 40
6 0
85 51
33 35
28 95
12 85
20 78
82 55
28 86
64 81
50 5
2 77
85 48
39 45
2 50
54 58
26 65
1 9
52 94
78 37
21 86
81 9
46 66
52 56
3 56
20 34
86 39
7 98
10 9
5 19
19 91
71 35
81 51
4 79
68 32
52 25
74 36
92 72
74 57
73 67
89 23
16 36
5 41
4 46
84 29
13 75
7 97
1 51
42 26
10 68
14 12
45 36
64 21
92 85
18 59
22 35
86 61
90 93
44 95
30 79
53 73
87 8
78 46
32 16
51 48
55 88
93 78
7 21
23 84
87 36
62 76
75 35
82 50
4 38
28 74
35 45
77 49
95 36
10 64
26 9
69 85
95 76
5 58
76 67
84 79
90 38
94 54
23 75
45 86
91 32
86 37
44 27
88 64
95 33
47 5
44 7
16 88
49 86
28 98
17 19
0 24
85 29
99 68
68 1
64 24
5 39
56 62
6 55
19 54
48 56
55 46
96 30
28 88
63 32
47 49
38 70
39 64
85 61
88 23
82 7
6 90
76 49
1 79
48 19
83 48
21 15
15 42
76 34
45 70
6 86
39 75
68 26
59 79
25 93
89 48
15 11
13 48
17 26
22 65
77 7
72 84
1 49
5 6
6 46
66 96
15 76
89 5
15 97
31 18
49 11
77 11
75 60
26 24
20 46
29 40
26 8
24 1
77 5
20 72
35 84
91 53
44 40
63 25
27 11
28 49
45 40
31 98
67 69
82 41
21 85
32 74
20 48
18 14
8 79
15 37
9 31
60 30
22 90
45 13
86 97
81 56
19 97
44 2
0 22
24 25
94 24
40 63
39 59
11 39
34 75
77 18
18 41
5 94
16 69
69 25
27 25
84 94
81 10
66 25
89 46
27 2
2 29
48 64
92 88
60 45
81 0
79 89
31 89
25 40
47 40
65 1
64 1
79 97
77 40
66 36
13 72
46 57
60 67
21 79
63 19
20 85
42 84
7 23
1 39
36 50
90 14
91 56
46 71
46 42
38 35
0 13
22 37
52 45
44 20
49 23
5 51
94 86
14 87
80 93
89 13
94 50
19 16
69 38
96 61
26 66
33 68
18 30
68 66
32 0
46 16
10 29
12 20
44 85
33 60
42 97
90 46
16 75
7 87
61 99
38 42
66 22
75 29
58 93
52 12
70 72
15 91
7 38
98 73
56 11
73 65
77 38
96 23
98 77
35 30
0 77
19 65
11 33
75 82
72 73
48 66
16 43
52 1
52 66
73 92
64 99
56 60
5 2
93 68
14 20
26 15
62 53
0 3
92 35
24 17
59 13
14 44
56 87
53 26
18 35
9 70
78 2
89 38
81 32
90 78
0 58
7 24
17 75
12 28
8 58
82 21
13 83
48 24
4 48
52 55
91 88
65 45
13 51
45 33
97 59
18 61
9 65
17 1
28 60
56 49
62 19
47 20
47 2
25 96
26 95
76 92
87 5
38 79
84 50
47 90
98 66
60 41
62 11
63 33
16 28
76 77
57 2
11 8
70 34
75 1
89 86
41 79
90 55
42 54
53 37
36 33
61 39
27 77
8 71
98 68
1 43
28 48
29 86
63 30
57 48
49 5
59 82
67 51
77 81
10 26
70 53
20 88
89 41
63 5
74 8
40 7
91 28
76 50
74 18
80 86
70 97
1 71
80 3
13 69
88 90
26 88
72 32
36 35
99 35
29 93
11 70
95 57
68 64
41 86
30 8
25 68
21 55
38 91
78 67
91 23
78 60
95 30
36 65
52 8
31 27
60 63
27 19
58 69
38 83
90 52
51 4
98 94
