100
195 348 123 348 570 810 292 833 118 961 939 208 261 363 972 613 944 956 952 807 558 57 862 437 985 725 466 480 835 678 541 237 912 400 642 26 304 246 611 713 529 952 563 975 813 938 670 688 276 655 979 918 649 20 372 736 33 687 975 935 38 49 842 622 22 325 476 803 84 862 389 682 238 368 552 124 570 932 266 217 260 463 442 205 919 630 395 274 119 719 271 277 494 320 689 172 910 987 96 30 
20
812 838 357 705 418 214 328 815 988 991 447 449 125 133 762 400 290 148 883 588 
1000
20 38
57 91
17 74
96 52
50 36
62 85
43 9
56 4
27 91
4 13
86 22
30 97
16 94
80 39
24 32
71 13
6 32
0 68
88 77
64 33
80 50
43 84
76 34
6 5
35 55
47 42
67 7
84 69
76 52
70 90
32 86
55 61
84 9
89 33
2 52
39 55
99 37
29 69
42 11
42 60
6 67
30 7
72 8
5 84
47 3
0 98
20 58
40 70
60 45
73 95
90 7
78 46
98 26
48 32
40 10
45 70
90 8
76 63
79 76
64 77
21 6
78 38
82 37
2 56
81 80
82 29
45 9
9 54
92 70
10 84
59 39
16 40
19 73
83 15
51 37
97 57
93 38
55 21
21 17
43 36
43 37
47 80
88 55
79 1
84 32
67 21
5 91
36 89
16 78
62 9
37 36
17 76
37 10
44 60
79 32
64 13
58 43
55 30
83 52
78 14
31 40
12 50
59 86
2 4
83 99
75 10
52 24
78 7
95 1
76 14
46 51
56 26
4 41
77 67
81 1
46 29
41 18
42 50
63 62
94 91
36 35
72 69
68 2
42 59
6 46
27 76
33 51
52 56
9 52
29 74
70 60
38 83
62 42
85 95
48 6
34 65
38 40
68 42
63 98
69 98
24 66
56 95
8 46
19 27
98 48
99 28
57 96
24 30
88 0
80 75
73 24
82 9
86 12
13 50
82 61
14 25
67 51
79 65
4 43
72 45
73 40
71 9
44 98
33 4
44 13
4 79
73 70
98 22
34 83
51 63
43 31
91 69
2 26
39 69
78 1
51 44
38 11
91 55
30 71
69 53
21 25
50 2
6 44
2 47
59 38
34 74
90 17
81 29
65 10
8 92
27 85
18 35
71 41
84 78
25 74
72 32
95 32
81 20
95 90
67 8
59 41
15 74
25 23
11 94
40 82
16 5
98 29
30 33
60 39
59 14
86 69
28 24
75 1
33 80
5 60
30 95
80 48
4 70
84 80
29 27
28 93
61 53
48 5
12 17
78 3
18 95
79 39
54 85
75 44
12 45
8 94
36 41
31 86
63 27
8 17
49 29
42 21
13 34
16 35
1 55
80 79
94 92
76 25
52 84
21 87
46 3
52 94
87 12
86 57
15 81
45 81
32 27
18 4
61 16
69 68
27 51
5 98
46 94
93 34
9 37
37 13
67 99
82 59
50 68
44 59
70 63
45 2
56 23
5 56
76 41
85 31
55 36
49 32
51 54
30 83
68 67
90 62
10 18
33 2
76 8
33 10
96 90
46 7
77 78
27 40
64 20
16 72
86 93
87 56
62 93
36 58
41 40
56 30
11 57
97 3
27 45
48 76
10 71
73 49
21 22
31 23
55 66
16 74
17 39
91 28
32 54
82 95
78 87
46 79
88 81
78 11
22 41
68 79
39 52
16 12
53 7
38 34
90 51
4 14
3 98
86 49
38 15
91 37
17 25
42 7
79 25
52 80
54 43
15 64
94 59
29 14
99 80
95 12
0 43
90 30
36 52
21 49
25 98
95 26
74 62
32 69
0 71
47 56
17 15
34 47
16 3
2 90
10 24
73 81
87 88
76 30
93 20
9 63
6 71
10 95
97 28
29 19
98 36
34 89
57 28
21 44
40 54
86 20
2 15
39 1
40 47
1 90
45 61
57 78
52 75
14 54
91 41
84 51
66 5
44 31
83 84
10 41
93 47
16 7
11 72
59 18
69 50
35 33
71 34
93 53
35 53
89 65
43 23
42 25
58 9
38 80
81 43
85 91
97 56
94 65
85 79
31 7
47 1
17 28
7 70
9 55
55 41
47 98
11 68
36 78
61 37
40 21
73 48
23 14
27 3
53 77
60 24
69 47
77 87
92 91
16 47
10 48
25 65
94 96
81 57
76 74
95 40
88 45
69 24
9 65
85 55
94 25
20 74
0 27
78 86
12 35
76 10
41 72
20 22
75 98
53 70
42 20
26 88
68 45
60 72
31 81
12 3
10 11
90 19
96 5
55 59
43 8
3 92
33 48
81 27
68 7
5 37
35 93
51 42
36 47
84 3
96 29
55 38
50 75
97 64
38 0
8 9
19 99
69 54
52 82
92 43
51 86
3 4
60 94
13 7
11 24
45 97
58 81
58 15
8 31
84 68
11 47
37 78
43 88
69 64
1 50
61 84
98 42
1 22
34 52
89 91
38 96
31 75
13 9
94 38
95 49
23 82
73 28
76 53
99 89
10 88
55 96
42 22
93 9
18 83
37 86
43 86
57 25
62 71
35 8
96 22
88 37
22 44
36 11
85 45
47 27
56 25
84 90
55 40
79 81
52 77
21 52
63 11
11 85
12 68
51 75
83 90
53 84
28 49
3 18
70 99
0 34
62 78
16 69
60 53
67 55
28 7
11 0
28 55
5 41
97 78
88 38
40 64
31 45
7 47
40 11
68 21
76 56
13 3
77 16
94 44
64 82
40 14
98 8
54 95
21 29
35 37
9 95
79 50
68 92
61 99
21 66
96 53
7 96
0 8
12 99
77 14
25 78
51 4
22 53
31 74
8 48
50 8
97 4
6 33
54 82
61 79
51 96
72 46
61 5
58 41
63 38
38 82
28 80
17 71
18 78
44 72
77 23
22 38
11 50
68 60
19 6
18 91
28 62
93 32
70 38
20 85
94 13
28 64
12 38
45 34
87 51
96 75
69 88
9 5
17 1
81 75
61 8
50 25
85 34
11 54
90 6
31 39
90 37
55 13
20 9
57 5
19 46
20 46
59 8
20 69
85 1
97 17
65 38
78 12
9 26
53 34
6 41
67 0
10 92
87 69
23 41
22 48
19 81
21 88
78 91
62 86
40 96
43 89
27 2
78 93
15 85
76 39
4 8
97 66
35 21
37 65
20 59
47 72
50 92
90 36
32 97
9 12
24 64
83 10
85 48
6 27
33 22
61 80
93 74
96 26
77 62
28 15
40 7
43 29
1 6
60 50
65 77
34 16
59 91
73 30
60 35
59 72
55 50
23 83
72 66
50 76
25 77
40 80
21 60
18 99
70 81
57 44
97 24
64 86
20 10
23 46
2 42
74 59
47 33
16 2
71 5
71 2
7 43
96 62
51 88
38 48
47 41
69 25
21 46
98 33
50 59
53 24
41 85
70 78
23 10
86 38
53 9
82 57
29 30
31 10
59 43
79 82
24 89
48 43
27 78
10 58
68 28
5 2
94 5
6 88
70 30
12 49
81 2
79 31
4 46
39 2
50 58
89 68
67 19
74 22
52 81
78 80
92 58
17 29
14 47
9 56
24 56
41 21
79 59
12 67
84 97
59 9
59 80
27 72
40 29
28 54
39 74
43 72
43 3
30 52
5 69
97 52
7 57
48 4
7 52
18 43
69 9
65 56
48 94
32 64
10 53
98 34
64 16
89 84
64 60
48 91
79 86
99 95
46 16
81 84
83 7
3 75
38 60
91 0
6 68
19 36
10 67
30 53
91 43
67 5
70 35
14 84
67 31
22 39
35 67
12 37
6 78
86 53
46 61
53 41
62 53
80 73
13 57
54 17
90 94
17 38
65 20
77 89
69 33
9 92
34 42
4 67
11 97
8 15
87 89
14 50
9 25
99 52
80 98
99 23
32 94
22 93
73 69
15 42
24 40
95 5
66 71
92 31
61 69
95 86
20 7
43 53
95 83
22 56
3 29
45 44
11 23
89 49
42 31
30 31
12 42
14 71
66 57
86 9
33 21
36 51
99 56
1 60
67 56
87 9
98 82
81 17
18 49
8 11
85 70
83 96
89 29
88 98
63 36
1 80
23 45
36 14
70 91
21 45
53 28
25 83
44 73
87 33
92 89
37 66
64 57
66 20
68 83
49 11
34 29
25 81
92 32
75 83
75 12
35 99
1 52
98 60
33 81
42 86
69 18
45 41
1 67
38 7
69 71
47 63
85 17
45 17
10 55
73 96
55 77
11 35
31 41
69 74
76 29
6 80
15 3
11 28
12 21
26 58
13 6
73 68
30 67
6 52
92 54
90 77
98 11
77 31
76 88
65 69
59 93
69 77
4 83
28 33
14 41
65 12
67 34
50 20
1 23
41 93
43 1
10 52
71 47
92 29
69 67
3 9
74 21
81 89
42 3
70 88
27 44
65 46
38 30
68 80
65 86
76 28
17 88
89 83
61 13
54 8
57 48
70 33
87 14
75 70
22 52
58 28
53 91
65 96
64 49
10 79
26 25
98 97
86 2
0 52
48 58
99 17
27 79
41 38
50 18
52 59
6 62
41 78
70 21
93 2
2 96
61 41
61 49
33 24
60 27
39 10
67 61
50 85
8 7
71 85
82 21
9 17
17 33
0 47
81 8
84 39
71 67
9 83
87 38
17 20
36 93
17 49
13 12
51 89
52 60
82 4
96 70
89 7
66 78
54 24
19 26
65 53
58 51
59 37
10 66
43 85
30 35
39 83
98 72
84 85
45 94
68 66
95 17
22 9
93 45
99 39
