100
910 451 796 565 355 391 119 872 498 552 592 720 588 636 135 616 438 585 382 13 930 10 249 677 516 450 676 921 176 491 506 291 65 865 440 298 193 258 657 937 583 28 493 819 284 615 352 393 972 660 253 201 102 602 977 775 827 858 841 806 88 397 772 941 982 984 504 168 510 857 593 18 71 965 72 907 73 716 29 797 832 787 862 50 505 391 360 938 3 292 376 643 844 926 890 912 164 824 744 841 
20
208 994 722 99 884 155 991 881 811 478 445 962 128 644 639 638 419 619 347 146 
1000
13 62
29 78
21 53
98 93
49 90
88 82
34 45
74 5
11 24
66 19
10 34
19 10
32 77
32 3
98 67
98 18
21 39
61 77
57 7
87 29
18 31
16 76
9 53
79 27
79 8
90 36
64 93
24 4
67 20
49 91
73 4
91 30
86 83
82 93
64 9
23 39
13 80
21 11
43 5
41 46
34 56
27 78
14 91
11 16
23 29
49 31
41 77
26 42
43 96
27 95
97 60
81 92
77 63
8 75
39 5
23 84
84 89
42 46
50 45
38 34
13 35
74 50
98 53
39 88
66 18
30 77
24 95
16 43
61 4
4 11
70 59
4 90
60 2
99 18
12 8
42 55
8 27
93 66
52 87
91 66
50 29
86 97
7 13
50 64
11 82
37 10
43 95
78 48
95 5
15 51
5 40
39 55
22 46
6 70
5 28
94 13
17 70
42 78
2 56
74 90
68 2
8 64
73 55
90 24
31 24
49 48
92 0
92 68
55 6
91 78
26 4
53 30
12 87
57 77
21 26
12 38
32 94
48 41
87 66
78 12
6 60
3 88
76 47
61 84
82 72
19 77
86 7
39 40
43 21
87 68
78 5
98 83
47 46
22 11
2 97
88 1
46 37
35 21
60 1
64 23
35 74
22 51
31 68
56 58
41 57
33 42
61 26
42 53
41 38
93 20
68 40
13 19
5 9
79 86
75 94
57 35
2 28
24 28
26 92
76 89
40 71
52 97
32 9
86 88
89 24
69 8
17 61
42 94
89 27
56 67
44 28
76 14
81 78
13 50
83 41
77 7
41 8
60 84
52 51
18 28
70 36
15 61
88 95
43 13
39 82
54 50
35 75
1 53
40 74
99 44
45 43
81 22
92 86
25 61
85 32
21 24
76 17
35 28
76 94
38 73
99 94
28 93
85 57
2 3
92 50
69 96
60 82
52 68
1 42
78 34
30 59
60 40
45 29
75 44
67 72
93 14
35 65
81 6
36 75
88 58
68 77
96 37
9 67
20 31
47 86
7 37
10 50
3 45
55 48
70 43
79 54
71 82
17 87
61 76
29 59
49 37
28 42
84 57
69 84
61 52
61 55
48 38
82 26
1 47
69 36
77 71
63 38
16 33
86 56
90 61
13 9
29 98
8 9
54 95
91 97
48 26
18 92
46 99
34 22
54 15
14 59
28 66
39 85
58 32
28 37
90 17
78 46
8 98
98 95
5 79
9 29
89 88
85 4
27 84
96 63
37 1
12 19
90 43
10 11
77 5
59 97
36 95
81 5
41 72
13 14
88 9
65 49
48 44
62 81
72 0
41 0
29 2
36 1
74 34
6 66
61 91
50 81
42 99
77 18
68 46
31 0
15 45
28 3
83 88
14 28
39 33
1 94
40 13
54 76
11 33
3 76
2 35
37 90
1 56
83 54
72 7
89 10
1 93
7 56
18 95
89 97
68 97
47 36
81 42
88 47
33 96
58 48
26 98
75 18
14 77
14 71
79 94
72 73
98 16
62 88
30 81
95 64
42 65
33 7
91 27
29 71
92 73
11 80
33 59
37 71
87 79
94 80
97 21
19 46
72 91
66 3
50 75
79 76
27 25
70 53
80 86
68 51
65 37
8 29
94 5
44 5
92 28
84 22
89 51
99 57
11 66
20 89
37 34
98 86
53 23
49 18
78 89
90 86
0 99
63 36
10 51
70 19
50 16
27 35
38 36
19 63
92 84
55 63
36 60
35 12
38 81
30 90
88 71
3 78
5 83
56 25
28 74
77 89
71 83
74 78
30 50
65 43
65 89
38 56
4 67
29 85
11 77
15 73
59 61
51 17
34 0
47 28
96 95
86 61
22 50
65 77
82 66
43 2
2 71
13 57
67 85
13 8
5 17
49 13
99 87
86 27
93 37
69 0
76 85
72 65
35 15
84 48
66 50
65 87
0 54
32 57
12 94
8 76
95 37
63 61
45 20
42 70
81 68
84 75
29 90
75 69
79 99
21 74
94 37
8 38
60 0
26 56
56 14
90 52
1 65
27 59
56 64
15 12
38 75
66 25
57 60
85 7
76 63
61 53
17 19
53 44
54 38
61 42
22 53
17 83
3 60
22 12
69 81
63 66
83 77
88 72
50 28
70 28
63 0
31 96
77 62
14 79
36 57
51 65
54 9
50 98
83 38
4 97
64 65
69 34
64 26
15 95
73 99
39 35
73 16
1 27
17 65
53 45
20 57
82 30
0 82
82 51
72 33
51 79
56 66
9 7
21 79
70 77
19 76
77 98
27 43
8 0
11 2
39 83
88 97
59 76
55 16
16 36
15 40
52 60
16 40
94 17
65 83
56 36
88 75
12 85
10 44
40 77
1 89
55 53
31 70
33 29
22 10
22 29
82 61
27 14
9 44
98 41
26 6
83 79
87 27
73 77
9 55
33 52
13 82
45 40
12 84
38 1
36 29
19 0
4 65
87 5
74 92
63 78
27 11
44 82
14 97
40 33
23 69
64 43
3 82
37 79
2 66
65 61
33 35
93 59
78 83
53 52
58 49
78 21
61 6
76 37
26 62
3 67
39 87
45 71
22 58
62 87
16 96
12 99
83 24
95 63
80 92
34 70
41 34
21 3
38 42
4 30
60 28
18 24
8 57
73 23
3 90
15 52
40 92
57 0
46 88
71 67
92 90
60 22
73 90
96 50
99 5
79 75
87 10
70 67
1 12
17 6
52 0
84 43
29 48
14 43
44 62
34 84
25 96
63 81
79 40
96 99
54 7
37 67
90 76
59 88
13 55
90 99
79 29
84 36
60 33
4 1
11 45
54 10
27 93
41 12
65 68
60 68
47 81
1 72
6 22
71 60
31 27
83 4
17 9
53 63
63 25
37 13
95 62
59 6
67 25
27 56
86 6
43 89
45 58
17 63
2 23
94 36
34 76
24 88
43 98
74 22
22 63
73 34
64 61
28 99
24 71
53 84
83 35
26 34
49 12
79 7
91 11
60 93
33 20
94 39
89 99
16 46
70 81
42 7
12 3
98 0
86 58
3 73
81 89
46 54
30 93
13 53
44 59
81 39
31 14
81 88
74 7
77 78
33 17
21 64
25 99
29 32
44 95
25 17
62 17
74 98
88 85
41 23
5 45
16 84
52 39
20 77
39 24
59 89
17 7
73 57
74 32
87 80
33 54
18 30
95 49
46 58
26 15
76 35
51 27
3 29
70 32
48 65
2 80
95 12
82 87
48 27
11 34
9 71
44 31
87 71
26 97
32 6
79 23
93 73
63 73
78 62
31 37
76 74
25 77
32 4
27 96
76 68
53 95
35 67
94 64
59 85
45 52
98 70
71 74
93 87
7 8
35 82
61 0
65 91
5 16
24 14
14 22
27 9
4 50
24 16
83 33
90 14
52 56
85 71
10 43
20 3
72 45
78 58
65 3
72 64
6 10
17 80
35 5
31 90
21 85
78 49
86 65
37 26
24 60
69 14
60 83
94 50
32 18
70 50
30 35
84 38
16 89
99 85
30 8
20 39
16 57
93 69
62 90
83 51
0 71
9 85
67 16
25 48
40 75
74 62
15 13
2 69
30 94
17 18
97 42
18 25
7 44
85 15
37 48
73 86
74 51
50 55
94 56
62 27
6 54
45 73
35 99
77 99
99 97
31 66
61 71
71 63
33 78
4 31
62 7
37 2
34 47
5 75
1 7
82 78
60 23
19 5
74 4
69 43
67 59
87 56
90 20
63 26
89 62
21 63
30 11
60 77
54 68
19 73
22 24
15 75
47 44
7 87
51 54
66 96
46 74
52 38
91 8
64 78
33 15
50 0
64 68
93 44
79 72
60 13
46 77
51 43
94 97
16 72
32 75
31 86
84 72
81 25
61 80
97 15
0 56
91 13
72 75
77 21
99 83
67 65
99 59
42 71
57 70
23 28
47 19
6 4
93 31
65 60
24 96
0 33
62 59
10 93
45 21
64 83
23 45
76 58
89 73
54 84
2 90
65 96
75 48
45 39
42 4
69 17
86 29
50 65
30 2
74 29
6 31
29 12
32 19
14 32
51 25
33 93
83 89
21 38
5 18
43 6
32 90
50 59
80 39
33 13
44 70
62 52
78 59
87 40
53 56
73 95
39 67
25 83
73 62
86 11
72 59
74 10
3 33
34 75
6 92
99 36
9 41
34 31
87 21
91 55
96 51
17 50
21 84
0 35
88 68
36 48
7 82
58 10
38 53
90 56
44 63
26 24
51 11
0 62
97 35
83 96
89 63
1 30
57 42
96 15
28 78
46 24
54 85
97 81
92 17
80 72
83 29
95 6
25 14
77 56
33 27
50 60
86 12
81 55
20 59
94 84
98 5
74 27
0 87
12 51
63 4
65 85
20 13
20 85
17 37
37 89
37 23
95 8
32 21
44 91
72 87
44 69
58 94
96 55
75 66
96 49
16 52
75 33
18 42
21 30
15 49
62 32
9 37
33 12
58 8
68 98
9 19
41 14
20 47
