100
625 882 353 310 437 88 456 361 237 53 488 205 556 425 245 863 62 778 934 654 585 841 344 200 5 832 840 960 369 238 881 929 807 34 537 807 562 52 348 372 679 93 630 904 481 517 826 486 641 421 771 711 496 60 983 570 431 116 760 940 736 452 678 573 95 647 693 377 628 995 898 192 405 586 608 706 880 639 167 886 525 734 246 100 477 486 483 11 77 780 922 732 160 172 802 376 65 97 145 971 
20
866 618 182 100 292 875 765 997 675 857 673 55 933 422 450 472 345 649 80 584 
1000
15 98
22 41
92 61
78 60
6 60
48 74
88 70
41 47
51 60
65 98
19 6
58 66
28 53
48 88
43 46
74 7
18 64
61 76
25 38
67 20
85 66
28 63
15 41
97 29
4 74
75 48
33 30
71 92
17 44
23 13
70 8
67 5
1 29
74 75
98 86
74 71
67 53
58 80
42 8
14 5
56 90
26 40
5 53
24 34
4 31
38 49
58 35
59 27
28 21
70 39
49 46
41 32
36 51
86 70
93 82
39 79
62 43
43 19
82 61
20 25
97 86
61 50
61 40
98 37
67 24
76 20
52 51
87 43
46 19
5 36
70 52
25 83
5 0
55 48
19 72
25 71
43 21
97 0
57 3
2 29
57 52
62 88
28 65
89 43
85 51
84 81
56 15
83 68
91 23
98 83
34 44
55 22
0 54
78 18
86 6
3 67
21 90
67 64
27 62
14 35
17 54
71 49
22 12
33 77
46 31
66 42
97 92
4 33
54 3
72 93
39 19
7 84
83 14
55 41
46 67
84 90
0 88
28 37
44 33
26 85
27 39
63 27
91 49
71 37
83 47
93 67
86 71
40 81
33 14
61 37
53 8
82 18
41 70
99 39
84 27
29 21
38 66
25 96
3 72
11 4
35 75
32 58
93 31
47 0
92 43
42 85
6 47
41 87
48 43
15 30
42 13
31 80
62 75
12 34
17 33
64 87
95 51
81 10
10 9
89 23
61 47
97 40
91 32
48 16
84 14
11 74
3 49
21 88
56 16
48 65
64 22
31 25
76 31
64 14
36 47
16 80
72 6
38 78
56 46
99 62
41 11
42 73
30 71
66 74
98 39
63 82
88 39
43 36
1 30
98 21
97 80
14 67
64 63
60 54
69 21
25 55
75 88
7 85
99 90
77 51
61 31
77 38
8 38
49 37
8 14
21 24
38 50
46 3
15 61
58 52
83 13
32 72
17 97
49 51
49 58
5 33
98 66
24 79
61 81
8 80
71 65
93 90
57 53
96 71
89 93
6 73
49 72
67 22
27 33
49 54
78 46
44 25
11 5
49 53
70 90
34 71
44 12
37 93
19 18
20 3
19 17
31 30
85 40
48 99
11 60
40 28
93 57
52 69
62 37
14 66
41 89
50 36
54 82
16 10
62 34
37 26
67 35
0 63
71 61
89 45
79 85
26 47
7 59
36 88
70 91
14 86
11 7
19 28
86 73
54 98
93 48
90 68
13 52
87 81
4 18
11 99
38 14
60 9
40 60
93 49
35 69
1 45
47 9
85 14
71 45
45 93
18 38
93 43
15 77
21 20
20 13
84 12
26 30
20 97
22 37
94 38
69 26
79 6
80 81
13 78
80 74
37 53
42 60
87 13
88 40
81 32
35 4
12 41
14 75
25 79
62 7
94 43
24 41
29 64
31 50
29 69
75 73
48 52
0 56
32 70
57 13
71 95
28 98
52 83
15 96
15 9
83 43
99 95
93 28
23 62
90 17
57 35
4 70
63 55
91 55
49 6
21 63
83 46
79 55
85 92
1 85
61 4
78 68
94 36
60 21
19 60
24 73
85 10
94 6
32 33
5 59
53 85
97 62
36 72
41 21
63 61
56 22
17 49
17 86
43 72
48 46
70 99
46 58
90 5
66 35
72 80
8 43
72 31
56 8
79 74
96 47
92 70
50 72
80 15
63 73
29 42
79 87
64 26
47 52
63 33
97 88
5 46
40 44
87 77
41 51
13 32
97 35
52 81
3 45
4 84
87 96
53 21
50 23
8 3
91 21
22 35
39 31
81 58
9 46
32 24
22 32
31 48
78 55
81 92
23 68
13 85
69 68
55 86
70 98
47 7
66 95
52 9
15 22
70 53
66 0
49 69
86 44
67 1
6 39
49 85
72 98
74 54
42 25
75 50
77 46
78 89
18 98
54 42
79 65
60 45
35 0
55 50
54 58
50 52
15 57
93 51
28 22
40 79
2 60
93 62
58 26
42 52
65 23
94 93
38 58
82 8
6 67
9 74
45 73
97 68
98 36
92 16
38 9
33 60
89 73
42 91
40 12
94 61
79 52
70 49
82 81
70 15
80 4
2 57
5 13
52 34
45 62
73 18
59 65
46 20
44 82
35 74
29 23
88 44
78 76
34 49
46 70
75 40
3 10
90 91
71 93
77 48
60 57
96 54
67 57
73 26
88 1
49 50
21 23
5 18
14 4
10 78
88 58
12 89
37 66
30 94
72 64
53 47
92 66
9 63
65 74
94 74
82 32
50 82
31 87
48 97
84 34
4 28
91 63
69 36
31 92
88 43
26 93
44 81
8 9
90 27
55 69
3 16
51 29
30 3
65 15
10 92
41 77
93 20
39 61
44 79
81 88
6 7
28 38
35 1
15 2
56 64
49 57
61 77
92 58
44 94
28 69
7 19
57 42
26 59
34 6
24 36
66 69
85 54
51 22
4 56
88 82
37 94
58 87
86 12
6 15
67 79
3 74
73 8
36 7
44 23
16 9
88 25
21 19
73 61
87 35
35 39
4 44
92 5
53 50
99 19
2 54
16 46
65 90
87 66
6 71
19 51
44 97
42 93
1 74
28 52
83 94
83 80
30 25
56 33
55 95
52 60
35 28
47 56
72 4
95 82
22 45
41 46
10 62
62 17
16 89
89 14
24 48
50 39
58 61
38 67
8 58
75 41
97 38
92 0
33 81
75 3
1 62
63 20
71 48
1 89
5 73
97 32
27 17
65 38
19 93
97 66
18 16
75 77
28 31
40 38
44 49
54 4
51 91
55 8
53 77
98 29
18 63
78 44
53 16
74 37
90 54
24 89
34 26
46 29
64 3
80 59
52 7
63 6
50 77
36 0
47 84
37 33
95 59
19 90
26 68
16 31
54 92
68 98
92 7
45 66
26 22
73 78
10 99
38 3
3 47
44 43
3 82
97 54
16 32
0 57
84 74
69 60
21 42
7 30
39 68
96 76
60 53
9 40
44 70
81 21
18 9
2 14
40 74
96 22
12 23
19 75
16 5
91 43
65 58
22 50
92 84
43 76
66 28
86 92
95 60
54 24
76 67
73 64
24 93
82 25
67 68
91 47
81 67
28 91
7 77
10 20
28 76
96 84
65 22
72 14
8 65
27 69
31 96
61 90
58 29
96 85
72 95
43 9
64 97
83 1
72 18
9 97
79 4
13 53
66 81
7 8
10 64
49 89
33 57
61 34
46 37
39 36
4 10
32 8
30 64
65 89
98 67
15 46
16 15
3 5
93 30
0 67
67 55
12 68
8 23
85 74
27 74
27 60
64 21
94 34
36 74
27 15
83 0
69 90
34 31
93 21
6 8
75 92
47 24
38 93
67 47
39 63
72 34
86 15
20 89
53 51
93 60
64 19
89 17
55 30
35 18
60 30
64 96
34 41
4 3
81 99
13 12
81 41
80 73
52 72
18 12
68 16
19 61
45 50
41 30
97 75
36 15
61 18
32 38
65 66
60 61
12 31
63 30
4 91
29 68
56 76
51 3
29 9
66 88
21 11
49 39
60 58
44 22
34 64
77 63
64 59
40 73
68 92
86 23
11 84
66 56
2 16
43 26
57 30
6 2
67 50
14 56
43 0
92 22
79 26
82 56
24 2
75 53
55 54
2 7
14 93
62 33
55 53
44 27
45 15
42 16
58 85
91 16
42 90
6 27
93 1
42 87
45 42
10 17
9 79
42 26
0 94
46 18
39 0
0 62
50 34
2 97
81 54
95 24
97 28
23 4
38 55
21 51
53 89
35 5
91 5
57 86
87 69
25 17
15 38
7 12
38 57
17 18
78 34
72 61
87 33
20 9
57 55
7 70
70 33
0 96
22 68
50 70
11 32
0 30
37 87
84 75
42 10
65 0
12 16
42 31
99 83
24 22
55 7
70 84
0 78
79 14
47 13
10 76
26 14
50 40
29 54
35 56
98 87
77 55
34 28
50 76
67 77
46 26
22 53
38 5
66 26
80 64
50 58
10 24
50 89
50 92
20 6
31 71
16 47
56 74
34 85
94 16
40 22
45 18
22 7
61 44
62 4
50 13
84 45
74 96
29 66
70 36
8 20
13 54
55 97
61 30
25 36
97 51
79 68
64 43
58 74
88 10
91 87
48 62
39 55
44 55
89 86
54 31
37 56
35 34
42 70
57 59
22 72
32 96
93 3
22 86
6 80
80 57
9 69
79 38
2 62
3 37
25 84
25 14
48 63
86 29
85 3
60 76
94 59
35 3
62 11
38 21
84 24
84 18
13 76
46 8
82 12
66 12
34 39
23 67
7 3
49 98
71 12
98 1
21 36
45 35
19 8
27 11
81 11
58 15
46 10
66 57
96 73
74 12
31 15
99 34
65 86
44 6
65 75
56 72
43 65
27 0
57 46
84 52
24 87
66 31
0 29
99 17
58 86
31 10
68 4
19 76
25 98
49 11
55 2
73 31
4 93
72 7
62 83
81 27
41 62
27 23
58 45
