100
118 870 676 6 886 116 814 774 36 518 352 206 820 960 332 792 812 10 424 537 82 308 504 795 756 596 465 684 658 936 651 484 292 559 199 325 814 130 87 547 763 283 875 851 352 278 468 296 402 64 63 695 732 288 734 441 342 550 490 301 679 78 795 997 893 629 128 120 2 274 545 264 553 92 551 17 143 417 365 401 252 971 279 365 221 283 537 868 266 998 185 428 292 78 330 237 692 926 726 423 
20
864 443 810 152 89 803 283 40 819 693 326 999 674 551 121 526 407 842 857 271 
1000
0 41
75 12
45 65
59 31
53 2
59 86
27 58
96 1
44 95
37 59
63 68
39 47
56 78
21 60
53 42
55 19
59 33
37 62
30 17
70 80
34 87
23 26
18 51
54 53
14 84
22 92
39 65
29 35
94 26
51 43
98 25
44 93
23 99
15 88
32 21
74 81
62 78
60 48
20 7
90 24
51 44
35 59
44 1
12 98
13 6
40 34
55 38
5 32
35 50
43 54
52 33
1 47
88 46
90 52
43 20
7 27
30 50
1 95
95 93
4 99
70 35
50 64
99 25
13 21
95 68
74 42
15 95
93 70
59 88
25 78
61 3
15 24
7 53
49 0
4 5
91 48
86 57
28 21
40 31
35 31
99 1
25 11
18 65
73 79
11 12
49 17
8 99
74 85
81 44
68 52
50 25
89 9
31 67
33 83
60 17
87 35
54 87
77 87
97 8
95 30
67 12
32 20
53 10
98 86
11 63
29 61
23 43
31 99
14 67
67 55
90 73
90 19
13 47
46 41
28 34
40 93
99 86
8 84
64 69
88 0
76 11
35 23
12 77
57 2
19 16
90 59
73 25
86 46
15 8
64 36
96 16
41 43
51 64
12 89
22 86
45 32
91 34
73 44
20 73
16 94
89 79
37 48
0 69
86 39
55 83
54 63
4 65
90 78
74 51
38 70
9 27
8 74
87 93
96 35
25 52
83 72
28 39
55 33
28 40
75 74
92 54
61 79
70 45
93 73
82 58
37 78
29 21
16 51
84 52
58 8
82 63
4 19
68 43
79 37
2 44
29 65
44 10
78 33
37 20
58 80
71 92
40 55
39 0
83 56
70 3
35 11
97 6
26 95
10 99
15 73
54 2
71 61
27 5
80 90
4 12
15 41
10 69
18 13
4 85
2 11
36 23
90 57
17 71
38 25
99 98
72 91
97 94
72 37
30 62
60 96
74 22
70 43
59 68
27 93
16 92
26 86
42 11
38 64
33 73
25 75
81 31
54 28
75 81
47 57
3 52
36 8
40 49
54 50
19 12
7 83
24 84
40 65
14 46
53 81
14 63
94 78
45 19
15 18
21 80
89 86
21 24
20 60
75 53
80 79
82 41
49 24
37 2
28 67
37 13
71 90
59 47
96 92
54 57
88 73
93 51
48 81
31 55
8 41
16 73
41 30
70 63
76 35
13 17
21 4
92 25
84 55
3 87
87 96
74 60
55 82
49 10
68 36
69 59
89 56
89 24
7 73
24 97
35 45
59 30
92 1
81 71
64 84
63 81
45 7
72 52
6 75
94 87
38 65
40 41
23 73
12 94
77 18
99 92
24 30
70 15
0 57
13 9
19 61
16 36
16 20
99 57
87 11
13 59
16 64
86 40
6 46
22 16
71 48
71 58
47 82
4 57
51 13
89 81
68 61
59 55
13 63
21 22
84 26
52 5
47 62
8 38
38 53
25 0
8 6
39 15
98 93
32 3
77 38
45 34
27 99
65 62
11 47
57 37
34 71
95 40
57 78
80 57
42 37
28 99
59 61
65 8
4 88
82 4
92 86
77 7
9 94
72 98
31 90
88 9
57 30
8 3
39 43
67 8
36 73
69 76
86 51
61 67
47 25
61 20
71 39
56 2
43 29
43 72
99 6
4 34
67 65
30 6
46 81
1 35
87 62
77 29
57 76
95 27
63 36
33 81
70 8
77 92
13 36
37 74
28 79
82 10
40 66
1 31
50 80
56 71
61 26
66 84
52 99
89 2
49 57
60 93
71 55
67 51
12 36
99 33
62 15
31 18
78 52
79 31
39 98
11 18
94 69
45 78
95 58
97 89
93 79
88 69
44 88
53 22
82 84
95 67
66 74
49 43
89 88
62 9
25 18
67 41
34 47
99 40
49 67
28 8
98 94
70 97
71 29
29 6
29 49
5 7
20 47
9 98
46 16
19 1
86 80
72 16
94 56
75 7
12 40
54 65
91 26
74 64
38 6
77 61
95 35
99 72
46 51
75 23
66 43
47 30
48 22
66 41
3 7
68 64
81 30
49 81
96 10
78 53
5 62
70 47
96 52
66 87
18 86
82 70
33 63
40 42
63 29
60 86
48 43
17 47
87 65
98 33
9 85
23 32
89 29
73 29
67 69
0 4
74 26
59 82
75 91
1 77
9 2
74 99
97 95
9 60
0 54
71 97
42 97
55 17
32 28
35 14
53 26
15 33
72 22
21 14
12 25
75 48
95 98
76 51
94 65
66 95
76 5
21 70
99 62
89 6
30 12
75 13
3 50
67 50
79 70
10 40
33 13
59 75
23 25
78 47
35 86
48 92
32 53
71 33
20 59
65 57
9 67
41 83
55 61
11 43
42 93
87 56
39 29
70 53
19 51
34 10
73 39
21 95
23 95
65 78
78 70
76 3
91 83
79 71
54 77
34 82
31 78
75 86
51 39
11 67
48 11
0 33
47 21
34 11
97 87
19 2
17 65
26 21
13 57
13 27
92 38
46 84
46 4
98 44
50 28
58 45
14 18
11 57
23 31
75 31
83 15
84 72
21 99
63 72
44 78
98 26
21 40
26 44
17 76
91 82
71 43
82 1
85 38
80 96
51 12
71 13
31 6
80 9
77 24
27 0
8 80
95 74
63 34
71 49
35 91
41 34
82 38
32 39
44 15
4 6
45 41
34 58
3 48
47 85
91 37
24 5
43 9
7 48
74 44
82 26
28 88
46 95
48 26
7 43
5 61
19 38
59 4
79 55
22 50
28 12
89 7
44 3
6 91
34 42
55 93
39 12
29 15
92 11
48 44
32 41
21 94
90 76
97 4
98 34
92 26
97 99
37 89
17 16
11 39
95 70
77 20
90 12
1 6
97 12
36 80
19 89
41 1
88 6
89 98
64 28
38 56
57 29
48 64
13 55
56 66
25 62
4 98
94 80
20 67
84 41
48 95
74 24
28 29
72 1
46 68
4 8
13 48
18 75
32 61
29 1
2 29
85 18
32 86
13 43
56 43
16 89
30 65
32 75
7 71
90 40
86 67
26 71
41 55
74 90
68 86
77 48
46 57
33 36
39 38
70 6
62 86
1 97
97 15
73 35
71 62
8 18
93 71
98 83
27 22
10 19
89 58
18 57
72 73
22 34
87 58
12 85
40 14
1 57
5 33
40 35
18 96
27 61
22 52
92 79
89 28
34 69
60 65
6 94
27 62
59 44
89 67
59 92
75 52
46 85
23 52
29 51
84 92
52 80
71 9
77 42
88 79
44 11
15 72
68 10
25 17
87 37
0 48
55 77
51 45
33 9
90 47
76 40
15 6
16 98
70 31
16 53
46 69
36 82
79 24
33 42
45 0
65 71
27 91
82 17
15 12
11 31
66 34
4 3
59 71
26 97
56 19
46 49
18 52
86 95
58 16
31 77
72 46
46 44
93 75
16 80
86 13
92 81
65 50
69 78
35 49
75 34
35 15
89 64
73 12
34 29
59 60
70 33
12 80
70 66
19 88
44 72
18 3
81 41
38 4
92 34
99 43
4 92
63 20
27 12
17 68
28 90
99 42
29 97
75 51
68 57
93 66
91 70
25 93
13 54
52 21
18 73
84 11
83 30
11 97
36 35
97 65
26 41
43 1
86 82
8 96
72 4
30 25
65 10
62 8
20 21
47 18
35 30
69 11
76 41
79 20
96 47
60 41
28 62
32 92
53 14
30 58
82 18
77 63
13 89
28 24
65 81
86 25
27 14
75 4
89 69
88 77
56 86
84 90
64 87
94 13
47 88
34 35
48 24
24 88
80 7
91 20
95 34
73 87
16 83
57 63
79 94
43 31
67 81
91 80
82 28
13 81
45 48
41 18
85 48
60 3
98 30
45 95
26 22
53 41
68 83
81 91
34 74
74 61
74 35
81 82
74 80
2 27
82 80
78 42
48 63
20 8
17 43
56 67
30 89
64 18
61 34
71 86
2 28
40 32
15 75
17 34
41 9
1 48
46 60
28 0
17 80
37 82
20 10
33 19
72 9
76 88
51 2
22 65
66 21
16 66
8 16
7 46
66 64
83 90
89 71
76 29
92 74
66 51
84 44
57 40
0 19
86 8
22 60
52 4
14 72
79 15
82 30
93 26
2 86
75 28
89 38
76 46
64 98
99 64
13 39
89 78
74 49
30 84
36 58
82 95
35 18
31 12
10 42
35 8
92 8
45 26
25 63
78 34
33 58
12 2
25 4
6 79
27 10
50 38
15 21
65 92
71 74
44 31
1 56
90 95
11 3
23 90
98 65
81 17
91 8
73 54
47 38
57 28
37 1
11 78
99 36
76 27
5 49
98 27
2 67
5 81
40 8
36 19
52 27
2 17
60 50
72 21
55 36
96 41
26 37
5 66
36 84
20 84
7 0
89 18
96 40
32 8
72 50
4 81
39 37
97 61
96 79
31 38
75 96
6 10
69 45
70 81
64 40
45 8
3 39
34 85
15 32
12 17
83 29
23 91
20 38
26 65
