100
148 399 921 830 209 309 291 810 896 666 794 944 505 568 575 486 952 826 943 571 491 775 637 123 178 200 808 142 747 208 676 894 390 492 924 337 977 209 711 849 865 718 11 710 270 629 29 584 169 488 42 425 134 50 309 700 282 750 704 804 799 77 309 960 888 463 141 742 286 433 651 111 970 757 819 558 893 927 164 678 968 516 714 730 911 819 246 434 879 407 180 40 269 846 755 509 388 161 870 192 
20
153 452 898 484 863 319 973 569 687 644 905 998 748 753 395 727 141 630 261 80 
1000
33 41
50 76
43 34
27 12
58 21
6 93
90 39
29 92
45 85
74 77
32 53
8 21
55 15
90 12
62 28
49 51
6 19
44 18
60 22
43 30
86 63
62 5
85 67
12 34
13 96
69 10
42 44
52 56
65 53
38 35
97 98
13 60
8 84
81 60
36 77
6 46
29 99
20 61
51 27
93 96
6 89
62 70
57 21
14 76
77 87
82 91
49 94
15 94
46 96
29 14
43 96
27 64
93 68
62 56
54 65
68 59
64 86
94 52
60 73
61 23
94 65
61 70
48 62
42 96
18 28
12 51
49 65
70 14
79 63
62 8
94 63
31 62
50 96
34 7
56 72
7 67
79 59
46 78
64 75
17 10
81 84
19 57
39 87
78 88
97 66
12 3
84 2
16 48
12 87
97 21
24 68
34 51
48 6
83 41
71 99
2 1
47 60
95 33
25 41
78 7
98 83
38 62
79 30
53 0
15 54
59 1
86 28
92 46
49 28
99 95
99 56
93 33
63 40
31 50
59 61
97 20
96 0
88 54
13 36
82 56
31 36
61 7
4 88
13 67
96 30
48 97
99 90
78 28
66 40
75 69
54 59
28 94
94 21
73 93
66 45
53 95
34 66
97 79
38 63
12 85
78 73
42 57
59 34
73 80
59 69
81 53
7 21
62 65
11 36
50 28
76 7
9 79
76 21
1 90
17 67
10 34
85 32
40 15
41 64
70 91
11 72
42 50
18 43
10 55
7 86
17 80
22 45
24 75
25 46
77 21
26 98
10 53
88 26
89 55
53 58
29 98
23 6
32 90
4 62
65 18
15 38
66 79
18 82
22 59
51 29
69 44
70 57
63 97
95 41
33 68
60 78
77 62
88 84
60 90
18 66
10 68
33 43
61 69
90 98
10 71
2 44
83 81
41 75
50 93
26 96
20 2
96 19
0 61
77 64
73 52
19 28
36 14
99 70
45 42
62 78
47 75
92 74
70 95
86 56
86 6
87 14
84 14
83 0
57 16
88 15
40 8
68 94
54 81
45 96
5 6
96 48
56 38
13 25
19 56
29 8
72 80
96 14
60 65
17 5
42 85
22 54
80 71
10 26
84 22
16 70
38 26
9 71
70 20
54 42
6 75
62 64
91 85
93 76
74 2
2 97
66 25
12 49
2 52
55 94
29 78
49 42
73 58
28 53
99 67
82 66
73 20
68 95
31 37
45 43
70 71
29 12
44 16
22 63
77 0
35 4
35 30
41 35
30 87
56 30
60 84
72 25
68 22
11 33
11 96
59 27
34 6
49 20
48 49
12 59
46 48
30 18
87 36
88 39
78 74
61 28
16 83
47 93
45 30
83 93
37 19
71 2
89 80
96 7
58 10
38 72
12 95
56 7
58 65
87 83
80 90
35 76
36 6
74 96
10 2
49 87
1 51
87 48
73 3
32 42
85 88
0 94
53 80
60 10
39 7
94 6
34 23
68 79
97 41
86 72
12 30
75 79
66 73
26 7
24 92
74 57
81 97
42 67
4 52
29 5
25 54
82 25
46 36
50 39
38 8
22 69
27 67
99 87
85 37
42 5
26 66
77 69
61 77
10 7
4 79
11 48
48 33
98 51
36 68
71 21
34 3
35 25
17 98
3 9
39 80
1 95
95 71
84 87
73 5
56 2
55 18
46 86
29 18
8 51
91 50
90 38
61 49
72 48
65 86
9 46
24 58
14 79
65 3
1 6
98 32
97 58
59 40
18 62
88 95
50 92
67 0
21 37
91 95
56 10
74 69
66 87
49 60
32 62
97 61
73 23
46 2
17 64
37 30
30 90
30 15
37 61
47 55
80 88
70 12
71 58
81 43
44 94
59 30
44 26
41 45
43 63
77 41
62 45
51 80
11 60
29 52
89 1
82 6
60 68
35 67
10 0
20 82
34 40
64 96
25 94
25 15
23 33
28 48
90 33
54 23
0 60
17 62
15 3
99 35
88 67
42 4
35 73
64 53
5 32
81 35
17 82
3 1
18 31
40 93
96 98
50 62
56 26
80 15
53 17
37 59
35 45
7 31
37 47
29 68
46 43
10 28
29 16
33 61
73 64
1 20
39 51
89 77
4 33
61 42
64 87
94 76
29 25
26 59
60 95
57 52
46 57
82 95
24 43
51 90
20 84
72 68
9 17
95 62
38 74
59 24
53 83
6 10
83 75
85 84
61 90
54 37
37 60
0 51
40 53
56 85
31 3
82 13
55 35
85 90
41 18
68 97
84 16
3 72
5 7
60 85
93 71
88 96
78 49
10 22
55 81
1 70
10 93
96 97
43 56
54 27
20 74
27 34
58 81
28 98
38 23
80 6
1 29
46 68
20 8
34 84
47 40
99 23
67 22
90 27
16 67
28 21
29 53
94 32
59 38
39 49
25 56
33 79
31 54
55 41
35 8
39 4
84 42
38 57
26 63
79 83
2 19
92 85
87 72
18 77
3 30
91 54
33 2
94 33
44 14
10 83
97 23
0 74
23 79
48 63
8 73
2 91
10 88
21 61
21 54
63 91
93 18
28 7
96 15
75 25
70 64
0 46
57 11
14 40
49 46
2 14
82 24
71 94
42 60
42 79
7 50
77 9
5 1
42 82
30 25
20 90
76 52
46 66
70 84
96 1
94 12
48 25
41 50
41 94
76 88
90 22
50 47
87 0
8 86
97 46
79 58
80 54
20 59
68 4
83 2
20 81
3 80
54 90
52 26
38 73
63 85
15 81
25 92
88 29
32 66
79 38
26 90
72 70
74 40
85 54
36 21
43 7
77 72
79 26
86 12
15 97
10 20
6 98
45 55
58 51
76 4
71 34
46 22
10 85
22 26
72 65
47 62
38 86
16 46
3 28
35 39
53 84
99 77
15 65
88 47
79 76
47 91
16 82
42 87
85 18
71 76
81 90
38 6
34 96
99 86
24 37
71 30
95 9
18 79
97 71
12 8
97 43
63 34
88 72
16 23
23 56
50 83
32 43
76 87
79 65
34 91
66 29
21 16
47 2
85 97
90 10
23 45
82 85
87 23
59 71
41 26
24 99
95 52
98 76
89 75
1 81
30 69
15 91
79 46
41 79
45 16
12 40
29 13
81 23
66 57
60 76
94 3
74 93
24 85
3 53
4 74
56 15
99 11
26 57
76 47
14 43
31 23
17 34
99 34
22 65
82 54
86 4
49 93
40 27
93 38
65 93
41 85
35 57
35 2
52 89
19 48
31 2
21 78
10 38
21 24
95 84
12 89
34 25
71 26
74 44
89 16
86 44
65 50
93 79
77 32
78 96
25 95
50 35
11 9
48 86
7 57
71 82
92 51
49 58
11 90
13 46
72 54
76 25
74 9
2 61
91 79
99 12
59 45
60 61
35 91
46 19
20 27
4 93
41 99
24 34
99 0
55 69
33 10
32 25
16 10
54 19
59 11
80 30
14 91
13 14
82 1
42 72
30 8
1 74
63 78
57 20
90 48
85 46
32 8
49 81
79 52
95 97
60 45
37 7
13 57
31 98
50 15
46 37
44 87
82 4
43 64
15 59
53 69
95 78
32 65
56 64
24 13
48 55
82 52
1 35
18 27
74 54
14 38
84 83
85 7
45 63
0 24
4 89
28 73
27 46
56 41
29 38
20 83
12 78
65 84
18 3
46 98
92 54
68 17
55 44
57 81
64 68
80 27
8 33
67 93
66 4
16 8
0 27
37 26
6 99
94 90
36 80
10 95
66 59
16 53
7 11
37 67
91 96
53 85
30 0
70 96
14 47
74 94
42 35
87 1
81 28
52 40
74 87
29 65
96 6
87 95
82 31
71 8
38 89
52 92
71 27
57 85
31 45
51 47
29 93
82 9
19 82
97 60
24 69
88 37
49 80
19 53
38 54
1 88
22 28
16 81
39 10
97 25
3 71
55 42
90 71
2 82
5 30
3 59
25 2
56 45
49 79
90 13
95 0
77 85
28 13
92 11
72 14
50 51
63 17
56 88
18 81
11 58
36 41
96 82
54 78
50 27
34 82
98 87
37 79
27 83
80 63
30 64
69 99
60 7
53 15
85 98
88 61
75 8
48 84
49 83
9 68
21 15
97 16
93 39
49 5
37 43
78 86
3 36
38 0
13 70
97 93
81 2
69 46
55 11
49 91
37 11
42 83
48 31
27 13
82 45
84 40
38 84
13 1
39 28
36 52
80 41
19 95
36 33
38 34
69 28
56 28
81 5
64 44
87 80
36 94
29 85
12 88
26 69
70 26
21 10
50 38
8 69
66 64
44 33
13 74
32 22
25 14
99 28
91 21
77 25
92 12
42 66
52 86
9 16
78 52
60 25
6 44
80 56
80 8
31 35
45 81
87 13
65 83
51 11
44 61
75 60
96 28
84 4
50 29
51 15
59 60
5 55
93 59
6 26
34 93
51 72
31 74
96 94
73 43
27 61
47 98
81 99
16 92
71 69
59 74
29 75
4 50
4 75
66 52
59 87
92 32
