100
150 311 60 54 383 262 782 361 207 924 125 590 468 899 533 363 71 948 207 251 30 869 567 450 310 346 963 430 128 282 855 491 256 905 457 21 39 447 864 887 604 118 734 763 928 767 310 848 42 797 181 332 144 390 924 117 783 861 751 749 907 588 130 513 821 524 17 924 583 344 38 870 194 18 668 909 366 725 608 719 882 577 438 608 760 829 833 57 881 328 583 37 316 474 466 932 104 862 788 356 
20
467 431 977 554 837 981 654 932 292 681 656 357 628 612 990 104 349 801 289 334 
1000
21 42
23 26
23 29
48 24
92 64
59 27
8 39
63 0
11 21
46 18
63 44
22 40
28 83
13 82
77 95
62 43
26 83
55 88
7 68
1 74
76 79
31 82
78 19
78 37
57 82
6 45
74 30
75 40
13 89
22 64
72 33
31 79
58 31
52 60
56 26
99 36
15 17
8 0
70 18
17 78
3 18
94 22
3 10
70 61
35 82
86 66
7 63
59 24
71 46
63 16
6 71
76 46
82 15
46 90
54 7
42 6
92 22
47 40
18 8
7 95
90 0
79 38
16 42
68 12
49 38
15 90
71 97
74 32
81 42
11 57
42 93
89 49
39 6
18 53
79 56
89 70
68 83
22 23
71 2
80 4
93 54
20 52
50 80
40 60
96 21
19 34
44 27
92 5
47 55
86 20
97 2
1 11
43 79
34 86
58 32
25 36
48 20
38 95
75 53
54 29
50 94
71 92
33 99
11 59
16 49
45 46
26 86
64 17
0 56
47 21
54 50
52 63
49 11
91 58
95 88
42 78
24 3
48 11
33 68
69 61
76 12
22 80
19 48
32 89
69 10
94 5
84 59
64 30
62 53
16 34
72 60
42 17
12 2
36 80
89 36
24 40
33 9
10 64
80 20
71 91
69 72
18 9
86 17
83 65
38 75
30 67
54 74
5 16
43 25
86 46
92 65
24 16
4 40
92 62
32 79
27 81
88 31
93 46
83 94
96 18
25 87
51 90
36 77
69 6
52 79
77 68
44 71
23 21
40 9
76 58
73 22
96 95
89 42
24 22
91 2
83 92
10 48
58 7
7 11
22 62
17 25
88 29
81 38
1 13
88 3
37 22
23 61
28 29
58 54
44 5
6 65
98 93
19 28
14 42
23 77
86 49
19 43
13 53
32 26
83 60
21 95
5 85
11 25
74 15
10 84
6 35
72 66
97 1
18 51
20 88
32 45
4 24
93 65
39 48
52 56
96 13
91 63
20 9
88 92
90 88
1 73
49 55
93 52
58 74
24 12
4 15
53 43
42 1
38 52
35 9
67 89
56 37
12 1
41 12
67 20
52 71
59 91
81 12
77 83
5 87
60 38
56 25
65 36
32 71
59 74
96 64
29 42
46 82
33 32
38 28
70 52
70 7
86 90
63 89
90 91
8 96
12 14
97 34
10 73
99 8
71 61
96 87
99 11
78 67
62 14
27 57
64 19
50 76
74 10
19 66
47 13
91 24
95 45
1 71
42 7
14 85
33 57
79 30
48 75
61 67
49 39
94 54
75 95
19 2
52 53
34 12
61 0
9 56
60 8
9 38
5 22
57 65
68 39
89 52
30 46
44 79
80 99
64 63
29 97
93 9
47 35
7 90
59 63
57 99
19 26
24 96
55 87
61 7
13 95
1 92
95 1
32 44
85 83
96 44
97 69
61 53
20 61
88 59
13 10
78 13
58 85
83 98
93 5
44 83
11 18
51 42
99 38
15 22
13 19
61 74
50 9
65 74
8 61
43 14
95 44
32 35
6 34
59 23
59 77
82 43
0 85
62 23
48 38
4 85
60 54
39 86
97 65
18 47
78 35
55 8
47 45
56 93
10 0
56 22
11 12
79 74
95 86
91 99
60 42
2 66
0 41
26 16
69 96
30 9
85 9
15 31
67 65
79 68
92 8
92 43
51 57
20 5
49 81
7 32
31 36
56 11
43 33
81 45
14 6
0 11
38 73
19 17
11 91
10 27
38 1
19 97
64 61
57 50
59 1
29 53
96 12
7 86
44 88
25 75
52 17
46 63
19 29
70 40
5 21
1 89
31 45
16 29
17 31
86 42
59 68
38 78
18 32
93 23
98 64
78 18
88 47
33 69
58 5
21 43
11 71
16 66
18 34
45 17
24 93
43 27
46 51
39 58
10 44
24 68
53 32
56 80
20 44
24 35
24 88
98 43
38 92
43 46
73 23
25 41
16 13
14 16
40 84
3 8
76 22
5 56
32 93
60 85
3 34
85 45
15 80
95 36
26 17
24 47
46 8
83 40
59 33
96 37
81 95
20 31
75 45
2 63
4 73
56 39
63 4
32 25
37 65
52 68
42 85
73 92
81 17
35 34
65 78
96 81
45 15
45 98
21 84
93 26
22 53
55 30
74 5
26 11
69 48
76 66
47 10
47 0
13 32
65 5
57 59
11 16
21 14
95 56
31 44
21 93
70 41
88 93
54 83
14 98
53 23
25 98
72 21
41 34
13 49
78 99
51 86
53 30
41 20
41 62
89 17
51 37
90 60
66 70
50 2
54 3
39 91
65 34
63 17
8 52
37 15
30 94
32 5
6 10
33 41
26 90
70 28
65 68
39 61
79 98
40 2
77 51
76 98
54 48
45 1
35 96
91 92
74 3
62 70
54 37
55 98
80 18
68 90
41 79
81 93
94 49
66 35
77 57
84 87
64 0
20 87
13 26
99 14
76 53
17 34
98 22
23 34
39 59
14 76
76 8
93 57
97 25
4 36
81 48
27 50
61 9
12 62
61 17
1 99
67 56
38 91
93 83
59 82
35 28
67 11
7 83
7 27
83 53
82 84
97 32
18 89
57 97
13 80
71 68
49 74
42 15
39 25
78 53
90 87
37 82
6 17
24 66
96 77
72 97
39 53
15 33
56 91
87 85
52 23
13 6
27 73
60 66
7 13
82 73
75 47
42 53
72 8
52 32
61 96
73 21
47 48
19 89
80 21
34 50
44 45
79 37
2 37
56 70
5 60
41 7
68 96
28 91
76 74
48 57
92 45
45 94
48 9
46 28
70 14
11 15
7 56
23 84
42 44
44 55
96 90
4 8
86 19
70 44
38 65
26 82
41 47
92 26
77 55
65 53
10 43
18 66
84 0
65 43
37 95
18 21
73 9
12 21
28 16
8 58
75 34
20 82
75 8
17 65
19 72
92 28
98 91
52 36
81 79
39 32
79 6
71 96
79 51
23 9
25 71
72 40
76 0
51 28
81 72
20 92
88 15
81 84
10 78
10 92
18 5
83 97
7 19
28 5
29 14
6 49
28 0
64 83
59 17
96 3
21 54
59 10
25 31
84 60
11 92
48 29
27 98
37 4
76 24
20 29
88 82
72 61
80 27
42 35
3 60
16 18
76 7
3 49
5 66
92 9
17 12
40 82
63 51
52 97
60 65
53 51
81 6
43 9
74 99
82 45
38 85
31 83
20 47
99 93
97 85
73 85
34 98
1 20
8 38
52 96
30 75
55 22
84 88
87 44
26 24
63 84
23 70
94 64
50 12
87 17
44 14
21 64
68 98
57 16
69 62
5 13
14 25
0 58
62 47
34 4
43 44
7 72
26 31
74 86
53 17
28 97
48 78
27 24
44 58
41 30
90 40
86 6
23 96
87 79
87 10
76 15
42 5
67 95
42 66
54 4
17 48
65 84
20 63
26 66
12 99
15 85
71 63
69 76
78 20
5 1
81 32
33 21
89 6
90 33
73 77
39 84
41 11
93 1
23 8
88 25
64 57
56 50
14 10
61 33
46 23
77 78
57 2
33 77
90 38
87 59
65 12
25 89
84 27
73 25
16 3
4 94
82 30
46 87
89 44
55 39
68 69
57 87
37 49
22 69
27 23
94 97
13 48
69 31
73 32
47 23
82 80
56 2
73 42
62 26
39 92
86 93
28 86
38 94
65 55
74 92
71 65
5 11
19 27
89 5
16 46
8 48
59 72
63 14
64 95
21 58
42 62
72 50
44 8
56 33
87 3
16 61
89 90
23 83
95 35
10 54
7 71
32 42
60 77
32 68
55 9
63 43
53 69
66 58
79 25
21 20
3 76
36 44
97 39
33 81
67 60
77 12
7 99
26 40
11 87
47 68
97 9
88 23
31 70
58 84
54 11
97 41
11 52
25 78
62 97
24 83
55 64
88 89
33 36
71 58
10 90
14 37
87 45
39 13
97 91
85 34
43 74
87 33
82 79
85 2
83 18
1 31
30 52
76 19
46 42
43 50
40 46
80 9
59 16
6 64
45 58
24 33
81 8
40 56
60 62
43 34
7 92
71 16
14 27
31 50
87 97
3 59
23 24
79 5
56 48
93 70
50 62
18 56
18 7
66 0
36 53
74 52
20 73
40 50
33 14
69 86
25 44
57 67
70 72
17 80
77 93
2 35
11 51
44 73
78 63
34 81
95 16
37 87
85 18
50 47
47 83
45 52
39 96
10 20
51 9
79 12
19 45
59 83
32 60
67 94
29 63
36 13
11 28
77 37
3 2
71 10
52 34
37 94
26 25
79 61
93 68
52 40
38 88
92 32
33 71
78 28
46 53
28 89
32 36
55 23
46 70
26 9
99 15
21 35
47 7
14 17
4 48
43 13
31 66
34 63
45 83
25 76
14 15
55 35
49 66
82 10
26 30
30 0
0 13
25 93
66 8
82 34
63 31
11 55
10 19
72 68
52 46
54 25
98 96
87 69
90 65
68 46
53 96
10 24
50 89
36 12
