100
313 707 281 569 523 732 512 650 419 741 104 721 134 375 655 629 290 490 179 78 761 862 376 359 237 527 368 719 961 123 7 207 225 417 301 25 954 465 339 587 168 42 0 335 585 291 257 110 134 549 496 69 37 527 153 601 108 871 154 684 784 479 101 513 935 551 149 38 406 59 127 639 424 938 916 244 654 157 340 555 409 321 708 731 42 648 393 780 512 524 266 783 650 81 241 50 784 954 847 198 
20
291 985 132 441 979 934 701 672 631 637 876 603 462 984 450 564 620 207 313 361 
1000
6 17
87 28
86 58
54 51
34 3
56 99
42 13
65 48
41 4
14 37
69 67
35 0
7 53
67 2
82 69
75 66
54 85
81 39
3 39
29 49
3 8
40 2
49 2
89 27
69 70
65 41
46 79
91 46
12 77
17 33
23 32
52 25
15 36
26 95
34 69
68 46
14 10
0 16
0 77
16 54
32 61
31 18
27 11
44 40
47 72
36 58
62 52
38 44
28 46
24 45
85 66
62 11
94 28
46 83
17 65
92 37
28 21
91 10
50 68
91 87
76 36
95 22
55 25
86 9
37 57
27 94
6 85
99 69
72 45
81 38
96 38
56 5
29 35
58 37
26 1
53 55
61 7
62 78
77 76
86 64
39 62
93 97
4 94
91 41
61 91
82 84
82 34
78 6
40 10
72 14
43 1
18 88
41 1
68 69
43 28
49 43
59 94
42 89
39 25
88 68
79 94
73 56
60 35
97 39
30 90
56 51
64 62
41 97
58 40
53 33
38 90
34 89
7 55
48 72
95 28
37 39
60 32
37 15
46 30
61 4
58 3
66 58
51 63
62 98
41 48
96 2
83 3
80 17
12 32
89 78
77 11
72 92
79 71
24 1
98 90
99 88
40 8
24 15
72 20
15 91
39 60
36 84
83 11
3 13
85 51
33 6
50 0
51 50
98 89
65 59
55 80
86 29
45 88
69 56
67 3
45 92
72 84
30 88
31 29
77 99
2 41
22 70
44 39
51 58
61 57
35 9
35 74
33 74
69 75
59 36
94 78
78 57
80 75
45 44
22 89
92 99
39 30
35 18
93 42
4 33
14 57
56 97
96 80
40 12
29 58
51 95
25 6
31 27
19 55
4 36
98 22
40 66
64 34
40 99
0 98
99 84
76 35
65 63
91 36
86 25
13 1
53 99
85 64
51 69
74 57
47 19
48 84
26 63
29 65
99 29
50 89
68 29
75 31
60 20
88 6
15 73
47 10
55 64
88 49
21 69
79 41
53 14
54 24
47 20
76 32
98 49
72 66
62 60
56 6
37 16
46 54
59 33
54 42
49 40
13 69
26 51
9 85
42 6
87 52
84 3
6 45
0 46
92 64
11 38
42 63
25 21
60 0
20 59
47 94
64 95
81 90
5 46
91 31
74 65
2 54
90 40
71 78
25 20
67 50
36 60
78 61
22 10
13 28
17 64
79 85
12 30
27 43
42 21
77 24
81 86
27 48
99 73
67 77
26 87
76 73
43 11
49 78
94 70
61 98
10 46
75 41
9 55
9 20
40 86
35 98
0 55
2 37
24 81
76 13
53 3
24 20
47 12
57 34
30 74
93 14
32 13
75 24
59 22
86 80
17 49
56 29
99 52
41 72
55 17
61 33
36 85
0 19
68 59
22 48
29 41
73 62
24 53
42 23
45 29
21 16
83 38
79 39
64 81
70 97
12 19
75 43
30 86
85 14
60 69
35 65
8 48
80 89
65 43
32 20
38 67
96 55
70 88
88 33
18 11
72 85
35 63
28 47
10 25
43 17
16 55
1 90
55 4
24 86
12 16
83 24
70 4
30 47
31 55
3 25
28 77
16 24
62 14
53 10
26 7
79 20
1 80
69 74
85 10
13 58
6 79
95 98
76 70
49 20
32 74
39 57
57 17
34 76
22 36
41 52
53 71
75 40
46 25
60 82
29 2
84 45
20 70
73 13
34 73
10 17
47 34
25 77
41 10
45 53
11 25
88 79
45 57
78 35
11 13
18 6
0 40
62 37
55 61
10 65
7 22
22 45
12 93
34 29
8 98
15 16
40 30
29 12
26 25
18 65
75 87
60 87
95 73
54 28
16 33
97 72
96 33
98 42
24 95
9 47
46 31
22 20
32 69
98 79
39 41
99 13
56 87
93 92
63 61
76 86
69 92
66 87
24 51
14 15
2 38
25 5
85 60
4 44
36 82
83 12
97 0
33 24
49 67
92 11
91 34
10 69
45 39
21 11
40 98
55 23
94 35
78 42
2 43
4 71
96 3
51 32
43 34
41 82
8 76
3 91
34 25
16 13
36 92
51 80
55 15
50 65
48 52
13 75
50 47
13 22
91 37
63 56
93 79
9 74
60 94
21 60
65 70
46 11
20 98
23 76
96 73
10 34
88 50
76 56
92 56
56 42
39 94
90 24
74 89
37 36
84 46
25 95
39 35
31 60
89 32
40 32
54 52
9 49
86 11
95 3
89 56
86 14
73 61
92 68
27 98
16 45
56 93
71 94
91 60
47 3
87 53
22 4
57 92
85 35
47 36
11 44
87 42
23 98
3 64
25 66
58 17
96 58
15 4
46 81
21 39
33 9
15 38
47 27
64 0
80 95
22 11
31 4
95 68
87 68
35 61
65 72
66 35
84 16
12 8
64 33
67 45
90 66
88 61
14 67
55 99
50 44
28 33
44 79
95 23
88 97
62 32
38 12
70 10
0 11
92 7
87 22
12 59
66 99
10 73
33 85
24 69
14 94
70 99
73 31
4 85
17 81
53 73
67 7
80 59
81 78
88 5
99 28
60 99
97 92
17 87
73 67
87 12
12 58
21 45
50 30
49 32
54 75
36 99
9 93
80 67
17 34
95 18
58 49
89 10
60 52
81 26
90 95
14 34
70 25
93 87
22 86
6 76
44 24
49 94
62 27
76 94
23 7
28 61
48 97
62 22
94 17
71 70
46 40
81 16
32 21
49 7
97 11
0 51
91 25
32 28
56 46
45 85
90 9
10 87
36 95
55 62
47 89
5 84
83 50
77 32
74 0
70 14
74 81
78 86
81 70
4 28
16 7
59 11
29 97
97 77
31 88
5 67
69 7
24 34
13 71
21 35
27 17
70 29
24 73
78 15
65 15
26 48
46 44
75 96
84 43
11 4
92 5
22 71
11 94
28 81
48 43
4 87
2 80
92 27
36 69
29 71
31 83
37 38
68 4
30 4
90 70
24 27
28 96
51 75
90 35
34 63
36 11
18 34
97 35
58 30
87 88
12 48
7 60
9 98
36 13
19 88
89 91
33 47
42 97
86 49
43 4
77 79
63 87
5 24
72 64
87 90
16 87
30 24
44 16
60 95
83 49
10 31
59 86
62 16
73 64
68 74
84 21
54 1
69 27
5 72
39 98
44 47
84 35
24 92
55 13
55 79
26 66
14 46
83 82
81 8
46 50
56 2
10 78
19 23
64 88
54 61
41 27
83 2
19 49
17 31
15 34
99 90
58 45
74 59
34 8
97 15
20 95
91 45
26 43
10 62
16 49
1 40
8 13
93 62
2 21
80 35
32 93
90 77
93 35
53 40
40 24
15 2
13 12
37 45
21 85
82 61
37 77
16 82
64 6
27 74
93 47
26 15
82 35
64 75
92 21
73 92
62 83
46 69
92 33
53 83
65 14
91 38
54 18
96 41
50 82
20 99
81 79
28 24
21 27
64 83
59 85
32 30
22 79
25 99
99 75
77 65
12 70
99 49
18 74
6 44
84 19
97 32
35 57
49 54
85 32
29 32
0 42
15 90
36 86
2 30
32 24
28 5
44 35
47 11
52 51
20 96
99 95
51 76
80 13
17 86
1 93
75 25
37 6
12 65
18 23
88 91
19 93
35 3
58 38
6 87
61 56
18 78
56 16
44 59
7 42
96 74
33 86
30 38
62 45
50 3
70 84
97 36
32 11
85 7
3 32
29 67
60 49
7 17
1 10
64 76
72 71
11 42
13 19
71 42
99 48
94 5
70 79
43 66
37 99
50 69
45 5
98 7
7 56
66 16
49 62
16 51
24 56
17 54
71 37
14 90
40 91
78 27
53 1
41 35
19 71
31 19
41 66
29 7
52 42
32 70
6 69
64 94
3 90
97 90
27 2
18 76
28 9
47 6
99 96
68 41
64 47
79 50
11 40
45 14
70 73
68 34
24 96
52 13
76 45
2 10
46 94
56 83
51 74
77 75
97 51
46 57
55 20
10 68
74 94
68 48
86 87
54 22
90 57
66 39
48 91
2 62
4 0
8 72
31 11
50 62
0 43
2 58
72 38
96 7
95 49
80 3
98 93
99 50
53 50
37 97
40 21
80 41
98 17
76 80
16 20
43 58
79 7
95 89
1 28
93 58
95 82
46 38
29 26
76 72
14 48
26 45
23 61
46 87
23 6
10 88
42 32
54 38
93 94
76 53
15 72
57 48
63 72
95 58
55 36
5 19
48 6
13 72
49 8
58 23
57 15
82 65
24 14
4 6
35 86
68 90
56 86
8 50
76 31
74 14
4 93
93 46
78 5
20 6
59 18
63 17
27 20
27 8
23 50
93 72
33 20
69 16
30 23
99 35
76 9
65 80
88 27
89 15
82 38
54 88
1 36
62 41
82 68
22 39
41 16
3 17
83 69
81 72
59 14
57 3
52 5
24 65
90 64
96 10
34 46
95 35
85 37
80 77
92 91
68 21
55 89
89 68
57 4
87 37
95 0
92 29
31 97
18 51
