100
986 881 355 378 877 339 208 144 340 884 570 430 546 859 502 127 947 176 710 187 4 282 496 222 860 629 976 575 331 534 46 567 221 620 558 534 451 208 346 253 204 747 797 740 192 371 736 613 719 16 304 231 425 480 229 327 745 276 409 279 300 940 176 869 539 430 561 128 954 177 397 718 762 935 303 325 842 776 351 337 472 881 489 77 13 916 671 657 436 976 774 537 974 141 7 515 136 379 519 758 
20
982 987 921 568 933 49 566 278 843 499 312 874 601 121 212 306 533 272 335 27 
1000
38 72
60 69
53 93
19 45
13 39
23 22
77 11
82 53
78 88
28 22
30 76
9 92
98 18
81 93
56 79
9 33
48 17
45 94
91 15
86 46
6 71
68 93
87 89
70 56
15 58
92 23
70 30
50 43
86 28
12 60
28 95
45 72
7 39
46 7
91 9
77 56
31 57
61 17
6 19
13 22
29 28
74 75
34 94
12 77
33 40
82 49
80 31
77 92
91 69
25 1
23 91
42 4
93 23
57 6
71 46
42 97
1 81
84 52
69 17
18 84
77 78
26 73
43 42
94 73
25 32
45 85
83 56
77 87
47 16
98 60
17 65
27 9
78 32
62 81
7 13
87 28
44 80
3 46
13 70
11 61
60 75
24 45
71 25
0 46
96 82
28 84
11 83
49 80
13 98
2 96
6 8
70 73
55 10
41 9
47 13
6 61
91 85
68 48
89 44
8 97
61 65
41 29
41 56
48 56
40 8
68 54
57 28
62 70
81 12
57 47
31 45
34 28
98 62
0 71
64 22
81 14
5 60
89 19
5 59
60 74
33 59
81 67
57 7
30 95
55 9
78 2
33 96
1 68
49 9
56 26
4 18
64 81
8 60
30 24
57 24
59 55
17 30
77 64
59 2
27 95
28 14
58 45
77 72
34 75
99 66
77 62
7 38
34 12
40 0
84 95
17 50
9 75
6 17
97 96
14 26
42 83
69 52
95 96
11 45
42 10
67 25
41 94
13 19
63 44
89 1
14 67
71 19
61 74
0 78
94 8
51 68
38 9
6 48
2 17
81 53
65 86
60 66
65 41
40 79
25 66
38 77
53 88
46 21
89 14
42 14
14 84
15 55
25 0
49 23
7 40
82 63
28 67
17 9
91 72
36 21
20 80
57 89
88 82
89 22
93 74
68 63
2 14
17 3
0 6
22 34
67 77
87 66
84 60
38 73
49 54
1 31
12 28
73 41
82 23
30 10
6 30
20 89
66 6
19 80
62 91
35 73
87 82
97 54
64 54
28 6
17 60
59 77
64 84
29 55
37 94
86 49
55 39
10 89
75 85
70 32
27 49
33 24
85 22
18 71
81 43
18 43
42 80
5 62
38 82
31 96
91 78
85 48
93 85
48 98
95 53
9 64
40 60
34 16
64 12
83 52
22 86
88 94
35 77
81 44
22 93
38 65
49 43
50 91
23 70
46 96
46 95
86 17
22 44
67 83
47 25
84 56
21 81
92 68
69 41
24 16
32 86
7 96
47 38
81 4
58 84
16 50
99 93
46 53
76 59
41 32
2 81
75 37
77 14
22 53
57 67
0 2
44 31
77 39
19 99
31 10
4 86
93 40
38 54
15 7
39 51
71 79
8 75
23 6
3 85
21 43
30 16
91 79
76 6
63 31
58 85
69 63
20 68
18 35
46 44
60 71
5 41
37 73
75 6
39 86
12 83
85 30
51 53
99 81
91 82
46 5
99 38
50 28
92 49
90 24
3 70
32 59
67 0
14 10
50 92
44 1
44 66
61 46
67 86
65 10
91 27
64 19
10 44
15 95
51 25
44 75
0 16
72 56
48 36
57 76
58 7
77 97
41 26
37 35
2 87
69 84
47 33
83 24
23 41
39 54
17 19
73 89
59 9
2 28
88 8
98 11
22 24
18 81
95 10
23 47
51 33
65 54
58 64
44 14
30 60
52 41
67 44
43 30
76 34
34 23
72 94
96 57
16 55
62 83
60 96
4 50
76 87
45 0
3 15
51 12
2 97
4 26
13 20
5 29
96 86
79 37
67 94
49 90
91 52
65 3
88 45
83 41
28 89
91 54
73 6
83 33
21 52
51 93
13 40
51 96
65 81
42 19
13 46
64 79
37 59
63 37
14 48
95 60
36 87
7 20
58 98
30 38
53 39
29 68
34 98
33 13
88 85
69 12
34 36
34 42
20 57
16 83
67 37
52 11
90 86
20 1
47 32
67 70
76 89
97 58
58 25
86 71
9 53
25 96
10 91
4 48
55 1
91 20
97 35
16 56
19 63
48 88
71 76
44 34
2 18
70 29
11 85
50 74
60 80
18 83
96 11
47 37
73 50
64 34
63 27
38 5
3 0
94 86
93 44
0 26
46 28
75 48
42 85
32 3
3 68
16 8
49 21
59 87
49 14
38 63
27 77
79 30
31 66
7 2
22 42
18 95
64 52
96 9
89 93
21 80
36 6
95 78
84 7
91 33
53 74
0 39
90 75
50 66
33 78
59 90
31 92
56 76
18 67
11 72
54 52
46 41
27 52
32 9
95 41
71 88
16 14
57 75
89 23
75 77
64 23
76 68
74 6
22 49
31 18
62 66
19 4
30 0
67 97
97 19
29 23
13 92
64 3
76 86
19 92
55 89
92 45
74 54
45 79
42 70
52 24
10 87
80 13
30 23
86 25
22 98
33 82
63 17
85 31
19 33
83 64
39 20
72 64
1 97
67 9
13 29
60 24
83 25
50 97
91 45
13 36
57 3
73 31
31 30
74 34
37 9
54 9
65 11
65 32
58 40
20 5
75 53
86 58
23 7
93 66
26 89
85 65
93 14
58 46
47 61
29 20
8 33
99 37
31 54
29 50
33 25
77 48
73 66
66 46
27 70
51 76
6 70
94 22
8 96
87 18
28 32
97 91
18 76
51 62
87 24
97 80
40 74
26 71
36 52
32 50
29 33
99 26
70 1
96 67
72 61
6 53
0 52
54 44
8 69
7 98
42 38
0 97
71 1
21 56
39 46
83 23
42 30
90 35
25 29
74 65
80 74
58 95
5 32
75 61
4 30
80 39
73 48
49 16
7 41
31 11
90 1
17 75
20 64
59 35
41 77
82 10
82 28
29 80
19 56
80 55
1 74
67 33
8 47
96 78
80 10
98 89
31 2
8 71
90 4
67 82
97 23
43 34
39 90
92 28
68 8
7 12
96 12
5 25
44 95
17 93
38 0
64 63
30 37
93 59
76 39
99 12
74 31
80 1
28 58
6 55
1 88
68 46
54 24
20 15
66 32
76 82
42 75
63 87
16 59
25 73
95 55
17 20
36 18
12 37
20 71
57 83
93 25
16 94
93 18
95 94
74 33
51 3
73 39
49 10
32 33
55 98
21 31
12 22
22 50
57 0
44 86
12 95
51 54
99 72
39 85
41 96
21 15
99 85
94 27
45 28
6 99
66 49
37 84
10 54
76 17
99 84
42 57
37 89
85 43
10 94
20 95
44 69
15 16
21 93
98 72
28 79
55 79
4 63
14 64
59 15
89 86
25 12
66 61
9 99
78 7
91 63
80 12
3 42
24 26
97 88
17 42
63 67
52 15
3 69
63 54
51 47
46 45
83 72
52 82
43 63
49 1
19 90
9 63
99 49
27 26
69 14
42 2
97 48
22 69
71 39
28 38
45 60
50 57
49 72
44 28
93 13
4 16
85 32
74 43
15 26
65 25
48 83
10 73
69 45
29 61
2 71
97 45
65 21
75 80
96 43
79 21
22 4
36 31
24 91
63 28
35 58
58 48
21 87
39 12
23 50
64 67
23 4
61 41
74 45
39 38
96 89
35 19
93 4
65 48
51 70
53 43
19 55
12 84
24 88
4 27
94 99
97 56
23 25
38 83
53 54
16 70
76 22
39 84
95 45
14 6
58 11
32 87
2 37
93 57
43 78
93 34
46 55
92 20
50 93
30 53
68 64
56 68
51 64
2 60
36 25
81 7
4 11
38 69
30 87
64 21
39 44
19 46
68 40
35 82
96 28
40 57
47 65
72 48
91 37
54 37
51 95
94 97
30 49
7 85
66 95
40 12
32 4
30 47
14 7
83 88
67 74
67 29
10 11
18 47
11 82
73 15
35 9
99 36
1 5
50 2
39 6
67 47
94 51
5 11
25 53
10 37
86 8
90 15
84 59
18 37
9 15
91 29
4 72
52 81
77 13
98 23
69 21
93 26
7 74
98 33
18 23
5 6
42 94
99 17
22 26
11 50
6 7
60 39
68 32
44 58
45 84
63 52
73 90
59 22
61 32
31 24
72 6
13 23
70 2
6 18
86 20
36 38
47 70
40 82
64 0
83 8
79 83
77 16
93 42
0 68
15 34
75 54
92 22
24 46
55 3
99 76
64 73
83 46
30 59
16 39
47 2
85 95
77 84
87 67
43 91
72 8
16 72
79 99
97 40
94 83
21 42
9 51
48 13
65 56
9 90
23 68
84 54
78 11
2 95
86 14
15 44
70 78
9 48
3 16
26 90
61 44
11 30
71 52
81 90
18 13
61 7
3 5
88 43
92 3
59 73
60 73
53 76
62 6
44 7
45 54
21 5
56 98
71 22
44 74
1 92
73 87
71 94
65 15
50 42
44 9
99 22
28 72
45 1
95 0
84 81
74 8
15 19
23 65
36 17
67 71
90 79
97 69
5 31
46 18
99 21
52 75
59 72
87 57
87 1
96 52
8 61
19 82
40 15
29 40
93 55
52 12
23 69
