100
258 780 821 904 403 832 903 910 390 153 47 292 481 451 19 331 170 833 412 243 347 237 367 106 378 447 61 439 738 316 775 683 944 470 263 300 142 799 626 879 888 12 824 347 589 371 426 902 509 869 487 581 416 903 749 228 694 112 961 812 909 1 871 611 406 27 844 834 925 808 685 320 796 446 639 149 652 552 417 152 771 211 799 774 952 195 203 365 842 254 722 273 362 4 205 404 310 763 561 229 
20
284 865 988 418 828 502 822 794 191 876 811 189 505 716 425 502 645 297 187 420 
1000
42 58
56 5
89 97
29 7
96 62
84 58
6 40
81 19
36 46
16 2
52 95
1 19
63 73
74 72
9 11
35 43
66 33
0 83
70 66
26 33
43 16
12 93
1 38
85 70
23 4
44 96
9 14
74 79
56 48
98 33
12 98
86 50
61 2
23 58
8 70
96 76
39 19
44 79
78 66
99 84
75 65
13 90
15 39
44 15
31 49
64 8
25 94
13 3
48 37
8 44
74 37
36 23
64 26
99 11
56 3
38 97
91 33
85 76
0 95
1 26
80 83
47 17
5 55
81 59
95 61
91 36
40 26
42 60
17 1
89 54
90 5
0 11
97 41
64 57
36 77
76 79
32 8
56 9
89 58
84 51
65 44
46 47
44 21
47 68
16 85
35 40
62 35
95 48
34 85
91 82
75 44
36 96
84 77
54 59
96 58
95 80
69 24
20 98
54 7
32 13
15 29
63 14
71 31
26 23
91 61
97 31
23 85
90 21
33 2
5 19
31 46
46 86
48 57
90 20
52 42
97 99
7 24
52 63
19 46
15 48
95 27
82 39
35 36
35 0
35 53
40 15
58 71
87 41
60 65
28 17
45 61
67 12
41 24
65 61
70 50
25 23
91 80
42 89
17 5
65 78
66 36
70 93
45 57
21 66
83 53
44 68
14 4
93 35
23 21
10 86
61 36
22 81
45 58
78 67
1 44
90 59
33 16
60 71
77 79
94 13
56 97
61 14
87 1
86 96
2 51
75 47
9 67
80 78
48 73
59 96
23 46
37 73
79 45
45 75
25 32
57 72
74 35
22 26
46 76
83 57
27 41
87 51
82 35
0 55
0 56
18 48
78 74
38 27
56 42
93 49
68 24
43 44
58 63
64 90
12 58
21 50
85 7
91 74
98 65
96 70
28 8
8 4
72 33
28 61
30 79
60 6
18 57
6 4
18 51
80 20
40 47
9 38
73 68
41 19
79 62
3 4
70 43
97 66
52 83
86 35
62 22
40 25
80 81
57 4
14 56
92 9
59 40
64 99
79 56
98 16
70 17
62 64
33 73
45 32
42 87
56 58
91 28
97 73
56 70
94 65
96 45
69 66
33 5
10 4
17 6
90 72
40 42
14 16
43 58
87 55
21 24
9 29
86 71
5 30
98 94
38 10
58 0
57 7
43 87
51 44
78 27
56 59
40 93
97 8
66 25
31 39
35 38
82 74
0 53
55 19
18 16
16 64
39 45
50 4
53 63
98 53
84 95
77 7
85 8
7 1
87 39
28 66
46 73
51 78
79 53
67 86
93 14
14 37
33 20
6 31
4 25
56 45
74 31
79 23
26 45
7 14
52 75
21 1
37 31
29 5
67 44
70 63
99 5
67 26
72 91
47 7
84 59
15 74
5 7
19 9
4 60
15 95
78 18
2 3
49 21
2 63
76 63
56 76
25 96
54 1
28 86
96 17
13 65
72 76
58 35
54 44
87 52
36 89
19 0
2 55
56 17
88 89
51 10
86 37
55 18
13 53
57 13
84 85
61 82
24 89
83 15
72 4
93 42
8 65
80 52
52 12
79 93
73 8
92 24
92 61
92 38
78 47
53 18
76 52
67 95
31 70
39 62
97 22
8 19
21 26
21 93
14 22
16 32
63 22
54 18
60 85
21 79
96 54
51 85
90 40
39 27
1 56
82 6
25 69
67 76
19 78
64 93
61 46
28 26
76 8
31 63
25 8
17 69
33 82
90 86
26 84
50 30
64 46
30 43
62 28
47 70
68 64
8 39
10 78
67 45
67 19
42 37
27 87
17 42
72 47
0 22
41 39
16 51
93 1
5 9
64 45
69 56
38 55
93 50
18 50
68 4
58 2
56 27
52 15
8 71
56 30
39 28
99 77
54 52
16 78
63 5
9 33
26 44
27 55
66 5
40 76
45 51
90 85
61 53
14 28
5 86
82 25
83 66
23 91
32 74
62 7
21 96
63 17
13 85
33 97
57 84
76 50
53 22
71 67
63 3
78 81
97 24
87 92
19 16
83 33
51 64
93 15
87 47
90 9
45 7
9 37
33 96
80 73
68 70
60 84
34 6
5 65
87 13
45 5
86 42
29 48
59 35
93 37
57 16
98 73
28 45
75 74
59 57
61 75
60 89
55 24
42 20
88 79
0 52
94 28
34 50
87 68
5 84
4 45
49 11
93 94
78 85
88 92
12 18
40 71
95 18
59 20
24 45
5 48
4 76
12 80
91 5
14 88
70 45
99 33
58 67
83 34
81 30
21 35
29 18
72 82
38 78
58 15
99 60
64 76
78 39
64 24
52 58
15 16
9 84
32 47
98 57
11 69
59 60
34 65
2 26
40 57
71 46
58 66
71 50
97 96
65 74
37 47
97 36
49 62
18 71
90 95
49 66
67 11
30 7
96 43
34 81
54 51
89 7
33 85
32 2
39 49
42 83
91 54
91 31
94 38
67 3
66 84
40 68
8 84
83 97
0 64
90 53
43 29
40 8
13 11
47 9
49 86
51 96
76 90
70 39
26 60
21 95
68 98
87 79
31 4
11 20
87 89
96 16
31 98
20 89
28 41
87 2
88 83
45 18
51 95
83 64
9 63
15 67
85 17
86 97
3 75
66 91
54 61
65 32
96 8
77 38
55 30
11 93
43 94
36 48
12 57
56 51
3 19
3 51
56 26
1 69
34 99
25 88
60 56
64 27
11 62
84 44
63 61
66 3
39 98
39 37
84 74
32 70
44 6
49 3
31 3
31 22
29 77
97 32
60 28
10 15
23 32
85 82
98 26
18 1
10 35
89 27
1 0
94 95
1 59
58 6
12 33
7 49
31 15
93 24
66 92
77 19
41 53
10 69
15 84
25 44
55 93
90 56
54 49
86 8
88 45
64 85
97 58
60 35
12 8
13 23
49 78
79 12
53 82
93 34
31 58
63 50
74 28
64 89
67 7
51 5
32 54
34 12
39 17
14 82
80 82
52 92
53 70
68 57
38 49
97 71
85 29
75 86
9 87
6 88
61 12
3 54
66 71
72 60
19 35
92 57
61 51
67 52
63 37
61 81
1 66
23 69
97 48
29 79
13 46
68 53
35 26
40 56
22 24
15 24
74 58
89 41
56 13
52 91
65 45
89 45
82 49
36 4
83 6
51 17
80 74
22 99
36 29
75 87
88 39
27 40
87 56
38 80
76 55
41 57
54 30
52 64
26 86
66 50
69 35
53 19
88 68
67 6
46 84
10 22
36 71
0 65
54 46
66 27
63 12
86 70
34 11
6 20
60 10
77 39
31 66
81 79
8 13
51 1
36 85
2 66
75 37
74 24
85 52
7 3
98 44
54 73
45 3
25 79
47 20
78 95
79 47
83 16
16 47
63 27
62 38
54 62
33 78
87 63
25 49
81 71
22 82
25 55
29 66
91 95
73 82
99 15
64 73
57 94
59 58
16 80
3 30
54 47
76 9
20 15
45 42
45 55
60 68
47 69
92 36
77 75
90 49
4 43
77 27
27 6
12 13
12 62
22 84
67 81
13 35
30 88
8 10
66 59
50 47
78 7
25 59
24 75
62 18
2 23
20 37
64 14
9 6
40 34
97 60
24 30
46 55
97 5
67 35
0 9
34 80
44 83
13 75
41 0
94 23
10 12
32 30
38 29
6 73
13 70
30 92
14 13
85 9
72 12
33 29
88 84
74 49
62 59
21 75
99 16
32 38
25 38
37 84
8 6
37 79
39 68
72 69
33 57
80 29
65 1
4 94
20 23
17 79
14 87
55 53
93 57
2 79
34 52
6 66
98 0
82 44
98 32
40 51
0 20
99 95
37 68
22 61
53 73
25 54
24 1
0 79
25 1
35 76
50 62
42 48
86 76
43 8
92 86
67 75
12 3
39 4
52 56
72 37
77 59
58 65
92 29
2 64
27 70
26 63
32 90
85 69
62 98
14 19
27 74
18 4
65 49
95 75
83 78
78 94
90 74
41 66
79 1
47 12
83 98
97 28
23 27
54 63
45 63
85 53
4 37
63 72
14 36
16 58
11 83
97 12
21 68
32 55
2 86
6 33
29 47
85 35
15 27
92 59
21 0
69 48
39 86
48 7
31 60
19 18
32 92
3 6
9 8
62 75
65 55
54 48
46 99
12 92
88 96
19 25
38 99
79 22
63 48
63 4
11 95
71 13
98 24
62 5
98 47
63 38
89 68
22 41
67 96
43 67
23 53
6 64
39 58
65 70
90 93
99 7
15 75
55 9
76 26
96 53
34 98
85 89
48 89
66 32
18 89
50 49
28 63
34 17
4 75
19 2
22 13
90 37
12 65
36 37
74 83
64 7
12 31
41 31
39 46
61 73
58 5
66 68
52 21
12 66
84 92
13 79
86 1
0 93
62 16
76 62
56 33
65 3
52 7
30 91
81 23
14 42
58 9
23 99
82 36
5 59
65 6
22 47
56 95
11 71
56 57
81 91
56 34
0 36
25 77
22 42
23 76
62 1
