100
937 625 134 669 17 950 264 12 440 237 861 897 451 44 253 263 616 774 818 251 756 377 933 42 597 865 629 835 745 260 981 946 906 338 527 186 315 589 710 532 580 507 533 533 958 840 570 290 62 928 987 832 748 678 981 394 61 230 176 152 27 247 929 21 934 92 368 608 309 604 294 836 913 41 605 92 519 939 187 561 265 475 303 443 483 507 287 534 292 785 490 775 608 575 21 0 992 173 758 124 
20
441 838 993 322 818 392 303 718 89 657 155 894 254 68 660 164 801 665 50 428 
1000
98 59
32 62
43 75
91 44
3 75
77 70
36 9
34 8
53 38
81 54
13 11
56 7
58 9
44 2
29 50
99 55
62 79
25 78
77 7
1 73
13 91
35 43
17 82
24 37
0 92
73 93
65 79
5 49
74 98
52 26
40 87
95 43
32 40
33 7
81 90
36 97
59 9
66 72
21 53
40 0
76 47
24 76
53 40
47 31
91 82
27 61
64 20
91 28
95 90
62 71
59 96
74 57
6 96
41 1
27 99
18 85
43 83
70 83
0 48
36 62
23 31
68 2
96 78
39 19
54 22
34 0
37 56
55 22
23 54
75 50
85 75
22 33
83 90
1 87
83 93
48 69
38 20
53 62
13 10
12 7
55 31
17 86
77 74
47 18
32 58
95 22
16 86
62 33
95 34
22 13
52 38
26 59
32 15
85 51
58 94
35 68
1 91
49 11
71 99
60 15
39 73
26 54
6 77
7 84
97 41
51 48
79 94
99 93
46 53
16 58
52 68
4 24
23 81
66 67
85 37
5 27
19 11
7 5
73 38
22 89
59 6
85 31
80 75
86 38
57 85
68 51
92 22
62 23
36 82
56 74
49 91
44 32
37 46
83 46
68 6
93 97
21 43
68 72
80 95
57 16
64 45
4 44
35 76
90 87
97 68
85 76
36 4
52 39
65 25
67 22
50 38
53 14
98 26
13 87
98 1
14 95
86 78
88 48
40 5
11 82
42 38
43 5
12 13
3 32
73 57
1 53
42 98
42 21
20 28
89 6
26 80
79 98
21 35
45 1
44 94
49 23
39 4
2 4
42 67
17 26
5 66
13 36
91 90
78 49
50 6
24 21
8 25
97 65
9 28
4 74
59 89
27 56
48 16
0 60
11 84
56 50
78 23
73 35
29 10
21 79
71 45
15 22
35 81
85 95
67 17
54 0
38 60
43 13
82 33
52 34
6 35
79 7
8 92
90 69
10 99
68 62
11 5
56 40
20 58
76 4
63 14
35 86
73 85
0 29
38 85
38 62
80 9
82 73
32 11
57 12
57 84
27 54
57 42
68 74
87 29
14 18
89 39
10 87
80 1
66 18
95 73
83 2
7 46
32 77
54 71
36 80
32 6
91 14
86 6
39 48
49 40
28 56
41 56
22 61
54 89
31 63
50 49
1 65
7 18
30 60
45 5
1 10
57 32
0 64
15 98
51 45
15 11
6 4
33 86
97 59
41 21
14 58
40 88
35 17
63 1
10 2
73 50
63 99
4 64
44 56
29 81
62 17
77 30
65 16
84 66
22 73
27 25
16 75
12 33
89 9
4 61
35 89
61 71
51 42
46 86
17 37
58 21
69 19
51 13
55 11
27 24
89 55
76 78
91 67
19 73
76 29
59 73
64 84
38 8
62 52
4 47
26 53
21 3
71 14
88 42
55 60
74 12
8 40
98 46
34 77
28 98
11 27
9 50
26 36
45 91
48 5
85 42
75 39
60 74
65 84
88 23
66 64
31 86
49 6
30 26
70 33
73 53
81 51
79 2
63 79
52 95
84 76
45 94
26 51
28 35
62 76
10 92
25 58
39 16
97 26
30 36
36 6
14 87
89 86
47 89
57 61
49 47
55 7
98 49
15 31
84 32
92 86
94 38
59 44
41 3
55 70
70 93
76 63
36 31
79 51
3 94
12 71
9 46
48 55
69 91
2 85
37 20
82 89
51 2
0 99
39 14
48 90
18 38
54 75
30 93
52 8
81 72
17 74
56 96
48 72
21 14
73 60
78 51
83 99
4 77
6 95
86 58
0 22
9 62
2 11
85 55
75 48
28 55
68 39
30 49
54 25
24 62
78 47
94 0
18 51
66 35
22 75
98 54
50 86
98 37
64 83
58 19
99 98
78 60
33 20
26 40
45 20
53 17
71 41
80 83
86 2
61 32
8 62
94 5
38 74
64 93
62 22
63 46
27 28
96 44
40 77
43 55
34 88
86 48
59 22
50 52
0 71
61 70
2 1
21 20
68 16
69 12
13 4
24 33
61 16
46 93
2 6
5 99
25 60
84 45
31 82
80 74
47 19
0 69
58 74
15 23
97 16
59 27
10 94
78 63
34 37
15 68
63 57
26 63
78 8
39 71
61 34
93 25
45 38
68 36
65 49
46 10
7 97
68 27
59 93
62 34
10 65
26 2
23 10
5 12
1 60
63 7
48 64
9 25
98 3
91 75
24 3
67 30
47 54
93 86
96 4
8 82
67 65
48 98
94 12
21 10
73 48
72 69
60 19
43 47
18 41
48 91
18 29
71 58
39 54
74 37
65 32
77 65
52 28
69 41
32 94
79 76
63 89
14 3
25 5
38 59
90 14
99 31
66 47
68 41
65 45
2 81
88 56
0 30
4 21
94 33
28 45
0 74
17 13
45 79
22 7
6 48
13 25
63 66
23 89
67 49
86 18
44 84
34 96
0 45
9 72
17 28
31 28
83 12
26 19
80 78
98 80
90 32
54 63
91 57
56 63
52 7
23 42
69 3
78 19
83 42
28 7
19 46
74 39
93 85
79 20
93 77
67 99
13 38
21 62
49 41
75 95
57 43
94 17
86 76
84 79
62 69
92 54
75 1
67 96
65 11
44 29
80 14
7 93
24 48
12 60
26 8
52 77
77 92
99 3
46 72
25 69
11 6
27 0
64 18
63 83
73 64
94 8
7 99
58 36
43 52
38 2
74 96
86 94
16 12
74 25
29 52
72 42
92 69
39 51
62 61
99 47
55 63
54 38
35 38
69 8
74 28
42 35
81 1
0 9
27 34
66 69
29 80
49 17
21 15
63 53
25 18
79 87
51 27
94 80
2 36
95 66
88 54
42 25
33 56
52 22
36 19
13 57
44 13
4 48
39 98
93 4
14 8
16 3
75 81
18 88
96 92
87 50
30 45
72 30
52 42
10 81
3 78
99 61
63 92
26 94
75 11
66 59
10 84
70 56
68 50
96 21
9 49
87 73
99 1
0 33
79 29
11 40
57 40
6 93
93 90
33 79
14 83
30 8
61 41
39 94
48 58
86 34
81 84
38 95
37 94
35 53
97 40
29 20
53 36
97 78
4 34
20 34
28 34
97 37
30 14
52 18
55 2
70 82
85 84
90 4
85 65
26 88
81 45
53 28
89 10
4 32
62 77
5 4
95 28
18 53
83 55
16 34
60 64
66 70
82 4
35 36
0 14
49 97
84 70
27 40
71 42
5 0
29 61
60 72
48 96
4 19
24 86
56 89
7 72
89 2
77 71
82 90
43 20
29 60
18 63
95 64
36 41
98 45
38 41
67 80
83 26
65 40
85 1
18 21
71 78
43 67
55 92
40 37
23 35
58 79
15 28
66 92
55 42
52 37
96 5
72 20
13 2
51 22
40 60
57 10
67 21
40 82
33 44
88 0
96 20
11 23
42 36
4 73
7 62
96 49
20 77
58 47
65 19
23 96
66 90
42 89
16 63
59 35
74 49
34 63
90 25
47 85
58 77
38 91
93 57
93 65
22 76
57 72
75 63
65 37
71 29
82 13
8 73
44 71
83 77
17 66
66 82
60 9
66 94
54 93
28 89
39 55
67 45
61 3
89 57
85 24
96 43
67 0
6 90
38 84
5 24
54 68
30 54
48 11
83 98
37 44
11 24
87 66
83 31
60 44
86 81
67 94
56 64
78 75
96 55
27 16
58 53
10 3
12 28
24 69
24 92
91 31
95 35
45 59
47 82
46 76
62 12
54 57
48 43
21 55
23 27
49 27
37 47
12 82
51 8
53 74
51 38
94 55
91 11
27 31
74 54
35 46
31 56
59 7
6 91
70 22
98 2
70 30
2 73
10 6
87 0
81 69
50 77
68 80
27 48
60 80
73 67
24 32
15 94
9 41
31 58
1 31
46 75
13 70
30 84
45 88
55 64
24 74
92 64
59 65
0 61
16 66
53 22
15 88
82 3
63 88
91 30
69 34
19 87
8 27
81 11
27 14
91 92
24 19
30 38
97 38
74 76
2 94
1 82
74 13
16 0
52 96
42 75
43 11
8 87
44 43
36 61
86 69
57 59
34 35
97 70
75 19
66 53
79 38
11 60
76 44
60 63
11 69
49 12
14 74
23 21
11 34
61 10
87 69
48 63
38 3
40 71
61 64
49 66
96 35
56 71
70 68
81 56
3 31
46 17
68 48
60 96
50 13
69 22
95 45
22 11
74 5
82 68
88 77
96 10
46 32
2 95
8 61
18 9
16 62
15 92
19 34
98 57
22 71
37 91
20 88
95 67
55 69
78 13
68 57
65 56
68 10
79 19
20 5
40 14
1 97
91 60
93 71
17 78
50 48
66 50
87 2
49 75
89 95
61 87
24 66
62 6
25 4
54 43
37 90
98 69
18 17
22 25
37 89
95 55
57 64
18 20
44 35
63 85
89 12
38 61
66 99
86 41
33 14
78 11
99 92
93 82
53 41
70 95
8 70
11 52
67 16
91 18
40 86
