100
602 40 358 864 78 519 83 461 761 320 574 689 131 870 77 585 31 950 311 811 368 938 410 4 718 252 805 972 44 763 472 525 159 775 417 949 545 306 748 711 192 688 182 15 980 23 179 296 925 837 244 18 978 128 485 628 818 137 505 347 576 195 139 630 345 425 632 145 542 969 751 476 285 416 314 689 950 441 971 191 341 959 815 895 692 350 574 633 123 387 14 54 883 784 804 455 266 326 248 175 
20
826 94 492 188 884 458 641 129 62 867 18 683 764 215 999 733 587 117 55 124 
1000
97 75
68 71
27 97
22 50
85 44
65 50
71 23
15 2
0 86
50 35
56 63
12 1
94 43
82 9
57 52
64 95
35 27
61 86
75 54
85 72
96 29
47 26
35 3
81 4
39 30
23 17
88 17
24 14
69 99
44 63
25 80
51 95
8 71
10 35
27 68
18 25
57 10
54 40
85 40
89 94
6 85
70 54
66 21
89 30
75 44
77 25
36 53
24 97
44 42
18 87
89 7
20 81
28 60
46 27
27 99
83 57
79 31
85 8
33 43
3 11
93 73
58 37
60 68
66 36
75 10
63 48
31 58
32 45
74 22
88 33
59 34
59 17
11 36
13 74
2 40
15 21
77 62
22 10
65 63
30 38
48 64
11 20
98 61
35 44
1 14
24 55
70 64
83 56
88 81
19 67
28 33
6 16
43 81
92 24
70 43
27 0
27 86
4 26
43 3
86 84
69 19
76 30
82 26
34 58
86 70
12 84
62 99
21 3
82 76
12 71
87 0
82 30
81 15
55 78
97 68
74 76
62 13
36 99
42 18
87 36
72 83
97 37
8 18
90 10
47 58
21 77
24 22
78 31
83 81
3 80
40 11
45 1
98 69
59 18
22 44
19 78
54 87
92 51
31 83
95 30
88 47
34 81
24 25
41 50
85 11
81 87
10 62
87 66
30 96
47 49
19 31
29 41
75 65
85 31
58 86
14 35
79 92
37 43
82 49
43 80
81 99
23 11
92 53
39 42
12 54
91 65
37 15
55 22
26 30
87 62
28 88
37 65
48 16
71 89
38 92
69 12
49 24
75 39
42 73
63 23
14 94
65 86
28 97
10 40
39 99
10 37
41 43
27 30
78 9
63 22
34 52
83 45
13 53
47 94
67 68
63 75
66 14
55 15
37 3
15 57
51 94
61 9
17 73
27 7
10 76
86 25
77 74
54 53
48 74
73 99
89 67
90 40
96 86
15 7
8 83
18 91
91 13
90 80
9 22
39 3
29 59
60 71
31 45
38 43
7 17
54 80
21 96
16 43
2 22
5 49
61 83
49 55
17 28
14 17
96 45
94 66
39 46
1 62
67 75
83 30
66 4
41 78
24 16
91 28
73 29
90 85
63 81
99 91
28 70
34 61
85 39
22 3
13 98
83 40
11 83
79 10
44 7
29 12
15 48
96 31
23 61
47 0
1 30
72 10
26 86
48 92
57 20
65 81
89 42
76 98
63 12
21 50
57 24
27 3
85 77
58 6
55 93
5 86
10 50
23 26
61 43
16 22
51 1
3 40
45 7
91 57
61 66
42 96
68 4
24 80
67 7
19 52
96 43
4 96
14 81
24 59
17 47
89 32
13 92
68 8
56 39
7 1
30 65
67 17
98 17
53 12
11 14
74 89
89 2
47 69
95 46
6 9
6 96
9 97
91 69
74 42
3 46
69 8
78 99
13 60
8 61
95 4
2 51
45 67
81 10
36 33
59 98
58 45
90 91
22 5
59 54
97 55
38 96
37 55
14 41
18 28
51 58
81 82
50 37
20 1
82 25
20 9
1 4
79 41
39 29
31 29
74 93
81 50
25 35
37 35
81 32
52 1
88 50
56 17
55 53
20 30
66 75
44 23
69 68
66 8
82 58
40 68
75 81
17 97
58 48
17 32
12 35
34 53
48 93
16 38
38 36
83 14
61 13
30 49
54 73
83 21
81 16
3 31
15 27
28 19
43 6
70 48
37 85
14 43
16 90
67 14
98 51
52 5
18 78
26 40
67 87
93 31
72 93
20 96
53 41
65 14
87 86
34 18
8 53
88 22
71 37
38 25
95 38
78 89
28 52
13 12
82 78
67 62
98 52
91 16
67 5
91 3
64 26
2 8
0 76
76 67
19 50
21 76
33 71
68 95
41 80
37 52
94 12
88 75
6 87
26 51
42 16
13 37
45 57
65 51
83 50
91 45
53 38
68 89
35 73
25 61
10 96
80 91
71 63
29 87
44 79
83 13
75 31
79 2
61 96
63 16
94 88
42 27
87 64
97 60
67 99
4 45
10 28
39 97
48 84
58 32
4 76
82 11
72 79
0 68
31 84
61 18
80 36
88 41
27 81
53 10
74 1
47 83
95 12
50 58
86 94
27 59
58 73
71 31
84 63
27 60
21 33
59 49
62 42
5 33
82 34
95 57
13 15
89 60
9 43
43 24
48 17
33 45
57 5
45 82
59 0
99 57
2 84
80 39
59 20
40 98
13 78
23 84
87 33
50 30
25 92
99 30
4 22
41 55
37 62
70 41
49 73
49 35
71 90
49 57
93 64
89 87
51 93
85 68
56 69
57 64
11 66
56 22
21 59
1 54
38 18
89 62
47 73
34 26
51 77
64 8
83 96
43 58
22 71
3 29
70 72
16 28
6 65
32 99
7 48
58 72
11 19
29 20
44 80
2 80
61 84
62 59
49 27
45 36
65 7
16 73
59 16
82 38
42 86
10 68
23 3
74 44
59 46
86 39
26 95
32 27
86 24
37 94
38 67
26 25
94 99
67 78
3 30
38 49
22 39
8 44
89 49
61 52
69 66
5 20
13 87
96 75
92 63
32 4
86 17
65 53
50 56
45 50
61 88
82 62
99 61
13 99
28 81
11 71
80 68
9 12
93 52
10 73
51 68
10 82
32 25
29 98
59 48
17 2
29 94
80 47
12 27
49 43
95 21
40 42
63 50
7 85
43 68
49 84
14 68
37 14
94 6
75 33
62 58
77 29
40 43
49 76
60 66
45 46
5 18
70 42
67 0
9 86
90 25
82 83
16 41
51 67
2 28
61 4
16 19
76 55
21 75
26 5
76 83
7 63
23 46
98 7
76 48
89 56
45 13
88 11
21 57
11 98
19 96
49 77
55 30
10 65
8 51
97 80
84 26
63 89
54 67
65 2
23 88
90 26
36 9
32 51
59 32
37 27
90 2
83 63
30 54
43 31
58 80
86 52
77 24
30 7
43 17
91 42
6 26
86 81
37 70
79 99
46 42
4 10
12 11
1 67
39 33
71 80
47 98
44 48
58 24
8 41
90 68
67 40
43 77
95 27
35 81
23 69
53 32
19 56
2 44
24 4
54 44
64 23
81 64
25 76
16 77
7 28
9 1
34 38
53 48
9 31
99 66
30 2
35 13
9 60
70 63
21 93
78 65
96 51
45 86
52 27
6 37
99 76
33 41
50 82
83 75
21 62
8 35
58 44
48 14
20 95
60 11
43 59
30 93
9 50
26 43
51 25
32 88
48 0
92 47
55 62
76 28
26 32
23 28
99 65
87 92
88 18
52 65
86 7
18 11
78 20
47 64
73 77
72 30
67 59
28 49
37 41
69 97
33 89
42 17
16 49
55 52
31 6
21 31
27 13
62 45
48 61
33 97
5 65
74 83
98 39
28 9
21 69
95 16
70 59
36 82
39 69
8 25
53 47
24 17
32 70
28 38
0 46
6 69
52 90
31 51
46 97
57 67
0 57
1 60
68 49
52 43
85 38
32 1
38 90
96 89
2 0
84 40
95 15
69 50
68 94
75 93
79 32
92 10
36 15
10 46
5 68
85 50
88 89
65 45
53 49
19 85
35 69
26 96
46 33
35 95
64 45
23 7
70 39
71 38
22 61
90 86
48 39
39 7
43 60
48 9
46 9
70 21
9 10
2 91
23 34
81 74
81 60
93 37
35 43
77 58
44 47
75 94
41 30
26 54
89 72
62 26
10 14
78 66
16 13
83 44
75 24
95 1
56 92
12 51
36 43
72 74
58 26
33 92
26 81
46 57
38 14
66 88
2 87
59 1
26 52
64 96
41 34
0 43
16 2
62 27
90 4
78 17
83 32
57 88
36 2
79 75
76 37
41 19
66 38
50 1
45 79
31 44
35 31
29 86
54 33
79 46
86 66
14 18
13 19
60 56
98 77
59 14
47 97
48 36
91 87
46 58
33 96
37 31
31 97
70 81
74 26
3 26
90 47
48 65
58 84
43 20
11 94
2 31
0 20
96 94
32 98
51 84
56 79
77 27
17 75
75 68
38 7
58 71
95 96
18 1
6 89
78 32
69 15
98 23
4 9
59 95
74 55
19 82
65 67
67 9
12 56
76 59
72 87
94 74
10 18
31 28
99 43
43 86
11 10
14 69
13 77
16 58
26 55
65 41
54 91
35 45
76 56
4 40
74 12
67 48
4 89
20 27
35 66
21 32
24 79
31 81
57 53
32 42
46 67
18 79
86 15
11 34
38 15
48 66
70 2
31 15
28 73
4 16
58 7
60 18
64 18
91 70
84 10
87 26
10 67
35 85
69 70
65 68
50 4
9 53
2 58
43 72
4 33
63 9
82 87
45 16
67 64
32 49
77 61
36 5
40 50
82 70
16 55
72 68
25 73
15 77
48 1
84 67
58 12
61 27
80 42
40 63
32 87
43 53
8 79
60 33
58 61
26 56
79 97
48 18
17 41
11 55
99 54
58 60
59 44
39 91
71 29
