100
975 325 392 668 511 26 272 540 726 219 717 852 573 604 338 14 438 326 241 277 153 298 695 876 690 291 965 158 396 913 74 13 814 85 347 546 241 940 811 558 267 400 201 580 262 5 219 262 618 912 30 225 201 178 997 831 620 199 903 478 26 740 527 273 319 966 753 541 809 523 400 98 228 542 386 174 941 577 24 286 731 883 935 715 964 829 534 332 586 525 636 217 222 590 912 614 372 398 626 34 
20
125 575 345 248 74 274 19 176 813 729 115 660 919 584 685 999 751 826 854 140 
1000
83 25
83 74
39 92
95 0
22 86
82 28
51 72
95 29
61 33
99 11
96 48
47 74
18 60
80 16
45 37
59 15
32 84
93 60
28 27
80 10
81 30
43 39
78 65
19 23
44 17
30 35
81 87
75 90
44 69
68 80
50 29
64 71
91 67
23 9
48 9
52 60
34 27
24 88
75 74
1 89
62 78
37 42
58 78
37 69
3 30
21 70
2 67
84 21
48 83
55 29
5 46
38 63
86 60
25 37
8 75
9 81
26 78
59 82
99 61
18 75
94 6
81 51
4 59
16 55
83 77
68 6
65 9
98 9
43 23
90 79
85 84
52 42
94 71
93 24
84 31
71 45
60 94
38 75
27 93
48 24
22 82
5 97
6 2
41 44
63 12
35 81
61 20
47 78
78 6
13 36
22 50
97 22
34 80
3 92
2 20
81 69
39 33
29 34
75 40
80 62
90 20
79 39
10 91
25 43
41 97
58 86
81 82
81 46
46 86
32 93
4 90
52 51
79 30
42 26
1 43
44 51
2 84
57 18
92 98
23 94
98 31
5 56
14 33
27 42
8 89
53 38
77 28
15 9
94 63
73 72
13 66
10 5
82 13
73 27
78 57
49 43
43 3
15 21
27 12
20 24
41 69
1 37
18 62
81 90
29 65
1 82
85 52
46 48
52 90
20 33
41 89
24 16
59 7
78 72
11 69
36 84
67 22
48 25
41 93
13 47
7 2
3 82
24 37
96 65
47 1
0 5
71 18
10 30
75 85
81 32
30 56
55 89
9 27
46 29
87 75
51 4
63 65
88 82
75 31
63 33
37 71
45 38
41 28
20 53
37 9
47 3
67 32
4 36
33 30
21 46
30 22
81 17
13 71
0 73
55 85
17 74
29 10
99 17
76 25
62 52
97 23
57 24
33 40
64 60
89 73
11 74
17 43
21 17
98 80
93 83
46 51
9 59
51 96
3 12
40 44
6 74
2 71
82 86
25 36
77 16
89 11
73 62
31 93
99 21
63 25
62 41
83 55
72 55
14 19
98 33
83 8
88 31
11 10
30 85
76 5
8 78
89 96
57 93
83 19
7 34
35 67
97 88
63 16
87 59
36 9
69 14
36 92
56 87
86 16
69 90
32 38
15 70
94 20
12 41
59 29
79 70
53 34
10 74
45 18
49 82
80 84
53 76
2 53
26 79
83 33
71 63
19 75
2 81
23 92
69 35
2 93
12 61
78 21
17 36
76 49
41 3
46 47
60 92
84 8
83 63
39 0
42 39
87 23
78 97
53 40
43 81
33 64
22 8
12 55
50 87
71 3
14 91
80 5
85 59
29 57
22 53
94 10
65 4
96 84
98 1
21 86
23 74
77 69
15 37
37 64
81 23
89 38
7 9
48 4
37 21
44 81
67 78
49 12
51 6
89 58
1 15
21 65
67 69
8 80
79 91
60 57
37 75
2 82
98 56
12 62
5 84
17 98
2 79
65 38
82 47
25 58
14 25
4 47
62 79
0 28
17 62
95 86
70 42
35 63
2 94
92 86
92 40
62 98
82 50
90 57
38 44
69 53
30 63
37 44
33 73
90 11
63 95
19 97
42 15
5 63
48 32
30 5
30 6
21 0
12 46
84 18
38 43
16 56
13 31
56 43
26 90
13 73
90 68
95 51
73 48
97 70
34 38
32 76
65 99
12 43
74 66
58 74
65 51
90 9
73 16
31 95
87 67
26 52
1 71
34 93
37 98
40 26
59 80
53 12
86 20
63 6
6 1
13 45
90 43
68 42
19 13
9 14
15 13
7 69
18 33
94 22
35 49
73 86
93 67
79 99
22 17
44 66
95 69
16 7
39 87
30 80
0 81
55 52
34 69
90 30
15 96
56 3
7 37
86 67
48 59
3 48
62 95
12 20
55 56
56 72
10 90
9 74
84 34
1 34
71 75
76 16
46 56
93 40
45 65
54 93
36 31
75 69
40 62
30 50
38 56
42 92
78 5
87 42
41 46
74 70
46 73
23 63
73 37
13 37
51 83
72 93
7 50
94 95
71 46
96 83
12 95
80 27
63 7
85 36
74 4
67 31
14 84
3 72
21 77
12 24
54 63
75 70
15 55
60 78
15 48
51 47
17 60
64 57
29 58
18 25
81 65
79 84
43 22
95 7
28 59
8 77
19 36
62 7
20 77
35 97
48 13
61 98
37 6
79 23
70 71
72 52
94 28
54 40
7 74
14 0
45 89
34 51
36 11
67 4
57 15
39 55
24 54
46 35
6 12
39 13
65 33
72 35
7 42
23 38
39 89
32 65
5 18
10 20
96 4
78 36
81 75
41 36
38 14
9 80
33 53
4 60
25 3
45 87
80 81
26 41
91 56
1 54
29 78
69 26
82 38
31 6
63 92
62 53
64 26
0 19
93 1
91 55
57 65
10 42
31 48
1 3
30 74
34 57
46 99
5 32
7 73
38 52
9 92
26 22
86 8
78 12
37 72
24 18
92 57
97 4
92 49
54 86
22 14
42 78
35 10
46 60
26 82
31 68
62 54
28 48
61 23
76 66
22 55
26 66
15 19
96 41
44 97
11 42
19 32
38 21
72 62
7 65
7 35
34 82
58 53
68 32
58 50
33 32
21 40
45 53
42 30
21 85
49 65
32 3
12 23
19 27
26 9
29 45
55 73
81 97
71 99
80 31
32 12
10 52
88 81
19 18
38 91
88 55
40 51
43 87
1 31
85 10
59 92
91 5
93 18
57 19
50 84
5 75
42 66
97 98
24 83
93 11
10 13
71 14
47 49
87 46
99 5
34 65
8 71
26 30
22 12
22 16
13 72
85 29
37 57
41 48
23 75
92 70
43 55
2 63
27 36
8 87
8 70
50 47
16 11
8 98
37 90
99 66
41 70
50 28
42 49
62 39
55 18
26 23
51 71
41 63
82 46
59 70
76 37
98 55
52 66
78 33
80 57
88 86
32 4
19 92
42 63
29 72
84 0
90 40
50 89
4 53
12 72
64 97
50 2
54 16
56 84
41 4
36 64
54 91
97 63
87 92
97 37
61 43
80 6
67 8
24 5
71 97
22 57
30 20
97 0
21 11
49 55
59 88
64 29
22 19
51 39
17 63
10 16
71 58
28 46
45 90
13 86
83 31
76 45
78 91
38 67
37 82
16 18
57 16
17 83
55 20
88 0
36 94
16 68
49 66
10 6
69 5
3 57
16 72
9 70
11 94
12 45
95 13
89 78
45 91
72 76
91 50
41 56
33 6
0 31
2 46
10 2
87 48
1 44
23 25
50 18
43 96
1 91
72 9
5 83
9 17
88 71
90 63
71 50
59 74
79 78
21 39
52 28
90 7
47 20
54 69
50 11
0 22
49 61
68 33
91 24
79 77
59 90
92 21
32 92
91 13
46 68
88 27
62 35
60 38
77 3
66 38
0 90
95 11
35 66
84 38
29 8
99 64
34 63
32 49
84 70
20 16
99 58
26 21
56 21
66 59
4 20
92 4
66 14
65 25
26 96
88 53
72 30
97 56
74 82
86 28
33 76
26 63
14 50
91 21
5 8
1 14
35 82
59 94
60 98
30 48
51 90
24 96
49 15
34 35
16 99
87 86
82 27
84 7
13 35
88 19
5 64
73 99
9 25
22 24
84 45
72 71
9 31
92 62
24 81
73 22
23 45
68 18
95 26
49 78
52 32
6 14
73 67
46 72
90 93
89 86
61 28
58 63
64 13
6 24
54 33
76 12
70 43
79 93
26 2
97 25
37 28
4 42
24 84
83 84
35 1
50 52
25 61
54 77
24 36
62 19
99 9
59 12
46 96
44 56
60 83
31 52
2 78
88 87
72 17
95 54
38 11
54 11
10 18
23 55
88 8
18 20
30 96
52 2
55 94
39 95
60 61
61 91
42 77
66 64
53 99
63 86
69 36
0 74
36 49
19 65
52 49
42 55
24 69
63 85
55 62
97 60
91 35
26 29
19 53
43 7
25 29
92 77
57 43
82 39
51 91
57 31
69 70
54 34
67 58
67 60
51 68
65 94
23 83
93 46
2 47
31 21
51 12
84 95
30 99
16 34
54 87
28 8
34 86
88 15
76 83
9 79
12 2
71 82
90 29
50 39
94 40
9 8
89 36
16 83
20 79
20 37
38 73
11 32
37 2
58 81
76 65
30 77
73 32
14 70
56 59
61 97
56 14
51 14
4 28
37 11
85 47
92 95
43 24
50 19
8 99
67 83
38 49
56 25
94 37
16 12
28 66
53 66
5 42
17 96
91 9
90 92
22 29
98 71
59 91
50 81
75 12
49 88
62 37
76 34
43 62
26 48
87 74
5 65
75 64
5 47
25 53
32 83
66 60
95 17
83 57
14 78
14 63
46 27
80 51
81 72
53 3
71 7
90 41
34 2
22 59
38 33
9 93
24 19
83 79
45 0
63 32
35 80
6 42
64 90
73 50
49 48
51 29
90 88
48 56
19 61
16 64
23 54
14 96
