100
465 174 337 780 664 711 37 554 477 769 884 464 384 938 853 623 784 109 137 529 79 841 534 692 480 978 724 386 455 425 331 19 575 389 429 769 142 645 660 157 782 346 870 487 614 306 974 626 410 718 868 53 443 677 798 734 879 996 986 921 704 26 150 89 74 947 449 963 624 931 848 84 44 528 591 117 923 699 834 572 823 332 247 721 394 614 177 278 48 168 842 304 985 483 525 970 731 866 323 970 
20
85 277 999 131 264 484 644 699 736 674 229 135 914 708 274 726 933 680 59 781 
1000
94 42
40 2
64 50
20 35
43 27
2 76
2 85
5 59
26 58
12 9
18 51
8 26
58 79
57 66
62 2
41 27
53 31
1 66
36 67
28 23
52 8
79 25
19 6
45 8
20 76
16 83
63 5
48 86
29 30
68 40
59 27
12 13
90 15
38 52
31 32
92 65
74 80
16 21
83 98
40 49
65 35
67 74
88 40
90 36
39 25
41 86
56 88
37 53
11 78
30 24
31 64
76 6
86 23
29 71
58 89
85 30
78 26
74 88
71 24
25 86
33 98
44 22
92 30
26 79
31 26
7 97
87 7
75 30
23 50
20 81
34 14
17 55
81 55
93 77
89 97
39 4
8 1
76 69
23 36
18 50
78 94
23 46
79 56
69 84
8 35
37 24
17 62
18 91
22 57
59 13
2 9
54 26
57 11
1 25
95 57
2 86
53 38
13 27
96 19
32 44
47 64
49 72
94 6
36 51
41 87
47 17
23 59
4 71
39 46
0 92
74 87
52 65
82 57
50 5
84 8
9 48
41 36
88 97
22 46
82 92
72 6
97 92
64 95
50 56
37 95
1 57
85 63
12 20
71 68
33 29
52 97
40 32
47 49
65 31
74 68
21 71
99 67
59 46
83 67
45 30
8 74
92 51
83 30
93 83
57 48
55 46
53 3
71 47
27 92
48 53
48 4
4 64
69 3
80 4
67 44
87 38
56 1
12 57
64 49
41 23
50 77
22 1
49 77
40 69
67 80
47 9
54 70
89 27
90 94
43 22
46 58
42 22
58 71
4 53
91 17
4 33
22 68
53 1
68 58
57 31
46 13
11 44
50 81
10 66
52 68
11 30
87 68
60 41
84 11
64 66
73 59
38 98
21 49
52 89
9 31
15 43
74 30
12 45
18 62
59 29
57 62
58 67
8 13
43 86
99 76
1 42
58 87
53 95
77 7
85 98
63 44
14 94
87 65
10 16
25 69
83 9
71 40
28 93
79 22
42 9
22 49
28 50
83 78
71 0
74 22
4 59
85 27
64 11
0 51
82 75
74 45
59 25
96 89
79 90
8 82
67 6
29 74
13 55
48 46
6 57
44 27
93 23
53 29
50 41
99 57
71 16
56 44
54 13
66 35
7 11
69 79
71 15
0 84
19 94
12 38
54 52
73 52
20 7
9 38
77 99
82 21
26 2
97 18
55 97
83 29
63 18
37 73
87 4
14 20
24 1
23 68
92 88
52 12
58 36
32 75
88 86
71 80
84 55
26 0
39 99
58 76
2 44
0 22
10 45
92 75
38 82
92 85
67 63
8 92
31 73
47 73
62 87
16 27
78 79
49 5
72 43
29 64
80 14
84 47
16 73
64 22
94 39
18 39
42 51
34 99
25 89
24 63
51 44
9 14
52 30
58 23
14 51
84 1
94 71
83 38
96 21
6 61
34 83
71 11
93 16
63 8
29 87
7 26
8 31
60 48
3 60
94 79
76 75
51 49
25 4
10 63
75 19
77 67
96 81
28 37
92 33
11 52
50 82
50 79
89 63
63 41
97 95
99 38
65 11
14 29
45 91
92 7
23 25
15 52
14 21
51 23
56 58
12 4
10 58
39 89
63 59
6 36
80 55
45 13
0 74
72 12
99 61
16 46
18 6
90 67
41 79
59 3
36 7
60 58
25 14
58 88
81 59
83 12
36 87
98 92
91 30
75 43
72 94
92 93
67 16
20 41
64 85
47 99
41 26
98 70
80 0
62 46
78 0
64 17
57 56
92 54
87 72
89 95
21 26
16 52
58 1
28 86
12 40
20 98
21 99
69 55
74 16
18 95
81 14
22 8
44 5
0 37
50 66
56 51
73 15
43 42
67 96
71 81
43 39
75 57
32 64
65 82
15 14
10 33
26 56
44 45
20 75
87 6
67 93
27 28
76 84
6 40
93 96
46 82
77 98
58 38
45 2
56 89
44 9
54 57
36 80
91 87
29 67
9 54
30 15
97 9
24 72
73 87
43 21
50 85
66 16
41 17
46 73
1 37
16 36
91 67
39 90
83 35
35 77
56 61
58 80
71 95
90 87
22 47
65 76
98 16
73 65
21 74
36 74
32 41
12 94
23 84
45 3
41 85
26 83
67 75
5 20
95 25
56 6
39 6
72 52
56 43
3 24
92 79
77 69
78 73
89 13
28 88
6 83
2 63
0 59
18 86
29 9
63 1
7 42
45 89
20 95
61 35
35 59
74 83
29 56
24 22
99 86
6 12
54 69
80 3
76 90
75 95
53 30
2 58
44 15
65 60
25 24
38 3
84 26
45 81
43 70
2 41
68 75
51 40
27 45
19 16
84 56
13 74
53 65
26 88
3 82
73 33
0 32
78 23
37 77
18 85
68 5
5 98
82 56
64 43
76 30
12 1
28 6
82 35
16 41
14 87
98 73
8 55
88 2
5 75
48 39
23 26
91 37
52 9
38 33
48 37
67 20
0 25
65 30
35 42
83 57
68 66
91 1
17 79
83 60
85 56
56 34
93 95
17 7
18 78
78 50
16 31
54 86
28 92
47 2
46 68
51 66
11 29
13 26
33 7
95 92
80 10
34 76
58 61
55 66
2 70
6 27
10 31
9 8
20 97
92 69
82 48
82 40
40 42
18 82
84 53
41 81
59 84
62 20
33 5
6 44
8 53
25 99
9 98
36 9
63 22
14 35
18 21
1 71
22 55
92 23
33 50
11 41
82 26
45 72
6 62
89 77
38 57
64 38
28 79
87 48
29 94
55 23
34 22
90 38
62 90
31 41
1 80
28 29
30 47
32 69
70 56
82 36
36 50
71 66
49 89
19 30
51 22
43 84
84 81
31 6
98 14
97 73
87 27
53 18
3 55
62 54
18 14
83 31
62 69
51 73
23 49
99 62
16 14
29 78
75 40
27 10
30 50
20 72
16 58
77 28
98 69
37 13
61 89
45 28
89 82
16 30
94 92
70 66
12 50
31 49
25 98
26 9
78 70
45 63
67 50
5 42
43 30
6 81
68 30
77 46
49 50
46 56
40 23
13 21
9 30
75 4
89 16
71 84
54 55
41 35
70 59
95 94
73 34
25 71
57 5
87 99
1 85
29 25
22 69
97 60
16 6
16 15
27 79
54 99
31 81
20 43
83 94
67 73
9 34
51 59
51 69
53 73
44 25
91 76
39 93
20 78
31 22
18 11
20 45
95 16
89 91
27 64
40 73
70 63
24 98
88 68
21 90
39 40
84 86
46 49
67 89
14 92
57 4
69 95
11 72
48 43
64 12
78 55
0 29
34 58
85 60
83 65
10 32
24 34
53 41
99 31
4 38
28 97
99 22
70 9
29 22
12 0
1 86
65 48
79 40
81 65
9 64
11 6
80 27
23 57
5 88
19 45
40 92
90 45
12 70
82 94
66 42
57 53
54 67
3 87
55 71
74 19
6 55
95 15
0 17
55 75
42 86
10 19
78 46
48 64
65 42
74 91
35 79
17 16
44 43
81 85
22 6
20 46
82 5
23 54
31 95
53 14
71 74
29 73
25 30
41 7
41 90
87 84
60 96
9 25
89 34
10 21
95 47
51 93
97 81
56 96
0 89
0 23
79 99
31 28
17 14
83 24
59 64
51 15
59 17
7 64
71 44
64 3
16 75
67 2
40 83
36 46
61 55
91 70
49 53
29 44
63 56
63 28
72 66
26 64
25 66
39 85
0 9
11 42
99 81
3 32
14 62
4 78
27 39
87 24
1 81
84 10
83 95
7 80
50 11
92 58
15 34
18 8
5 45
63 69
15 27
7 5
95 38
45 37
31 40
6 9
16 49
4 36
84 36
8 81
20 44
40 99
91 61
36 11
12 27
16 1
94 25
89 24
45 1
16 80
35 97
18 57
90 13
88 45
31 46
7 47
88 70
30 54
17 63
24 66
22 36
19 93
20 88
66 22
77 51
97 94
38 79
73 55
1 74
3 16
34 87
39 12
3 35
85 97
17 56
51 99
78 30
94 11
76 67
97 8
67 38
56 5
40 24
35 67
62 47
24 32
21 42
26 3
47 86
47 31
97 93
7 50
1 10
48 44
60 25
55 7
10 50
34 78
18 44
54 49
60 30
98 94
97 71
7 99
42 13
84 4
20 83
37 40
61 36
65 93
44 93
48 98
28 82
48 93
12 10
39 37
11 69
66 83
9 50
83 69
81 15
86 65
31 54
29 68
55 11
70 0
92 41
79 29
37 7
6 15
85 38
75 29
65 88
36 29
46 11
66 85
91 32
73 86
73 24
52 67
66 86
20 8
63 32
42 88
38 27
33 57
86 46
34 2
32 38
65 46
9 76
5 27
76 40
46 99
13 60
54 93
62 5
39 38
18 28
38 45
28 20
98 11
0 31
61 67
0 48
8 6
92 84
69 60
63 16
4 15
50 19
86 51
82 99
73 42
78 97
50 8
72 60
86 21
56 11
25 34
15 85
11 26
13 83
21 35
72 71
26 29
21 44
29 17
