100
453 592 757 506 118 154 789 731 924 897 618 132 890 595 242 314 886 200 417 39 929 512 750 366 150 766 681 626 845 611 717 186 976 38 758 760 847 948 741 907 323 492 27 798 271 454 855 490 869 346 757 273 544 371 546 316 796 280 700 156 233 598 731 969 79 730 968 97 988 17 357 577 988 953 766 117 848 363 213 954 426 920 527 958 9 950 318 140 182 835 787 399 219 283 264 114 491 632 515 230 
20
260 993 939 403 370 923 228 661 400 715 777 330 902 392 916 435 706 559 108 666 
1000
30 68
29 56
13 8
56 23
90 9
76 54
6 62
60 0
24 71
5 67
20 0
32 21
88 44
19 66
70 5
48 52
51 56
44 17
99 56
68 75
31 82
6 41
48 61
49 37
18 59
54 17
24 2
67 8
44 76
41 51
47 19
74 54
89 9
10 89
73 43
69 98
86 45
72 52
26 33
61 1
60 21
69 12
57 94
47 24
90 1
99 46
89 82
98 19
20 53
5 69
32 59
67 66
18 98
4 25
62 15
61 26
60 73
61 55
90 25
21 64
71 70
61 25
89 59
16 60
43 70
69 89
47 31
61 39
83 37
84 65
72 64
46 13
60 89
32 26
6 58
49 66
50 1
76 52
91 74
69 2
60 10
53 64
14 48
53 37
84 18
41 16
81 83
15 66
87 24
46 28
48 66
79 22
7 18
11 4
35 50
87 31
8 55
28 38
0 94
14 47
41 9
50 3
8 5
26 43
85 69
57 37
72 16
77 0
39 9
55 86
81 47
95 18
82 67
8 12
95 66
26 56
56 57
89 53
14 2
92 89
79 29
5 74
33 1
87 10
33 49
5 78
91 81
30 16
72 83
74 85
61 97
61 12
70 90
25 41
61 66
34 31
55 26
47 11
94 83
13 38
9 67
63 80
5 42
52 94
83 91
73 17
99 39
25 82
54 24
31 51
97 59
70 7
77 6
65 19
84 95
19 25
94 18
96 26
12 11
16 27
6 14
41 76
10 59
26 44
63 81
13 52
84 37
91 53
22 26
41 24
71 44
97 85
73 78
72 32
30 65
60 75
47 7
18 67
81 45
84 70
58 75
80 39
53 63
7 22
15 61
91 41
40 58
42 74
90 0
7 39
45 61
78 11
5 82
36 78
9 50
82 54
92 80
84 1
61 64
43 59
15 64
48 42
75 13
0 13
62 96
57 76
25 29
63 74
40 24
49 91
18 50
15 43
40 92
66 72
20 4
81 41
86 14
48 69
20 16
96 56
15 59
61 99
72 62
42 91
9 13
94 7
68 96
17 43
34 5
47 6
9 36
84 79
72 60
89 74
44 64
73 14
84 51
77 7
27 91
19 71
32 90
28 39
26 15
30 45
10 2
45 39
99 55
5 84
86 24
23 35
13 11
84 97
85 26
80 43
66 73
20 84
54 32
97 96
32 52
61 14
91 60
8 35
97 27
29 1
62 83
61 18
38 71
33 3
18 62
98 30
2 7
97 8
60 26
80 58
34 61
18 89
27 25
81 43
66 96
61 31
45 0
27 48
3 70
73 98
67 89
76 30
11 57
4 46
45 20
2 51
82 52
22 78
52 93
23 76
28 14
82 26
13 99
44 42
35 64
32 44
74 22
88 19
59 64
86 21
45 44
11 44
68 86
11 89
27 14
65 55
93 94
36 10
55 74
79 69
95 86
1 78
91 26
6 57
72 49
79 41
63 91
40 7
47 5
20 54
94 17
82 49
94 89
99 17
38 50
41 95
3 28
35 55
75 8
58 29
9 2
53 51
0 41
57 93
29 86
74 27
25 31
4 23
64 43
19 86
50 77
78 17
62 31
72 77
95 29
83 3
77 65
57 58
39 42
64 34
43 83
99 9
77 58
30 73
15 48
65 14
65 22
61 37
23 39
95 63
40 90
7 59
87 42
71 84
35 84
63 44
23 38
30 69
4 75
74 79
77 96
81 57
60 78
37 31
37 13
48 13
60 43
56 19
60 35
7 73
33 28
89 27
92 72
7 24
60 14
41 48
28 93
56 59
55 60
3 51
41 67
55 63
66 38
6 37
1 30
9 81
6 95
78 29
2 89
99 84
50 66
11 7
52 20
91 4
88 18
53 82
33 89
98 89
66 18
60 86
54 22
27 67
14 13
40 88
24 58
60 19
72 29
10 20
58 32
86 25
22 17
70 0
72 6
90 75
99 29
11 95
0 7
25 11
14 77
47 30
83 44
54 42
15 94
75 28
34 8
63 68
65 95
8 20
83 34
30 17
35 27
74 98
55 72
14 68
76 97
34 66
65 29
69 35
3 4
37 0
66 21
72 4
42 8
29 61
69 0
7 66
29 43
75 15
96 86
77 34
84 53
9 3
75 67
73 65
24 94
25 72
44 77
42 67
91 67
62 63
84 28
28 42
0 93
47 49
3 12
70 52
46 15
45 63
22 62
35 18
41 94
26 25
43 90
16 95
10 40
22 29
62 55
25 65
1 38
44 15
27 0
3 66
1 25
82 7
87 1
25 0
99 76
19 7
80 8
81 59
65 57
68 51
71 10
24 48
3 96
71 83
47 71
61 11
30 89
20 62
84 86
90 97
14 80
7 87
44 80
10 57
34 10
14 24
4 32
25 51
29 85
20 61
15 33
68 78
53 11
98 88
29 47
39 27
46 27
7 37
85 79
17 27
95 94
18 75
67 1
30 55
87 79
92 33
49 51
66 28
53 17
63 78
57 96
28 94
15 54
21 13
77 5
20 42
42 70
18 71
6 66
59 33
17 52
70 80
26 28
80 26
85 23
44 38
29 30
83 45
95 77
63 64
47 51
23 28
73 56
22 41
36 15
89 86
26 99
42 61
5 22
60 31
62 90
99 79
93 92
26 58
68 62
95 59
9 77
47 89
88 50
74 14
16 36
59 58
54 65
11 43
78 40
14 30
36 7
99 82
69 91
54 92
92 8
17 48
42 56
38 73
44 57
28 16
36 40
52 10
84 62
69 66
45 49
93 13
2 21
59 68
19 40
54 3
7 8
80 94
91 29
92 90
56 24
65 46
59 85
68 22
24 99
53 65
44 34
82 63
32 37
97 20
28 13
94 2
73 22
87 19
33 81
51 35
18 0
53 9
83 24
40 23
60 39
4 54
84 4
55 79
70 89
62 33
49 36
68 82
82 18
81 10
75 47
54 67
53 94
98 90
96 92
13 54
45 3
5 86
18 68
92 69
33 86
95 56
76 90
1 95
26 7
13 24
62 47
26 81
45 47
4 64
5 52
36 86
47 65
17 49
50 49
45 7
86 17
84 40
32 99
85 33
46 86
92 25
55 77
90 49
90 51
6 22
13 81
86 50
2 91
60 92
21 51
70 82
28 2
39 70
30 38
98 58
13 41
78 96
10 67
83 51
26 41
71 29
16 89
98 51
39 90
65 68
62 34
91 23
32 55
14 4
29 63
74 29
64 88
28 63
72 28
53 13
27 1
34 91
19 27
95 83
18 17
56 72
60 17
22 51
12 18
86 74
67 12
73 76
96 35
27 49
38 53
84 14
39 14
31 26
74 11
24 69
82 38
57 70
56 11
58 90
97 13
44 9
96 89
20 79
77 76
46 61
73 95
84 57
48 19
37 59
37 67
45 58
12 76
13 34
5 3
66 62
1 80
67 57
51 77
54 31
0 47
72 44
93 70
59 3
96 9
36 39
33 94
98 70
16 2
96 5
74 18
18 65
1 43
68 40
79 61
74 90
71 33
39 37
56 33
69 82
72 86
53 61
12 21
19 12
29 28
52 19
4 83
98 20
96 46
7 93
22 42
64 84
3 14
75 55
21 96
54 19
15 77
35 22
85 17
99 85
11 48
5 93
72 84
25 58
20 74
35 46
57 42
56 88
94 82
51 99
50 58
51 67
76 49
9 97
95 61
32 25
80 86
40 93
81 71
71 78
99 15
92 5
49 39
35 44
44 93
60 3
5 21
25 10
57 85
25 60
52 2
34 67
84 61
50 12
98 22
40 20
1 20
5 40
80 62
15 2
94 13
6 23
95 67
43 47
46 2
40 60
71 55
51 66
87 99
18 54
37 21
82 75
79 27
15 86
4 77
21 80
53 68
80 61
12 87
29 87
79 42
89 7
17 16
41 36
71 11
14 96
49 0
55 95
16 65
39 54
41 32
14 44
74 34
12 96
90 16
70 58
94 61
32 95
0 33
21 46
19 53
99 14
68 91
82 45
3 69
93 84
55 24
65 8
35 63
51 54
21 20
90 86
74 47
0 95
23 98
48 46
58 5
5 46
12 30
9 92
25 93
48 8
4 95
27 5
50 91
85 96
94 73
91 99
32 51
93 61
97 78
42 7
91 71
58 20
91 95
26 98
88 1
81 7
80 13
26 10
99 11
53 25
77 36
53 54
70 25
60 48
51 57
3 35
88 63
74 62
92 76
85 45
63 65
90 30
3 71
74 78
52 74
28 20
25 33
50 62
77 25
59 52
58 85
48 6
33 46
87 5
1 17
75 41
83 21
34 33
64 86
68 56
34 57
51 27
34 71
65 36
24 76
97 23
86 75
94 39
80 83
89 76
19 35
75 1
34 90
61 3
44 68
56 44
45 5
86 85
28 52
68 80
57 55
59 92
15 25
11 82
61 16
52 31
86 23
31 55
19 45
80 73
3 23
14 57
30 57
60 71
32 56
70 35
87 63
79 78
87 69
46 25
4 5
98 81
36 33
56 81
72 50
37 85
26 46
9 10
75 53
98 55
65 6
64 87
