100
943 218 398 253 680 631 221 621 649 840 612 675 24 894 187 594 246 969 157 481 360 555 405 479 715 480 583 602 791 624 345 342 215 342 692 782 721 28 721 261 959 749 675 115 523 941 577 519 838 322 823 253 464 466 113 189 627 394 388 46 383 919 644 348 643 514 950 214 231 970 557 131 776 654 180 133 392 585 704 871 444 828 77 120 968 465 951 447 257 672 666 320 916 238 322 312 710 514 695 267 
20
989 567 882 298 242 171 746 42 588 153 769 213 11 415 579 142 307 204 571 438 
1000
36 67
58 37
38 53
96 89
11 51
89 17
25 56
36 2
38 99
55 43
78 10
8 44
99 27
0 21
33 28
1 33
91 21
45 43
61 85
68 69
1 31
39 81
32 72
44 80
63 12
18 99
15 59
98 4
84 59
41 62
73 23
51 10
83 44
34 84
16 84
26 22
53 67
2 13
55 94
31 77
54 9
28 61
11 16
63 44
12 25
98 57
94 60
93 32
52 31
88 83
62 54
90 28
10 12
67 69
13 58
47 63
48 81
35 34
82 8
82 77
23 22
78 21
38 52
55 87
40 46
8 62
0 82
51 64
35 91
24 16
45 49
67 54
96 98
13 0
94 38
52 47
68 85
57 48
25 72
36 39
54 3
28 56
12 40
32 61
60 27
83 80
28 94
81 94
12 82
56 33
1 43
16 9
3 16
8 59
64 9
52 69
69 38
48 29
79 68
34 59
43 91
43 84
31 84
44 82
22 15
41 42
34 97
95 98
46 85
87 68
69 75
13 36
81 93
47 43
31 33
28 46
96 2
90 52
40 74
90 62
32 97
66 57
37 42
15 27
90 0
84 89
86 3
7 79
71 22
61 16
90 27
30 38
78 35
42 69
25 55
17 83
55 37
19 70
31 24
67 21
7 59
48 28
84 81
13 68
54 81
86 44
64 34
44 17
41 71
6 1
56 83
12 6
57 72
97 85
43 72
75 36
9 47
76 86
97 3
75 90
34 83
90 60
2 52
38 49
36 97
7 20
95 90
47 72
93 26
11 9
41 28
9 73
79 62
36 64
19 76
63 22
19 47
40 52
96 74
48 34
27 95
33 51
59 79
41 98
76 96
16 73
6 25
43 35
7 49
54 74
2 63
33 3
98 11
38 91
77 89
72 98
55 2
15 39
60 9
39 79
25 86
99 69
42 2
82 76
27 3
92 57
9 10
77 36
69 40
93 2
61 31
14 21
23 28
16 36
25 80
18 64
68 38
68 9
70 90
68 59
5 10
72 40
80 88
57 71
66 96
48 91
30 9
0 23
91 74
24 3
27 4
88 95
89 82
86 20
79 85
72 3
21 37
58 10
74 0
57 80
14 51
15 79
87 48
88 5
47 93
48 6
74 3
10 94
1 57
20 66
12 90
51 1
95 45
66 1
35 58
55 73
8 17
73 50
7 75
26 21
1 64
7 81
94 62
15 67
42 38
3 5
8 52
80 41
24 47
45 72
7 65
87 15
52 0
97 0
2 69
70 44
22 72
63 0
79 40
53 74
25 44
33 77
48 23
6 14
6 69
13 30
1 32
56 54
52 18
88 78
97 45
27 89
51 40
2 43
29 83
43 61
65 75
17 64
44 59
84 72
21 29
80 50
62 3
29 84
90 99
18 37
97 33
5 0
18 76
6 0
60 92
28 5
73 41
19 16
34 72
83 92
50 19
70 59
59 6
49 33
59 49
80 32
31 21
60 23
3 81
78 42
35 5
6 45
81 16
99 6
54 53
82 55
47 42
62 30
58 73
14 81
58 65
1 3
76 60
98 74
29 81
76 91
18 44
84 82
31 17
35 47
90 37
26 53
25 42
20 99
75 2
0 84
66 95
97 8
12 20
42 87
82 66
58 50
82 20
13 52
72 19
7 84
45 76
27 75
93 85
65 87
9 8
63 72
65 70
93 74
74 45
87 54
84 35
79 32
95 79
58 33
58 69
55 17
20 9
92 19
74 22
38 2
5 81
33 91
5 48
57 18
8 79
86 48
17 19
60 39
1 13
84 56
69 17
75 77
13 50
69 33
59 23
89 12
28 6
18 48
57 78
98 58
29 22
29 18
57 82
34 29
99 37
69 22
65 69
40 80
12 78
55 4
15 14
78 87
11 61
82 6
79 12
7 88
89 20
49 55
52 99
2 39
87 0
54 8
36 61
74 46
52 9
23 96
99 13
8 84
67 0
97 94
89 24
1 18
98 8
16 78
43 5
24 61
51 41
37 44
45 85
30 99
86 19
99 70
56 66
27 29
37 83
50 69
54 2
70 23
8 77
19 46
3 85
46 98
67 74
10 65
46 55
57 77
73 25
75 40
10 17
28 51
2 89
87 98
6 36
69 74
79 27
21 75
32 2
27 1
37 66
53 52
78 49
22 96
50 96
9 50
88 49
79 21
83 50
98 9
1 80
61 47
27 43
39 95
12 66
69 90
44 5
71 70
50 60
68 7
77 55
69 20
67 91
49 5
63 40
45 70
87 22
15 34
8 64
54 78
49 27
13 97
12 32
71 0
38 55
13 38
94 56
72 97
48 30
28 22
66 81
18 38
5 54
48 11
45 38
37 23
55 99
17 85
20 42
56 60
24 44
45 61
23 53
63 28
52 43
89 1
67 64
89 28
57 27
27 8
82 39
4 53
67 25
80 27
39 8
12 3
87 69
81 72
21 72
35 68
26 27
21 70
62 69
27 63
36 18
74 59
6 79
9 25
48 12
68 92
60 80
14 76
1 96
70 88
9 94
63 84
11 76
24 74
57 15
12 51
57 44
26 30
63 16
4 18
2 17
59 57
59 27
22 68
13 81
8 88
16 33
72 35
14 62
53 3
45 83
1 94
81 71
46 22
59 38
18 88
24 66
52 97
39 77
88 3
49 74
58 38
47 87
19 38
17 0
71 45
56 15
90 6
63 41
9 66
75 42
71 3
29 17
9 88
74 33
72 52
14 96
71 46
87 9
70 10
58 12
95 30
13 26
93 49
51 93
25 83
41 81
48 43
41 4
41 50
23 55
26 33
83 70
1 30
91 98
77 54
15 35
45 66
64 16
59 88
32 36
81 76
86 6
97 50
29 33
98 93
77 87
81 25
41 94
41 46
56 24
35 24
77 60
14 18
70 4
58 22
19 1
96 86
76 90
81 43
18 13
3 26
81 9
5 2
31 86
6 73
93 79
26 45
7 60
3 69
37 86
13 79
3 64
82 28
8 85
90 57
92 39
60 62
46 80
28 35
29 46
94 45
10 44
65 85
30 86
83 67
30 94
7 86
97 93
95 51
69 95
65 93
60 40
70 87
60 68
45 58
33 98
71 92
49 24
55 14
85 62
16 30
17 20
38 44
27 19
9 74
21 47
12 56
99 5
91 34
74 26
21 27
13 95
75 67
49 80
96 41
52 28
64 57
23 7
61 44
13 28
96 39
60 86
63 97
83 59
14 12
38 90
23 39
21 56
46 58
32 92
31 85
41 6
65 53
38 33
13 10
99 89
64 26
64 14
67 58
96 65
41 76
36 24
22 70
2 82
75 82
98 29
29 4
75 78
29 49
25 48
44 69
54 17
48 50
57 22
59 50
27 72
70 92
75 61
65 57
28 64
98 42
13 42
98 35
78 22
66 21
28 68
54 39
54 18
48 31
11 43
34 44
97 66
6 81
60 93
34 95
43 14
11 52
68 53
30 73
95 46
78 62
45 35
14 36
59 13
54 24
34 28
70 60
40 91
35 46
24 99
20 31
19 51
7 8
66 16
46 92
97 23
68 11
79 43
12 26
34 67
89 45
23 6
85 15
42 6
75 91
0 61
44 39
13 51
70 78
42 68
4 88
57 26
60 97
11 87
68 81
2 26
11 62
32 91
71 10
13 5
37 22
14 57
11 39
56 20
95 67
9 59
5 89
65 2
78 6
40 49
23 80
15 93
81 64
28 25
58 11
15 44
13 21
43 29
94 21
97 44
36 79
29 1
32 6
61 81
4 12
65 55
33 27
99 36
77 37
40 98
99 68
33 40
64 53
77 45
23 17
39 47
13 46
52 35
53 60
61 15
74 52
90 55
73 83
66 80
82 1
97 4
45 3
64 99
9 78
79 16
0 7
34 56
94 13
58 49
13 96
91 89
19 9
26 85
35 20
58 24
33 85
73 72
50 46
60 51
13 71
35 97
50 21
77 83
65 47
44 1
40 34
35 44
16 25
83 0
85 99
96 87
0 28
28 47
33 86
98 17
14 88
65 41
94 87
77 34
62 15
28 96
93 52
14 95
52 64
68 72
87 32
91 73
81 62
95 76
52 68
0 15
88 28
68 15
3 49
41 90
50 71
42 49
72 51
49 20
89 83
4 96
63 57
84 86
9 82
13 56
53 99
23 71
55 32
69 14
9 53
41 38
6 27
27 46
56 48
26 6
97 20
99 86
36 43
67 17
18 6
73 70
66 11
46 60
94 43
36 45
16 96
66 68
47 11
2 95
1 73
2 25
9 77
66 75
8 45
65 26
14 39
82 21
78 41
23 9
41 21
11 31
20 95
81 74
41 17
98 73
69 9
91 17
24 78
84 50
40 71
35 89
96 17
18 95
40 85
49 99
74 82
67 52
63 53
74 85
85 6
74 21
47 13
54 22
4 91
57 0
16 74
49 4
72 12
5 40
91 13
98 19
80 91
53 96
84 9
34 98
84 39
40 83
68 1
70 86
22 13
66 32
60 10
59 46
34 3
1 25
28 54
53 76
38 51
82 95
41 0
