100
554 381 409 440 841 3 536 411 670 241 293 678 832 375 315 254 464 637 382 373 92 684 201 16 800 908 477 24 709 410 868 915 986 405 150 647 820 517 88 276 433 195 369 732 300 834 594 381 784 177 416 636 103 553 634 380 147 351 385 423 659 166 290 348 251 330 292 706 936 73 477 946 146 400 634 647 465 52 898 220 619 610 517 870 490 401 327 625 421 288 403 647 468 141 353 377 216 251 271 620 
20
431 743 669 516 988 23 903 375 138 145 656 1 151 779 790 15 648 768 369 678 
1000
37 59
50 6
42 79
17 50
4 93
94 31
24 63
27 55
44 78
85 41
33 38
20 38
50 71
71 35
77 28
37 26
99 97
98 88
68 75
60 93
46 57
0 78
85 1
38 13
72 86
36 39
11 15
95 85
51 20
3 97
68 83
18 92
75 88
72 10
45 12
44 53
67 23
22 76
73 31
28 84
44 20
55 53
53 83
33 99
68 18
10 46
42 78
99 72
48 40
77 68
90 91
78 82
82 22
61 75
17 33
61 92
92 4
38 75
63 6
34 84
39 19
98 69
54 80
27 58
63 40
6 59
1 96
37 47
31 37
88 13
71 18
89 38
7 55
96 66
71 98
52 62
55 68
6 10
42 53
82 36
89 32
3 25
17 34
46 78
45 41
38 72
78 65
72 6
13 15
96 9
44 27
14 0
41 48
10 59
20 83
7 51
34 61
86 73
52 72
63 74
44 68
9 36
29 63
73 24
11 25
48 3
27 20
57 17
12 91
96 45
12 59
49 48
10 19
16 57
75 4
92 57
50 48
22 71
67 12
68 15
26 14
71 40
28 21
56 51
75 92
25 32
83 17
19 60
26 24
85 90
84 65
15 54
34 24
54 90
29 1
64 68
83 81
19 62
67 21
29 99
79 10
58 0
5 9
30 85
93 53
90 9
29 12
24 12
97 58
11 13
93 9
0 96
91 20
72 53
43 56
31 30
30 69
48 60
4 20
34 82
88 39
78 97
90 23
92 9
96 20
4 10
73 44
83 54
53 2
37 99
91 35
82 55
26 25
95 37
38 65
97 59
56 94
67 92
77 74
43 50
60 15
14 37
44 51
62 50
78 98
48 21
32 1
99 3
47 82
26 56
16 24
11 35
9 19
27 48
22 33
67 9
41 93
60 89
38 39
48 84
64 73
59 17
69 78
79 31
81 31
76 19
28 45
73 40
84 15
42 21
96 13
53 32
22 13
56 0
40 32
53 84
62 33
90 27
89 69
9 43
31 53
98 37
8 61
50 33
22 43
54 70
36 7
81 91
40 50
52 99
15 6
68 27
26 19
64 98
43 58
35 53
92 6
50 54
88 54
8 83
50 90
55 49
13 83
46 48
8 52
61 89
26 69
90 63
42 92
64 51
90 44
9 21
70 67
57 33
60 26
69 67
60 22
20 79
77 0
83 21
79 53
15 14
15 12
10 83
8 10
63 7
8 20
1 88
49 69
10 16
17 14
42 60
82 87
47 32
65 85
41 38
94 26
49 64
19 47
70 22
20 80
32 35
31 54
30 78
79 57
60 6
21 23
39 97
6 61
46 13
52 76
74 15
39 40
68 31
81 32
88 15
9 52
86 65
58 72
17 69
96 40
85 35
40 53
76 69
74 70
34 63
84 18
57 61
58 84
85 46
53 15
99 2
43 84
37 15
92 36
87 30
89 53
19 56
40 79
72 98
76 17
92 83
31 44
81 87
82 95
78 11
92 56
26 64
51 27
70 52
18 58
21 79
16 69
92 44
21 86
8 96
37 67
67 42
95 76
93 1
96 11
84 10
82 65
26 98
49 77
70 77
52 4
57 43
17 61
87 44
56 72
4 98
14 69
64 42
3 86
10 1
47 84
23 91
73 72
45 10
42 16
42 75
94 66
43 30
65 17
74 13
58 68
50 57
27 64
88 16
19 12
99 50
34 69
25 7
97 79
84 23
33 8
31 83
27 23
20 43
61 81
2 49
38 69
74 88
20 50
54 60
67 6
5 46
19 7
30 60
95 80
20 85
8 24
34 54
43 99
95 11
59 44
12 64
76 70
93 55
93 21
98 23
90 98
8 51
11 17
92 39
5 43
3 52
48 61
62 90
93 59
70 47
20 17
41 87
34 51
74 3
20 47
71 7
4 60
91 56
30 6
38 40
79 82
38 30
36 17
36 8
65 92
71 60
6 81
74 80
8 9
45 80
69 50
69 28
53 3
63 3
96 32
75 17
26 95
96 2
36 66
34 92
23 71
43 7
91 55
69 31
16 87
4 35
60 88
41 66
24 21
72 9
79 14
95 7
0 42
64 47
94 86
36 70
45 2
42 61
71 86
48 30
68 17
73 65
33 28
46 70
66 90
96 61
10 66
44 43
13 3
63 35
28 71
88 66
36 29
38 27
81 55
47 15
50 3
60 57
41 95
7 94
52 98
73 81
10 37
9 11
7 69
68 25
42 39
98 24
97 64
26 85
24 37
38 46
38 92
14 4
44 3
95 56
63 33
44 33
85 19
55 37
69 4
45 74
56 49
9 89
41 52
95 81
77 21
84 69
48 79
72 17
82 49
19 20
8 42
57 24
60 94
88 50
85 45
58 13
44 25
41 63
36 60
6 45
93 56
37 2
39 83
71 31
12 96
92 27
18 53
55 21
80 1
67 57
3 47
89 4
79 77
26 70
20 22
40 36
65 44
21 8
10 61
41 5
53 70
71 42
63 23
45 5
7 56
64 55
4 81
97 93
17 56
66 74
36 83
61 88
39 94
94 79
27 91
23 68
71 29
22 49
81 9
92 85
22 8
47 94
52 58
61 97
0 75
47 44
54 32
2 54
19 32
43 52
16 6
87 66
81 88
12 72
1 15
61 45
41 74
16 34
11 26
56 58
48 97
40 68
73 74
42 96
97 43
97 20
30 61
4 83
23 65
62 11
64 28
62 15
58 39
81 12
35 93
81 40
3 40
80 92
70 83
32 21
6 2
27 39
73 67
84 68
11 55
54 18
85 24
54 29
64 75
66 73
88 37
3 80
55 40
54 7
81 36
68 70
2 92
61 11
67 5
24 78
71 24
40 90
64 74
96 3
85 62
44 79
24 1
56 52
36 35
80 16
30 64
75 6
54 37
45 18
68 29
67 72
16 50
99 35
1 98
90 56
54 87
14 85
73 1
26 91
67 0
99 44
59 7
51 37
45 65
59 39
72 92
31 85
5 14
23 70
57 55
16 2
5 47
27 10
70 16
97 24
95 29
92 21
89 50
97 1
53 41
29 51
61 29
10 60
89 8
94 95
79 23
34 80
76 53
23 18
12 75
37 22
80 59
27 47
77 44
99 34
24 96
79 35
47 89
10 31
49 57
98 44
43 24
98 22
76 3
94 1
98 81
95 50
75 32
66 65
66 60
76 67
40 0
1 44
45 42
20 0
19 44
83 38
46 94
74 86
80 91
21 50
60 51
99 69
87 7
35 34
32 79
11 92
74 52
8 14
14 71
4 5
39 46
45 4
64 71
29 11
89 2
59 68
47 83
53 37
0 52
69 93
56 73
59 36
31 40
81 37
68 52
99 77
4 44
26 30
50 76
38 49
7 68
7 66
20 25
22 63
68 82
61 46
34 44
85 13
0 46
93 22
50 84
50 82
92 30
12 20
52 85
66 27
93 48
24 93
25 91
14 40
1 67
96 71
82 31
77 45
20 24
59 81
26 39
78 89
91 49
79 46
60 67
2 1
88 64
75 96
5 38
31 5
5 53
6 55
3 83
16 74
30 40
25 80
14 31
81 57
69 64
27 12
58 3
3 38
21 95
6 77
31 21
79 98
26 13
46 32
8 71
41 7
31 88
69 41
17 16
18 41
66 72
49 99
93 3
12 83
42 72
94 90
26 61
85 74
69 19
84 67
38 95
11 81
34 48
85 39
59 82
59 76
39 64
31 36
81 62
10 28
22 42
56 60
68 13
17 45
15 56
4 84
90 25
14 86
90 35
25 19
13 65
96 70
99 42
53 85
51 47
78 25
1 49
16 22
70 45
93 96
80 10
73 35
75 10
38 97
11 32
77 71
6 65
96 77
63 49
36 37
93 77
11 46
22 14
56 28
17 29
28 35
39 13
99 20
34 15
23 57
26 68
85 21
13 50
68 93
42 35
10 74
6 28
33 79
22 91
23 51
41 44
37 33
81 96
37 61
87 22
63 9
6 99
2 79
77 76
81 46
59 78
87 57
21 13
25 35
21 54
31 26
27 21
49 85
84 66
64 84
48 77
51 87
93 51
55 98
47 10
62 8
63 97
7 2
96 31
58 35
13 12
20 64
81 97
44 49
85 2
10 33
54 94
41 6
44 69
77 9
13 66
72 30
34 11
72 3
3 36
10 29
56 39
2 47
56 37
56 80
79 64
6 83
81 25
0 1
51 16
93 88
32 69
9 62
75 36
39 37
59 48
15 3
77 60
15 75
27 83
8 56
44 62
13 14
33 72
13 4
4 96
81 8
57 63
96 88
38 61
65 40
86 83
61 16
1 6
8 92
18 1
11 73
66 17
98 82
27 80
85 86
63 80
61 27
52 80
93 78
69 33
27 18
73 46
16 46
81 77
11 75
85 34
43 61
45 11
13 41
59 34
82 41
58 30
93 18
34 26
86 53
42 89
21 72
49 93
50 38
39 96
82 4
62 96
99 19
2 97
37 91
77 13
72 18
98 6
91 44
91 34
43 93
99 41
87 86
17 70
63 13
6 82
33 27
34 40
44 39
