100
930 550 774 654 304 258 434 838 799 126 883 65 499 209 245 43 836 274 615 592 135 690 317 78 668 319 245 941 656 110 530 996 6 856 143 309 268 476 216 946 252 320 137 252 528 18 69 682 142 184 725 634 690 659 24 689 881 932 705 462 922 962 990 595 879 842 47 724 665 877 955 149 553 295 415 681 696 99 83 655 250 190 202 429 576 211 255 542 68 954 417 207 505 424 267 567 297 732 301 560 
20
153 223 871 895 432 26 153 47 714 568 484 997 530 61 158 687 574 792 822 141 
1000
84 28
26 8
2 22
91 5
23 84
32 21
81 44
15 31
37 70
17 79
21 69
88 2
27 2
27 78
33 51
88 8
27 69
66 58
13 79
6 68
90 14
90 97
3 20
52 20
91 28
72 24
96 56
82 78
58 13
13 19
29 31
3 96
6 12
51 12
93 65
28 82
79 58
66 43
34 71
61 47
6 87
51 13
3 47
70 29
37 66
22 23
6 35
28 78
24 77
45 95
96 88
22 96
67 91
32 84
74 31
15 66
55 48
76 89
31 77
10 7
17 42
5 76
4 29
59 46
78 70
51 78
61 52
86 63
52 35
23 70
58 60
17 74
89 63
53 33
26 78
49 83
52 99
59 43
2 19
57 3
94 7
83 57
10 32
3 12
86 96
69 13
89 48
45 58
97 80
26 41
9 58
86 54
44 24
99 56
32 8
20 74
27 84
10 15
27 14
36 98
89 56
72 38
17 3
5 45
86 85
82 32
34 26
6 39
18 59
72 84
31 48
56 75
80 7
18 61
73 8
95 93
15 55
72 31
48 70
10 38
52 90
55 18
76 37
34 37
75 91
50 8
95 5
8 0
96 73
15 6
44 27
39 53
53 85
3 52
20 68
62 92
65 49
42 67
13 30
27 29
99 35
45 43
96 15
56 53
77 23
64 16
27 85
18 44
23 79
47 12
51 22
77 37
62 93
21 99
62 42
84 94
38 9
7 76
25 54
44 51
16 94
27 68
86 28
97 57
43 89
89 3
32 57
59 85
28 58
88 41
20 35
21 6
93 90
43 53
68 25
23 60
37 3
90 23
70 16
8 35
60 82
94 80
15 0
82 59
75 21
37 43
93 72
5 59
89 34
94 88
37 88
28 7
44 60
8 34
15 95
21 24
86 32
17 61
50 99
80 89
1 74
5 87
99 22
37 99
7 91
11 20
58 20
52 2
40 85
30 55
61 69
74 53
87 33
2 37
98 51
58 88
43 76
64 80
85 16
37 53
36 19
84 1
46 76
45 51
61 33
49 2
11 61
35 34
44 19
44 29
79 61
90 42
22 55
20 17
84 87
35 10
99 17
51 57
60 8
93 24
29 37
1 3
11 73
50 22
67 0
89 86
45 22
17 15
90 98
41 19
33 49
53 5
81 45
16 45
41 53
26 14
97 51
90 51
71 73
47 75
96 95
81 98
55 32
45 61
30 21
48 3
76 15
65 72
24 84
76 51
54 49
51 37
50 11
53 22
37 92
32 52
26 46
83 54
54 59
64 8
0 66
39 83
22 65
3 85
4 3
38 89
92 15
8 29
16 4
30 47
25 47
52 10
62 59
37 0
63 73
55 26
99 61
43 96
74 51
29 12
25 71
87 74
15 23
16 98
49 92
68 26
9 45
12 88
27 22
26 60
57 46
25 76
48 4
27 42
23 7
99 76
19 74
81 91
92 0
66 44
14 76
12 35
69 66
58 46
9 95
78 20
36 60
12 50
45 69
71 51
4 19
42 36
0 84
46 10
88 67
2 8
29 66
10 90
93 66
56 43
74 5
12 2
11 62
77 70
65 43
25 36
71 22
44 63
80 51
92 20
57 49
7 92
80 39
94 34
89 94
45 42
65 8
28 53
89 30
45 32
25 3
67 61
57 96
59 8
34 83
43 88
96 61
5 10
39 90
96 30
26 29
24 3
36 67
8 95
34 96
42 4
47 42
74 48
7 59
3 35
43 9
16 82
51 68
68 58
38 47
50 77
88 66
16 62
45 39
79 21
12 84
38 92
95 10
65 23
96 19
96 0
32 51
36 78
97 82
58 26
64 69
72 90
4 46
74 9
12 58
87 28
48 32
18 65
0 9
78 62
68 89
12 15
68 7
29 92
66 5
83 61
52 19
58 90
34 19
97 45
16 2
3 69
65 24
95 35
59 2
49 63
51 96
23 40
57 22
53 86
51 27
68 59
4 79
7 54
9 54
13 24
77 11
80 33
90 56
37 96
18 53
92 46
62 94
50 21
70 88
32 75
68 70
55 67
40 47
48 58
59 12
79 18
82 76
66 65
93 38
25 58
73 51
51 30
91 74
78 9
98 52
81 67
8 47
55 41
89 26
70 95
93 98
83 26
9 31
85 30
82 62
23 76
89 79
17 19
55 52
15 41
75 31
39 19
13 39
50 24
73 5
66 73
57 39
89 2
69 20
84 75
87 55
90 45
96 80
60 35
5 49
70 52
72 76
46 87
51 64
0 91
46 88
14 62
77 75
52 21
45 78
3 0
54 13
61 92
9 21
16 67
5 78
10 1
48 95
42 48
49 87
45 1
26 63
58 93
27 79
17 81
89 52
16 15
24 89
45 77
16 6
89 11
24 75
48 62
71 40
35 83
29 91
70 0
92 12
83 4
42 94
37 11
61 65
27 37
37 83
15 51
93 63
73 33
54 18
71 90
2 70
6 54
2 26
38 7
38 53
22 83
85 21
34 54
18 0
61 31
79 81
14 95
90 89
91 39
92 55
31 19
76 62
93 78
17 65
25 23
73 50
68 33
58 69
26 17
33 39
71 16
48 35
1 71
79 70
46 44
74 25
25 98
99 43
77 83
43 15
38 52
70 73
89 29
22 56
49 16
31 16
32 92
86 42
17 86
71 27
27 40
10 89
69 9
79 36
18 30
99 13
26 51
67 56
86 61
65 7
65 91
87 73
75 12
21 57
20 73
95 32
19 30
24 54
26 27
41 2
33 41
54 1
60 48
81 26
75 17
52 46
0 71
83 94
57 34
64 25
38 2
24 41
41 51
25 81
12 30
31 98
26 31
44 32
49 75
68 41
12 24
67 44
83 81
2 47
38 42
28 20
12 13
16 75
86 25
72 14
78 29
40 95
29 59
96 54
44 30
12 72
33 83
45 64
77 1
67 69
77 47
82 58
0 49
95 63
50 15
80 67
58 10
13 68
90 66
79 62
56 61
31 12
36 27
58 5
40 21
27 28
23 36
67 89
32 18
38 99
5 28
99 88
35 66
20 81
99 62
0 1
83 87
98 9
21 34
37 74
72 64
22 36
71 46
83 30
66 45
7 69
78 1
39 87
50 65
9 16
35 82
72 66
68 28
17 96
70 60
48 11
84 63
11 78
95 98
74 73
5 94
9 53
81 73
34 38
22 76
27 98
60 18
75 88
47 28
74 95
58 89
95 25
6 80
10 24
46 75
62 53
23 86
1 72
39 69
37 31
66 84
18 72
89 55
98 57
4 80
81 34
76 77
24 39
18 27
99 48
70 50
12 93
80 27
82 55
56 45
11 97
73 47
95 67
46 61
98 42
96 13
13 37
16 26
54 27
62 37
22 47
41 95
30 53
45 50
39 23
98 8
89 82
57 19
22 68
67 15
21 68
46 0
67 65
54 31
59 95
19 79
20 54
58 4
17 16
57 72
85 22
33 84
37 57
70 92
54 28
50 76
27 9
15 87
44 96
4 98
3 10
49 17
63 69
65 21
22 94
65 79
72 43
42 24
97 62
98 50
4 94
2 74
78 99
59 69
43 4
56 83
4 53
78 67
6 29
20 56
81 60
17 57
96 69
81 31
37 65
27 56
64 75
18 41
29 3
77 61
1 6
63 85
87 29
34 62
12 74
15 64
66 36
15 26
11 10
10 99
99 87
42 73
64 1
21 7
6 73
91 58
86 33
39 40
30 84
16 74
75 20
96 76
93 60
90 80
62 32
0 45
29 77
76 6
90 8
24 81
62 3
60 64
16 1
9 36
52 12
49 18
42 16
42 56
62 55
58 86
85 15
28 88
34 9
7 2
15 79
63 75
22 86
62 56
47 43
9 3
31 63
11 86
44 56
37 21
77 13
81 35
55 84
73 15
97 16
71 55
17 30
55 76
57 7
61 41
40 11
85 0
65 62
82 72
6 32
59 24
77 38
58 99
40 48
21 4
0 54
11 79
6 5
46 21
5 34
5 89
86 94
35 1
13 98
70 65
26 57
2 50
50 6
25 11
8 75
69 71
64 43
23 53
88 14
67 94
82 91
20 80
68 48
87 92
5 38
44 87
64 77
83 32
23 75
18 98
10 31
0 25
11 36
71 57
87 20
10 74
44 99
17 56
70 15
47 51
4 27
34 2
45 88
70 33
30 33
73 78
20 16
16 51
26 75
19 22
40 81
26 92
30 69
83 97
73 16
76 9
37 69
23 14
46 25
91 4
50 61
97 9
17 47
11 93
44 98
81 76
44 48
47 50
66 20
70 40
32 63
60 62
28 15
82 6
37 4
91 38
65 64
24 97
5 24
94 96
84 39
41 9
28 57
18 47
57 0
60 57
25 59
55 81
95 61
21 88
23 93
16 40
20 97
40 82
52 37
18 20
34 60
3 67
33 88
83 23
81 66
27 93
9 64
26 23
14 94
66 67
82 11
47 45
42 21
46 15
35 15
12 20
67 5
4 12
14 83
63 30
61 91
5 56
61 74
21 44
18 15
47 67
96 74
62 0
46 14
85 38
