100
82 338 218 287 957 460 613 415 496 849 483 23 0 464 819 183 585 847 401 64 946 42 309 68 506 592 358 24 426 421 825 818 503 424 88 376 730 286 659 714 283 683 722 84 901 130 920 840 198 898 555 54 397 770 256 963 208 194 360 194 866 943 289 452 533 642 427 262 171 735 755 920 398 98 331 337 187 852 174 108 921 478 179 187 824 57 579 534 44 424 326 725 247 954 494 5 293 130 732 239 
20
139 623 108 293 91 841 913 684 465 195 448 493 856 525 683 281 308 791 563 974 
1000
55 71
79 91
95 68
28 30
8 11
66 20
20 54
88 23
81 38
26 85
31 16
73 79
31 56
76 16
91 8
49 51
25 41
61 52
94 58
93 33
61 25
33 39
33 44
28 19
61 21
68 70
42 79
53 49
35 64
45 17
60 73
98 78
74 53
21 56
26 54
41 15
47 91
97 70
26 16
59 99
72 88
93 84
68 67
16 72
45 18
99 87
49 41
5 59
81 80
97 57
50 75
36 14
84 16
2 4
60 69
88 7
2 71
1 71
77 63
99 62
31 11
30 68
55 30
98 68
46 61
42 50
9 39
54 83
34 43
72 75
10 87
22 57
43 78
32 92
70 40
97 1
6 32
30 61
30 26
5 44
44 68
31 26
78 90
32 70
76 31
14 52
86 29
23 64
59 62
32 64
76 28
28 9
16 0
39 74
40 60
86 53
38 35
96 35
74 99
48 14
61 84
41 82
69 96
94 14
83 84
47 13
98 11
71 31
23 3
73 2
7 27
54 88
18 56
67 88
76 78
68 61
38 91
95 87
63 58
93 52
92 56
92 82
67 98
22 0
67 76
11 52
11 5
26 79
94 91
58 35
15 82
65 99
32 71
41 85
98 44
11 85
92 0
90 91
76 4
37 86
12 68
13 25
73 74
30 3
38 44
76 40
12 36
67 53
68 94
24 51
66 23
38 73
2 37
66 22
5 41
52 25
14 57
21 69
92 47
35 6
92 90
72 74
90 27
26 11
71 66
6 46
13 80
22 23
74 87
26 90
24 44
98 39
59 23
20 27
47 56
29 30
98 34
72 92
1 64
19 14
66 56
39 3
17 90
75 64
23 43
52 96
10 39
81 91
41 36
85 72
23 99
8 34
41 2
54 0
63 15
67 61
84 92
74 54
12 38
73 56
43 97
49 6
11 48
96 63
60 71
24 81
79 38
89 98
85 89
33 7
48 7
87 82
91 1
64 6
35 27
40 3
58 89
33 95
0 35
59 84
58 74
4 54
31 82
99 82
23 35
19 87
22 50
79 7
11 10
72 17
20 77
38 78
47 96
92 31
83 74
14 61
56 64
40 2
0 49
46 65
71 95
43 5
76 81
61 16
22 64
76 19
55 84
54 8
67 6
0 4
99 46
51 86
48 5
81 72
57 84
79 51
13 42
97 34
43 92
73 75
41 17
54 63
65 83
85 79
30 43
24 3
72 26
28 60
35 97
86 80
85 92
97 90
88 34
17 69
81 16
73 61
94 60
81 25
10 23
30 45
85 29
96 19
61 29
24 29
64 94
70 85
71 42
20 81
19 0
6 44
44 56
72 99
5 57
95 46
50 60
70 65
63 48
6 75
53 88
7 28
44 66
11 65
23 80
20 99
94 74
36 60
9 90
24 73
9 71
45 62
58 41
48 47
7 3
72 2
35 52
78 99
57 30
98 56
7 34
88 12
94 9
30 69
93 21
13 38
47 6
12 25
64 53
92 99
94 11
88 26
43 21
0 18
17 99
47 57
28 83
22 78
13 37
14 89
95 54
56 45
50 58
76 48
41 26
41 42
30 81
93 5
63 94
13 92
86 47
99 57
15 2
51 6
79 68
48 38
55 56
19 65
23 71
74 90
56 62
42 48
17 20
29 28
40 11
52 32
77 1
53 92
58 46
34 91
76 21
34 39
81 78
62 50
62 61
68 17
94 95
66 60
8 6
31 24
34 64
79 3
72 93
80 30
61 26
13 55
99 70
82 20
15 50
68 97
12 95
25 51
87 64
17 8
52 47
51 53
16 66
45 46
52 37
85 66
7 56
95 90
97 10
95 89
77 36
22 40
98 2
91 87
29 83
34 24
72 79
52 63
59 70
6 94
50 83
8 18
18 19
32 97
40 16
27 71
35 9
99 18
89 64
5 45
11 69
58 49
55 26
33 73
33 13
64 46
1 53
8 42
12 61
84 50
9 88
8 99
14 59
84 77
90 48
32 89
28 4
73 29
55 57
32 59
75 51
60 24
28 71
46 94
1 58
66 58
77 78
74 28
93 94
16 44
67 51
14 33
68 16
36 28
34 33
84 19
2 63
78 5
50 21
68 92
52 55
66 92
16 80
28 25
32 51
41 76
84 48
46 47
20 72
4 61
47 87
15 65
65 87
45 47
76 34
48 23
56 49
22 43
77 90
1 35
72 86
41 52
14 87
26 10
24 21
75 79
89 69
75 23
71 80
73 14
46 22
38 51
33 42
28 16
54 69
44 96
98 30
65 38
27 60
47 0
73 76
18 49
2 56
93 27
7 58
45 74
3 87
34 17
59 77
93 25
94 88
23 8
8 57
5 24
11 47
91 99
16 70
32 21
27 80
78 54
96 13
16 27
60 90
76 99
18 38
97 50
5 3
64 11
8 0
7 52
2 46
39 65
17 10
42 20
52 83
21 64
83 99
27 69
66 63
15 86
6 17
56 35
99 43
38 27
6 91
10 72
10 91
90 42
47 20
21 57
24 9
3 92
43 98
10 33
22 60
31 35
50 91
74 57
52 62
92 23
16 10
40 65
59 55
30 9
32 31
75 13
13 66
59 53
0 90
80 40
71 56
82 89
8 73
69 78
35 39
61 63
26 82
85 35
97 87
76 83
82 34
97 54
57 59
5 82
46 56
72 46
76 52
82 57
77 37
17 28
46 34
21 16
95 37
83 51
29 25
46 16
28 45
50 87
90 15
37 48
53 35
9 76
25 39
31 59
77 13
19 98
63 22
43 80
60 41
44 41
12 50
75 19
62 71
30 19
36 92
61 88
68 49
98 73
71 59
97 84
69 23
75 93
34 56
72 71
65 56
45 82
67 62
76 45
93 44
88 81
39 4
58 70
19 36
79 33
86 0
23 45
18 67
3 15
88 96
14 46
98 69
30 17
53 23
44 4
76 1
32 24
92 44
14 75
94 96
97 25
29 45
96 67
99 3
40 20
44 53
71 33
10 88
24 83
4 34
23 76
84 63
36 39
70 74
29 77
89 81
22 98
40 74
29 26
87 73
16 86
24 87
19 85
43 3
94 3
7 92
55 9
92 37
13 89
95 5
18 28
28 42
98 63
6 70
87 71
32 22
5 2
26 51
61 17
56 95
59 73
93 42
18 40
75 65
75 82
93 14
62 66
18 36
69 4
24 96
47 27
96 43
25 83
50 74
70 27
53 52
75 40
45 77
8 93
14 65
25 16
64 47
66 75
52 20
1 6
15 94
87 92
22 49
0 24
28 91
46 13
89 46
50 3
53 31
56 26
78 24
64 78
32 77
20 50
30 38
91 65
37 79
16 14
83 59
44 64
7 90
10 61
59 75
26 36
12 53
95 59
18 3
39 54
51 9
57 88
1 29
13 31
12 67
7 8
3 73
81 19
88 24
17 24
51 59
4 70
36 57
27 53
20 64
48 8
66 32
5 86
37 90
94 24
45 25
2 28
68 54
96 46
57 85
81 69
21 71
8 65
43 24
9 59
39 60
84 5
60 48
21 48
39 15
16 82
37 38
90 30
79 47
2 58
32 88
73 46
62 29
46 31
44 85
5 89
28 69
2 21
17 77
66 94
61 9
87 42
67 58
55 3
17 59
58 53
36 85
54 49
99 56
57 87
20 7
60 47
37 14
21 8
79 92
68 76
69 84
9 74
86 64
51 99
9 10
70 38
44 17
56 43
31 12
21 55
21 27
41 33
58 77
32 36
65 96
66 50
66 41
49 26
7 68
21 39
82 48
61 8
65 81
72 8
36 98
78 82
33 21
50 78
71 92
18 53
51 50
86 98
79 18
46 68
51 4
73 50
79 50
45 19
81 61
99 77
71 11
48 0
78 20
96 29
42 27
64 28
17 11
86 57
97 52
80 5
71 43
73 85
87 84
25 34
0 15
18 61
29 23
98 1
29 93
59 69
30 82
10 56
53 32
31 66
79 94
48 95
3 84
67 34
87 1
49 61
64 79
53 98
55 10
12 48
78 75
36 65
91 88
1 22
51 8
12 75
17 84
36 3
62 34
50 23
64 81
37 78
26 50
2 24
84 88
13 94
72 49
27 0
49 20
3 2
29 78
86 78
34 0
19 86
59 63
12 43
79 14
51 1
46 8
69 2
60 33
95 14
76 29
50 93
13 86
68 47
90 18
96 12
60 65
98 66
56 58
23 2
87 88
25 63
95 76
91 33
89 51
55 77
99 38
2 80
86 38
20 60
21 44
40 17
7 60
75 29
3 28
66 27
22 73
11 80
56 75
22 19
86 52
22 59
19 2
40 94
52 6
66 81
13 91
84 68
57 44
56 50
12 44
12 29
94 8
71 51
64 55
12 73
94 18
39 94
54 70
19 80
99 86
14 81
34 48
11 93
89 73
37 81
50 36
8 24
37 28
69 15
55 50
4 92
65 45
92 98
91 22
62 46
45 80
19 94
9 36
83 78
5 67
25 85
45 32
82 2
68 73
29 40
88 8
3 13
84 78
39 51
55 31
99 32
80 26
53 11
