100
409 316 328 297 105 646 247 896 738 76 781 242 721 329 368 85 333 237 98 718 773 247 420 582 874 753 943 284 829 933 581 155 243 240 545 151 363 400 334 920 131 474 79 113 650 174 640 513 403 225 923 613 968 552 211 178 791 797 975 583 205 89 773 575 698 972 875 414 844 774 293 339 783 420 273 624 183 106 418 882 261 336 142 342 631 829 263 956 542 784 915 41 881 954 584 7 273 112 152 292 
20
140 978 639 644 703 166 171 388 917 612 644 450 626 448 987 940 960 886 21 370 
1000
88 19
51 67
43 30
71 41
12 66
14 68
84 52
4 58
56 64
45 66
8 84
48 96
71 51
61 4
86 13
25 68
16 23
91 31
24 90
99 23
29 68
19 26
85 60
89 3
15 87
40 81
24 98
53 2
65 77
0 91
49 84
74 98
50 46
90 87
17 75
68 59
8 89
55 52
97 21
71 20
0 85
6 81
10 88
6 80
14 54
19 90
94 46
30 33
46 95
42 29
27 89
89 21
31 59
89 68
42 44
13 57
92 11
72 19
20 96
61 11
45 25
4 47
60 75
22 94
8 86
84 90
16 84
78 11
13 0
42 58
35 54
51 43
3 7
2 56
69 82
83 8
44 55
65 54
68 3
64 61
69 46
6 86
53 86
69 91
50 85
91 33
36 8
88 49
14 77
43 17
25 63
5 54
36 95
74 16
64 55
98 34
33 19
66 89
37 98
27 67
75 89
91 59
64 3
47 17
3 93
54 74
80 65
59 65
54 61
1 58
30 80
92 86
57 65
4 84
0 97
6 70
73 63
24 81
58 14
28 29
12 29
3 8
4 33
35 83
41 40
23 4
24 64
40 67
35 0
11 80
72 31
54 92
58 77
75 3
18 93
48 84
98 26
81 59
39 72
20 12
79 63
34 76
52 14
85 1
12 6
8 60
83 94
35 2
23 15
19 65
49 32
10 76
18 43
44 31
16 27
87 73
35 61
77 41
26 3
88 64
2 39
43 26
44 17
89 31
31 93
19 41
78 6
57 31
86 70
21 51
39 47
94 92
0 7
57 74
9 4
28 23
49 57
39 58
84 64
67 63
67 96
33 80
88 30
67 55
69 20
23 52
49 5
59 61
20 46
75 70
6 30
86 27
34 77
51 3
15 39
50 60
40 32
13 45
63 45
12 42
76 97
90 44
64 40
5 61
91 67
66 84
44 21
61 95
18 3
64 73
1 55
89 29
60 7
26 81
42 81
96 81
19 4
87 98
28 32
7 98
31 27
27 76
35 3
8 30
77 0
58 25
21 58
32 15
69 63
14 82
5 45
17 4
29 50
70 16
85 95
58 22
85 24
50 54
37 58
69 3
44 37
47 15
85 4
51 20
71 14
88 93
67 92
17 40
12 56
53 96
64 82
99 79
60 13
70 60
44 50
38 82
82 60
10 93
9 6
75 49
52 8
33 2
58 82
25 41
75 82
99 4
45 15
8 12
29 7
73 86
51 52
58 54
4 86
38 31
29 17
2 94
26 54
94 73
12 31
80 23
6 41
37 87
59 19
65 78
23 92
95 4
49 46
5 90
29 33
33 69
26 57
10 48
88 25
56 40
12 52
62 86
54 75
10 68
59 51
11 3
82 11
19 45
27 4
19 32
97 84
26 85
0 75
83 31
45 96
17 25
29 98
11 47
95 93
32 58
66 10
73 46
12 11
22 76
48 88
16 94
35 41
56 67
81 64
46 64
13 90
76 75
72 66
49 40
40 16
28 54
65 2
24 25
32 7
5 38
61 52
22 21
5 3
43 49
70 67
5 68
61 33
63 4
93 72
85 52
91 5
88 39
92 59
76 21
7 82
86 93
30 31
63 55
82 71
41 83
83 10
74 46
1 82
15 49
30 86
34 10
52 77
65 53
92 37
38 34
82 89
3 44
44 84
98 62
48 22
62 7
60 18
45 32
45 97
5 56
67 90
57 84
43 38
99 43
76 79
43 78
97 33
75 81
58 60
29 83
17 84
58 40
53 5
55 86
60 3
21 66
11 43
73 53
26 20
11 42
16 5
52 28
34 85
21 27
83 36
75 97
93 74
37 24
44 67
53 0
13 63
36 62
27 17
58 70
78 33
83 81
9 14
63 74
66 26
68 21
81 12
73 24
87 72
35 33
91 16
36 46
62 33
98 16
38 18
42 28
73 48
65 0
33 24
3 67
93 87
46 15
95 70
60 41
83 37
78 89
60 56
9 24
20 19
35 7
47 60
92 7
43 6
11 84
57 67
81 23
86 51
25 4
30 85
46 98
9 82
27 37
31 22
1 44
46 59
73 74
60 16
49 27
16 29
39 78
0 6
31 62
34 69
43 79
72 89
72 43
56 53
69 31
92 8
90 7
64 86
14 2
56 91
25 0
94 82
64 6
78 67
95 22
30 49
76 3
50 11
36 28
73 8
78 79
46 90
31 81
73 61
57 63
75 90
17 96
41 78
24 44
49 55
17 55
74 20
48 92
92 74
7 89
43 37
89 30
84 29
87 52
6 39
30 14
52 7
14 61
54 76
78 35
81 67
27 43
51 94
50 1
45 18
35 96
38 51
17 8
21 14
55 33
15 86
29 97
12 64
70 30
4 60
47 86
56 42
58 2
9 60
1 70
32 59
8 81
99 32
69 76
81 2
23 48
47 64
6 13
66 31
30 45
42 34
37 89
45 7
1 67
47 61
45 71
56 71
38 6
11 60
27 29
66 23
58 28
91 70
6 62
32 71
91 72
32 4
20 55
83 82
96 36
93 64
56 79
88 2
17 49
16 49
28 45
52 46
45 33
77 54
90 6
35 67
90 57
27 30
25 14
68 92
76 48
37 35
38 72
53 79
85 90
62 53
36 48
61 86
27 65
11 93
69 65
43 55
64 4
42 14
65 93
43 41
20 21
97 37
67 39
40 60
61 94
43 69
86 99
4 34
19 37
52 2
24 2
79 31
56 95
86 0
66 62
55 34
25 30
46 34
78 90
63 2
49 1
85 25
76 15
97 88
55 32
57 39
6 20
59 98
63 5
93 9
44 98
76 39
12 24
41 33
87 44
2 3
26 22
2 92
66 38
82 65
87 19
32 47
9 83
62 72
71 35
89 13
13 52
59 48
9 52
93 97
52 65
1 9
18 35
48 90
99 77
9 70
20 67
10 6
85 22
99 60
59 57
47 24
56 34
49 4
56 10
73 30
50 58
96 68
88 74
9 91
42 13
92 97
55 62
21 43
29 41
52 82
87 38
57 61
42 7
66 81
30 38
49 6
5 58
67 18
16 66
71 30
78 44
13 20
78 59
53 69
18 83
26 55
6 55
9 72
98 0
95 90
5 66
84 78
6 97
50 4
21 78
18 76
58 87
40 0
40 86
72 67
91 13
16 26
2 5
84 35
78 3
61 1
59 86
38 10
70 4
44 15
22 27
2 17
41 47
25 7
64 9
54 37
82 57
85 41
34 62
32 25
96 90
93 2
69 51
62 19
82 2
18 87
0 66
10 8
70 48
31 86
27 80
94 27
18 23
65 76
45 41
4 89
94 58
7 66
34 65
56 94
25 3
56 89
90 80
36 61
69 58
62 4
34 36
76 23
57 17
38 8
33 64
14 46
37 26
11 14
47 71
10 75
40 74
99 82
62 37
14 43
72 3
31 52
31 15
42 46
18 89
83 98
54 32
75 93
42 38
78 80
6 27
51 26
92 5
53 37
35 69
69 72
88 34
30 62
59 12
48 93
84 12
39 21
99 41
56 69
84 9
74 95
30 32
71 97
18 41
16 0
75 40
98 51
45 84
32 0
35 59
48 42
77 75
93 4
25 72
97 57
85 16
17 87
47 90
13 70
66 3
87 42
50 76
60 78
49 51
57 92
44 59
22 54
86 41
84 65
90 72
93 25
26 27
53 32
96 79
7 5
63 22
68 80
25 19
52 60
88 75
21 0
53 25
57 51
19 68
55 24
16 41
68 69
57 77
39 3
67 86
14 17
14 87
52 10
94 34
53 44
4 40
15 28
43 61
80 61
16 3
50 75
27 0
95 65
27 10
77 90
1 15
62 82
2 41
70 27
21 81
84 31
73 95
59 80
87 28
92 43
68 22
67 48
31 90
86 74
88 5
32 12
16 11
20 70
53 16
73 5
12 18
11 28
76 12
0 37
45 74
29 0
16 81
72 27
95 24
9 46
83 49
33 14
20 38
51 41
55 57
70 74
67 8
8 33
61 2
75 51
52 5
53 33
91 29
98 6
47 73
67 46
8 63
8 16
25 8
16 86
25 86
7 9
0 54
38 85
28 30
64 13
10 95
56 26
17 0
22 24
92 93
29 48
93 77
70 61
68 43
28 13
17 30
2 40
92 42
49 99
0 23
78 4
29 24
27 25
12 78
87 24
52 49
38 95
87 61
24 45
13 79
75 39
28 78
30 92
52 32
66 87
37 40
39 79
67 5
23 61
48 4
98 27
99 38
89 26
29 75
55 95
5 23
24 40
86 42
91 30
46 16
20 72
36 14
86 34
24 0
62 25
53 4
19 66
1 65
82 87
64 29
63 37
74 85
58 88
90 86
20 28
16 13
95 97
29 67
65 68
48 74
5 83
77 82
51 19
24 30
31 37
13 93
55 47
92 83
49 64
18 47
77 96
38 64
98 9
98 20
85 61
78 75
68 76
37 36
8 42
41 57
87 63
55 5
76 45
94 33
16 54
87 86
28 95
0 28
45 94
49 66
65 29
65 74
39 74
36 7
56 23
94 5
