100
250 98 179 708 272 734 529 841 189 252 768 593 278 540 827 557 256 245 788 825 537 194 518 973 811 86 818 663 267 434 405 622 750 190 410 867 959 161 917 490 326 413 984 71 16 809 29 729 218 290 31 834 382 937 157 210 530 974 383 598 933 763 968 413 209 184 210 673 798 708 66 555 720 652 461 826 165 247 508 681 818 658 961 44 453 103 108 555 399 134 843 467 37 731 870 520 45 96 958 899 
20
306 380 992 357 886 253 404 592 215 903 52 119 488 249 247 150 728 670 79 996 
1000
90 59
24 39
52 99
61 71
19 74
92 25
63 66
9 80
43 95
97 45
31 7
77 33
65 27
84 24
81 57
0 80
32 89
34 85
27 81
38 26
14 38
2 98
52 87
18 94
87 4
23 62
30 72
16 31
28 93
11 42
33 48
56 36
60 34
53 57
45 13
77 3
3 81
34 71
0 97
57 78
87 86
96 79
41 53
26 66
28 15
76 72
63 92
61 13
19 53
93 27
28 79
66 2
24 80
13 57
18 85
85 28
15 44
0 40
75 74
24 9
37 68
84 2
38 32
45 48
78 0
43 3
2 96
53 27
8 21
24 13
22 9
25 69
0 23
7 30
54 91
30 24
19 41
49 68
22 2
22 13
64 81
19 47
72 15
14 70
22 57
28 86
53 70
50 18
37 91
39 45
93 62
12 23
39 90
56 99
39 76
39 79
83 9
92 41
77 5
84 97
64 3
37 49
27 45
75 73
11 15
19 52
90 78
53 14
64 1
51 70
32 87
17 81
14 42
65 2
9 94
82 5
48 21
68 85
10 3
90 18
39 22
50 54
85 2
68 6
87 19
86 75
71 2
84 23
13 32
14 83
0 2
37 29
69 78
66 42
29 4
31 28
99 70
39 33
22 31
37 43
15 25
77 69
90 89
71 83
36 69
0 7
74 80
95 85
53 61
6 5
69 44
89 18
40 77
63 57
89 64
23 22
57 68
7 49
90 68
33 71
35 86
87 74
95 44
77 83
10 73
50 51
85 32
93 24
80 61
24 58
22 30
22 37
96 90
5 83
25 23
38 82
74 41
9 11
6 28
1 72
20 83
98 13
39 37
61 31
93 41
57 20
27 38
65 85
70 45
96 12
19 65
28 94
38 89
68 1
99 47
40 19
32 40
19 88
85 10
99 53
10 67
14 48
25 45
87 3
34 89
73 17
55 96
34 75
90 60
31 85
44 30
51 46
44 31
76 86
49 57
53 18
88 44
22 98
43 31
92 67
54 82
95 20
22 12
45 42
73 83
21 25
72 54
64 48
39 28
82 77
68 88
76 59
98 44
83 42
83 78
43 20
7 5
95 96
71 79
2 93
54 69
49 89
80 99
55 53
58 19
68 99
29 68
2 67
59 63
27 1
23 29
98 42
87 65
76 2
51 9
60 2
76 3
53 3
46 33
54 64
32 1
53 0
75 32
56 67
74 28
45 32
46 44
91 15
36 89
25 53
85 27
46 5
18 8
43 28
58 56
72 31
38 91
35 54
16 98
72 91
1 71
1 84
30 29
98 81
75 5
5 84
52 81
80 40
23 30
38 4
49 99
80 71
34 62
72 11
22 21
38 65
75 43
81 0
73 56
89 46
47 26
47 6
47 54
17 89
89 9
56 45
52 57
71 37
92 33
1 75
56 33
31 94
22 55
88 29
85 17
72 53
29 78
98 55
45 20
82 94
19 13
26 27
9 75
92 39
19 99
60 13
33 5
24 56
30 85
58 59
25 37
2 62
78 40
14 17
85 64
24 70
3 16
37 10
96 21
99 58
25 87
68 91
61 77
79 87
71 64
98 97
47 66
26 44
12 54
19 68
60 79
6 32
51 73
86 31
3 26
21 2
72 97
54 17
21 33
16 74
35 46
19 54
75 78
86 22
51 59
91 76
82 53
26 79
85 13
12 74
66 56
31 23
87 92
54 34
24 86
38 45
34 15
21 38
22 5
14 58
93 47
3 80
13 43
86 93
23 36
23 33
58 86
20 90
31 68
29 8
10 30
54 2
69 23
64 31
36 9
94 86
99 31
4 58
48 26
75 84
90 66
84 43
76 70
12 75
55 97
0 19
14 95
77 71
10 36
13 64
26 16
98 21
35 43
69 14
4 60
70 16
68 10
7 54
74 61
22 36
0 5
71 9
60 83
51 65
69 17
78 47
43 56
59 81
24 0
49 52
3 40
71 16
91 29
93 46
3 71
22 60
28 29
68 93
31 49
67 32
59 3
46 56
7 2
74 47
81 63
72 89
81 95
66 11
98 5
78 41
99 71
61 78
75 10
57 93
10 64
43 82
61 50
96 51
34 2
48 35
98 28
86 14
68 76
0 92
16 59
0 14
96 70
72 85
24 54
16 43
54 76
30 68
96 26
23 39
23 1
63 65
92 29
18 4
66 43
74 63
86 89
63 20
52 31
83 56
34 11
39 86
48 43
56 95
85 76
36 94
10 2
4 41
45 96
46 11
4 2
64 73
9 18
81 80
83 79
79 31
89 80
13 73
96 66
96 47
39 1
20 86
50 4
58 37
26 15
11 0
85 39
7 48
87 50
14 37
6 89
54 4
14 96
34 25
37 93
2 87
29 64
94 89
34 93
96 92
34 99
48 40
64 49
5 1
78 31
89 68
36 48
58 12
52 14
57 30
71 18
38 97
53 11
86 10
63 5
51 89
33 70
8 13
16 33
26 50
70 85
60 12
92 9
97 54
32 8
96 10
94 71
97 96
1 54
64 87
75 41
51 60
55 35
19 20
78 26
76 44
7 45
83 36
94 56
17 43
6 80
94 68
38 2
35 20
90 34
75 87
76 34
92 11
74 72
76 26
56 78
21 11
7 36
27 32
0 4
37 63
48 42
42 19
78 77
92 3
83 51
52 30
16 42
73 45
6 85
30 41
78 92
16 90
52 29
55 44
39 81
77 9
37 73
27 6
79 23
53 24
1 56
69 61
64 99
46 49
66 16
98 52
1 95
91 74
35 10
11 61
1 96
58 52
0 79
42 12
68 87
61 59
76 62
61 95
84 7
18 61
82 16
14 33
89 15
93 17
85 66
94 24
78 46
66 60
69 91
12 56
35 71
34 24
15 47
46 53
71 54
16 55
17 18
52 50
55 77
23 50
55 91
77 75
59 77
38 52
26 75
91 78
1 88
24 20
51 17
8 33
42 54
31 87
50 32
1 83
14 21
56 63
78 88
86 73
21 85
5 58
91 48
60 76
3 73
5 31
82 1
39 41
27 55
53 7
99 95
83 75
73 24
81 76
0 13
87 84
98 85
18 34
28 47
81 65
89 24
38 36
96 32
9 73
27 21
57 56
46 41
14 41
9 69
24 1
23 57
48 16
33 57
33 43
95 62
21 54
1 65
79 53
28 77
56 26
66 45
5 34
22 76
29 89
15 38
70 82
44 47
93 89
39 77
85 73
59 67
26 32
29 48
10 22
57 58
53 2
88 47
29 96
12 99
99 10
66 35
54 59
96 41
99 81
98 82
24 12
17 5
90 73
22 54
38 53
60 28
96 40
31 67
65 69
6 15
16 11
28 62
85 4
85 62
11 20
87 26
17 16
23 63
54 9
29 62
57 41
85 48
44 60
14 64
85 87
74 24
92 27
36 1
67 96
93 4
37 1
42 27
92 15
38 79
55 99
52 68
31 40
0 1
49 34
33 19
53 48
25 81
1 66
46 77
15 18
20 62
62 83
69 10
18 76
96 36
4 65
84 17
54 40
27 52
74 66
37 55
24 99
97 51
49 95
54 84
57 24
74 95
17 35
11 2
16 56
47 36
81 40
27 62
81 16
17 49
38 83
93 58
78 79
5 99
65 37
7 28
76 98
29 61
1 90
92 70
12 89
1 94
84 9
72 80
30 81
32 60
52 83
67 63
7 68
58 68
79 63
89 53
22 7
76 51
19 49
36 97
63 46
12 98
24 98
77 67
99 15
94 48
90 0
17 28
82 50
82 2
78 1
67 66
22 48
76 20
84 4
11 67
89 42
23 85
98 54
98 67
12 84
98 11
32 39
56 98
85 35
38 20
34 10
51 1
8 84
2 33
72 32
4 27
20 18
88 57
80 53
73 79
28 59
12 1
23 5
2 17
8 17
26 52
42 99
89 67
62 44
94 32
33 49
68 15
97 30
34 33
75 57
60 5
21 43
26 74
68 22
4 69
66 75
36 67
78 17
81 51
24 69
89 41
48 4
10 41
6 52
24 64
12 62
6 63
8 77
56 64
48 3
75 4
98 90
25 96
35 61
97 85
46 39
3 45
88 72
51 22
24 77
41 80
10 43
34 58
48 5
66 99
78 38
71 68
82 52
94 15
80 15
18 11
28 45
62 46
1 43
96 16
6 49
17 45
43 65
62 16
9 17
51 95
48 97
63 42
51 7
3 1
58 64
15 1
28 70
53 31
39 72
25 31
61 24
97 64
38 98
50 20
91 65
57 15
14 8
67 60
60 18
78 53
41 22
34 84
75 98
80 17
31 13
95 77
14 98
40 47
52 13
33 25
56 44
90 91
80 56
79 14
79 21
88 51
83 26
90 7
16 88
35 75
39 97
51 48
3 31
25 57
17 92
92 90
91 63
90 45
61 48
1 50
47 58
58 31
60 50
35 8
63 53
7 72
89 27
67 50
85 55
21 87
89 52
17 3
26 94
96 85
97 75
81 21
12 73
69 20
42 80
5 89
82 61
83 59
78 19
72 0
1 61
94 63
6 40
95 5
7 88
