100
677 760 816 6 660 288 985 261 704 209 197 177 983 910 319 244 955 70 93 790 517 622 315 296 845 478 287 44 765 141 394 370 869 161 249 900 651 153 166 550 865 53 762 179 125 674 438 812 495 498 163 778 737 159 34 967 538 856 357 121 470 829 639 752 325 579 11 824 711 647 252 458 592 629 524 96 656 963 111 514 352 876 785 616 224 772 433 459 829 287 25 312 142 609 531 791 35 560 729 619 
20
186 519 987 501 743 932 459 47 942 626 678 713 652 297 116 547 326 824 412 90 
1000
11 58
76 58
41 84
99 62
35 18
1 51
26 16
48 49
36 30
56 33
15 49
73 1
50 99
60 27
80 92
79 55
45 2
75 99
24 62
84 59
78 27
59 77
93 76
54 30
82 81
88 69
64 62
97 61
17 98
55 32
76 91
14 77
24 14
55 21
52 22
29 44
60 46
28 2
68 31
22 43
17 81
56 66
48 31
99 39
71 99
9 64
69 99
53 45
33 5
61 9
75 64
49 57
87 33
99 73
36 29
66 85
58 59
41 34
37 98
6 28
76 82
85 64
6 17
74 16
34 10
59 70
38 44
85 32
5 84
50 7
88 28
63 64
81 19
7 73
66 35
29 85
17 28
95 2
20 67
31 92
86 97
79 42
66 67
45 97
35 85
25 39
73 3
89 46
36 11
11 99
2 58
6 18
29 33
98 74
41 39
44 76
10 22
87 57
47 56
78 15
83 41
79 22
77 34
42 92
96 63
87 41
24 52
56 12
90 19
84 94
27 0
5 3
84 38
88 11
9 63
11 55
35 78
36 86
7 41
16 29
23 53
89 36
63 84
30 77
83 4
52 60
35 22
65 8
47 51
89 47
42 3
22 16
28 0
14 40
0 64
28 94
39 53
51 52
19 84
50 0
57 35
74 60
57 33
76 34
64 56
21 84
17 85
40 39
28 68
53 98
60 17
54 94
60 44
90 41
60 42
47 39
13 81
61 41
47 16
52 25
92 45
61 70
92 20
59 53
13 79
7 74
64 32
2 72
1 25
51 75
63 66
70 36
27 8
26 32
8 96
94 44
41 64
76 11
2 86
15 35
46 44
65 97
7 60
24 54
27 63
6 1
86 43
44 77
59 20
81 58
96 44
17 41
44 13
41 11
18 39
15 31
51 30
5 37
56 97
59 62
41 47
54 13
66 13
92 47
96 62
31 63
3 66
74 40
36 91
54 75
66 57
4 30
51 95
1 89
28 85
33 15
93 51
67 72
31 83
62 4
68 54
62 66
32 0
6 90
24 86
58 39
50 92
0 76
32 98
66 5
78 49
70 60
95 96
20 76
17 12
8 37
2 27
88 1
79 67
43 35
55 95
9 16
25 43
67 57
57 16
49 7
28 25
34 3
87 68
92 72
56 22
4 5
59 78
10 1
52 76
5 16
57 15
98 90
37 41
68 49
15 10
49 62
32 40
15 24
95 70
43 53
77 81
75 1
62 86
42 72
13 90
71 3
61 59
6 70
84 72
7 85
27 48
88 71
85 26
56 88
91 48
77 32
76 69
80 30
55 63
74 49
37 99
17 38
69 49
49 31
6 75
21 85
62 22
76 92
44 89
81 40
49 30
78 93
49 53
34 73
2 56
44 73
62 93
21 71
65 47
91 72
8 67
87 15
90 18
10 16
35 23
31 55
57 53
82 15
49 24
40 96
68 83
36 5
19 5
90 58
17 88
85 83
6 8
1 35
20 9
5 53
81 42
74 17
28 20
85 56
98 8
6 40
32 63
59 54
97 57
81 64
16 44
29 86
91 44
49 34
18 84
83 88
77 22
18 36
11 84
45 8
54 0
4 7
67 2
45 68
53 74
3 31
54 45
95 75
92 54
0 88
51 41
41 63
91 69
53 87
39 51
22 88
3 7
39 36
31 95
90 48
26 92
98 21
85 0
11 89
7 1
72 26
26 66
3 92
70 22
3 36
39 95
72 99
59 82
77 92
64 23
64 78
82 84
73 76
99 17
13 7
95 99
17 86
92 90
47 31
51 65
4 40
8 38
57 9
92 85
71 79
21 94
2 59
42 78
45 38
83 47
24 46
72 76
63 5
68 77
48 39
4 9
17 65
63 16
15 43
41 66
75 93
67 16
38 35
12 69
73 23
44 0
94 68
67 92
53 99
4 54
47 40
14 4
17 69
15 34
26 57
20 56
4 55
72 23
43 84
64 38
63 89
97 5
58 30
58 69
84 0
96 59
87 31
77 97
65 76
72 62
44 71
17 25
98 29
42 83
84 73
69 74
70 45
17 75
55 35
3 57
15 44
52 50
47 24
6 69
51 0
6 82
53 97
23 66
82 50
84 87
12 30
52 85
80 0
52 13
27 15
70 27
58 56
52 57
97 99
42 18
95 53
96 82
67 1
42 88
38 18
28 59
73 12
11 43
66 68
78 55
95 16
99 5
47 77
29 1
52 8
17 52
17 3
5 42
35 25
91 57
28 87
32 81
79 17
17 9
71 51
30 86
32 4
25 94
67 49
42 99
55 93
69 20
95 25
71 28
94 85
70 17
38 83
95 12
30 47
57 69
51 80
41 56
38 65
80 37
81 1
44 43
6 37
83 94
8 73
53 12
23 81
84 7
43 71
17 94
67 12
50 48
27 81
98 88
40 36
38 14
78 34
77 80
33 77
96 55
23 62
65 1
96 56
78 0
49 83
94 55
79 69
79 92
78 65
29 14
88 73
68 56
59 81
70 8
7 59
44 22
31 37
2 98
49 88
95 97
58 33
12 94
10 71
80 34
34 33
53 24
44 68
55 57
13 62
83 48
20 37
24 96
20 48
60 96
17 37
91 28
93 32
16 50
60 19
2 13
59 67
78 29
50 47
14 97
5 14
89 58
68 30
23 38
13 94
19 82
13 98
27 97
46 28
48 32
8 26
78 83
59 43
13 42
22 55
65 58
1 66
21 7
50 4
16 18
12 41
80 81
31 33
77 51
36 14
6 94
17 5
38 77
81 28
37 45
31 10
98 63
17 49
38 25
2 79
98 68
15 65
41 49
80 62
60 25
78 20
21 41
34 96
14 59
69 8
36 93
27 52
82 10
80 14
62 90
27 55
13 0
90 28
7 27
26 88
47 53
37 54
94 14
11 96
54 21
3 95
39 60
78 43
1 74
56 14
10 79
93 71
41 68
19 23
25 40
68 4
37 32
43 8
53 36
53 19
47 14
88 41
25 80
67 0
51 7
43 76
60 49
29 43
11 70
43 20
3 49
43 80
99 77
21 45
51 76
27 62
40 87
79 16
17 39
11 80
74 73
69 92
43 19
79 24
90 31
3 45
29 59
98 84
66 38
69 35
47 48
33 70
6 83
25 41
80 49
4 31
89 6
41 3
94 70
75 8
26 21
77 19
7 39
86 5
82 21
58 48
38 72
66 71
49 42
40 56
45 78
73 94
36 41
44 61
2 21
71 25
80 18
38 24
69 87
33 79
89 12
35 53
28 72
39 8
47 79
92 78
75 0
81 49
87 51
52 33
19 29
47 75
39 14
70 3
77 54
71 36
29 53
32 87
10 47
33 25
20 24
68 3
44 74
87 24
10 27
90 93
72 81
43 0
60 57
71 18
31 25
15 62
27 28
22 75
47 70
69 46
57 98
11 44
24 98
9 74
56 52
2 76
32 34
47 60
82 87
50 75
40 80
23 16
63 86
77 85
77 79
67 97
77 29
71 48
33 19
0 61
40 52
1 96
93 70
71 39
16 36
88 34
32 78
44 72
74 55
63 83
50 62
92 93
17 80
76 98
28 61
7 75
62 45
25 79
10 48
23 71
41 9
76 5
25 44
96 14
52 0
9 71
72 54
58 57
27 18
23 31
18 73
76 67
72 98
59 27
85 36
59 5
32 73
79 50
12 2
3 27
47 2
18 47
36 74
12 48
17 13
44 97
86 71
34 31
94 36
51 54
84 24
56 63
36 19
76 32
49 97
51 99
33 35
93 16
1 42
46 47
5 75
50 42
13 31
33 59
33 99
21 65
14 57
66 55
45 35
13 36
73 30
73 69
98 44
43 23
76 99
82 37
9 60
4 67
53 89
67 58
66 16
54 47
8 80
27 46
94 11
88 20
70 35
22 27
98 26
98 14
37 22
56 32
67 7
23 2
85 45
61 85
62 79
26 33
82 52
93 45
64 12
96 28
58 12
85 33
81 96
72 34
53 63
72 20
92 60
5 27
14 81
12 18
35 64
83 20
49 45
68 58
93 98
92 89
30 48
31 43
0 3
39 59
81 67
4 49
48 23
80 46
50 60
69 97
41 96
48 3
21 6
80 48
63 99
82 54
10 81
36 82
33 55
32 52
14 7
4 51
59 31
52 1
71 73
1 68
11 0
30 33
28 40
53 82
37 21
98 80
21 32
99 74
36 90
22 42
76 36
31 96
32 27
91 1
38 15
3 1
52 69
4 93
43 1
39 29
25 32
47 6
40 35
81 43
49 5
70 72
65 20
36 84
95 52
53 58
8 74
57 43
26 68
44 67
90 16
70 90
26 14
79 26
93 20
57 8
26 52
70 40
97 90
48 93
67 25
90 94
78 98
45 25
91 66
65 53
49 85
11 59
13 57
22 50
6 31
30 3
80 74
26 35
4 79
33 91
64 57
82 8
92 83
90 21
16 39
93 15
71 31
25 21
39 93
7 64
14 91
70 16
19 97
87 63
12 0
75 73
13 3
10 17
98 20
85 3
77 0
69 54
24 6
43 92
54 61
57 10
