100
956 50 619 772 830 117 2 742 438 446 616 568 492 701 585 287 37 303 593 98 213 613 583 925 113 894 815 873 664 390 830 40 484 223 830 137 73 51 697 772 230 753 818 862 760 813 247 653 96 889 378 157 123 843 141 691 472 685 601 108 905 694 670 704 483 241 927 772 284 550 742 623 890 129 876 847 8 175 982 604 73 377 733 188 519 187 450 443 554 793 368 260 223 590 196 659 608 85 949 470 
20
837 382 403 322 249 130 994 132 142 577 417 301 702 325 702 186 880 770 411 67 
1000
67 17
34 62
39 57
71 52
98 26
57 73
58 9
74 50
85 91
24 34
58 70
2 27
7 41
14 4
99 90
37 73
11 34
90 58
43 21
67 55
33 35
35 38
7 5
42 95
50 37
74 78
96 46
17 19
77 64
6 29
11 7
72 76
47 2
68 58
26 70
64 88
74 7
42 34
31 89
67 74
56 58
57 33
44 5
43 17
67 2
67 72
2 6
14 16
3 12
34 22
57 65
24 71
91 13
60 92
39 94
57 24
97 2
50 52
54 55
90 87
57 80
32 89
89 55
29 25
55 91
90 3
13 67
79 81
8 27
19 36
49 87
95 26
53 13
90 51
75 77
79 20
97 38
21 93
63 94
84 72
28 24
40 15
81 70
99 44
91 27
10 93
80 82
32 5
1 73
62 73
40 11
89 63
40 60
62 53
47 44
70 53
18 80
0 12
41 74
1 94
78 40
23 75
50 67
62 43
76 6
71 47
30 76
10 37
75 73
61 7
5 18
26 75
79 76
18 78
84 4
30 39
13 45
46 50
59 15
56 53
66 64
63 43
90 44
83 31
19 49
8 31
92 7
8 51
38 6
60 36
27 36
42 27
38 7
59 42
2 63
74 9
74 56
42 40
76 49
47 65
17 64
64 1
60 10
68 9
28 51
77 90
67 68
10 32
64 18
9 69
13 51
28 43
72 46
96 82
43 81
3 1
21 4
54 82
96 73
76 13
90 41
69 45
82 60
26 33
13 3
33 75
13 98
25 62
16 36
6 84
42 93
78 10
33 21
38 78
90 42
20 76
17 83
16 83
55 90
65 23
70 5
28 23
6 18
76 84
39 64
60 24
94 74
94 8
17 57
49 29
65 80
23 9
85 16
41 57
80 30
76 5
24 4
2 45
70 29
23 89
58 45
18 37
61 36
16 65
64 42
25 5
97 77
69 8
57 32
2 31
82 3
90 57
12 92
59 35
14 23
86 67
34 68
96 15
47 77
17 84
69 83
71 50
55 21
42 29
91 63
2 10
63 75
61 71
75 42
30 8
21 58
57 93
69 52
47 67
12 67
57 62
48 38
24 26
42 96
98 4
17 89
51 57
74 32
31 55
44 63
38 55
74 77
26 38
59 61
80 52
14 9
10 17
70 74
8 46
69 59
76 95
14 1
55 58
20 35
30 54
32 37
20 96
0 95
34 16
63 35
7 68
71 19
4 25
1 60
56 15
39 45
88 15
77 80
64 68
82 1
49 52
14 96
80 19
26 18
53 46
71 11
85 77
34 90
63 97
67 35
99 94
35 83
3 46
55 43
37 4
2 51
52 6
22 85
18 63
68 42
51 44
87 34
19 61
73 27
69 77
25 53
82 74
6 68
65 21
7 75
8 33
32 2
9 13
52 70
54 23
26 86
70 89
97 61
40 3
69 33
65 20
33 41
39 99
2 65
83 15
26 10
64 74
38 90
56 88
57 56
7 86
61 77
20 13
22 12
50 60
97 59
17 85
55 44
6 54
14 79
72 5
43 39
65 49
46 74
81 68
74 89
0 73
77 98
8 99
10 79
37 92
28 36
30 20
81 22
70 83
98 2
20 23
12 82
71 39
69 40
44 95
90 24
61 22
3 89
87 67
29 13
66 72
65 95
82 15
57 43
1 96
25 47
14 64
82 39
32 33
85 73
89 64
89 40
99 92
32 15
23 94
42 12
0 1
5 64
26 11
26 94
66 12
43 0
21 83
7 56
32 4
20 47
37 3
63 37
21 47
69 41
83 38
66 89
15 86
2 33
57 12
68 96
72 36
58 95
20 99
13 14
63 59
23 30
23 47
71 95
86 36
42 53
80 74
26 40
23 1
41 60
93 68
96 3
89 71
5 38
21 85
59 3
20 80
73 9
39 95
30 32
18 28
47 18
69 93
0 7
72 41
14 6
45 99
48 88
67 51
34 63
87 18
72 22
8 86
80 41
64 95
7 69
70 33
91 23
92 23
10 61
30 28
30 94
61 86
24 91
69 80
68 88
46 23
66 74
0 74
77 22
8 82
2 22
2 16
32 77
1 55
75 65
71 53
49 31
42 98
1 95
48 98
49 96
13 6
52 58
79 22
28 37
47 32
42 13
12 40
12 85
96 80
39 11
69 95
56 80
48 72
34 58
20 11
95 41
91 87
1 11
49 43
45 1
14 72
20 32
46 79
79 54
93 59
36 15
87 60
5 37
89 52
3 94
35 52
71 98
98 7
41 51
39 27
38 77
95 98
88 77
76 8
78 46
37 85
82 50
78 88
40 38
99 81
95 46
18 79
53 49
49 8
27 52
78 93
8 91
20 63
16 9
20 73
79 12
25 66
82 70
47 95
46 5
34 23
32 59
47 57
97 27
37 65
57 16
44 69
57 30
51 81
82 24
2 35
50 19
42 32
19 28
12 34
75 39
3 50
92 78
60 61
63 80
25 27
33 94
61 26
27 63
85 78
46 32
77 49
98 18
2 39
14 71
54 72
61 2
97 39
72 15
42 80
92 69
0 52
31 28
30 99
37 13
80 13
31 63
38 66
59 44
53 69
17 8
86 95
56 73
23 95
73 22
69 43
28 94
14 38
18 75
29 35
34 96
40 54
23 90
82 83
94 84
36 87
56 30
0 80
35 97
71 10
4 69
50 33
27 37
56 67
64 13
78 76
56 85
32 9
42 52
63 92
87 76
34 93
19 25
70 48
55 39
91 86
93 39
97 3
41 68
25 12
37 97
75 79
36 83
50 44
96 65
33 93
83 1
73 52
30 0
81 23
23 69
4 68
63 38
24 66
66 10
55 86
60 96
28 6
79 98
12 65
8 53
10 56
9 56
20 8
90 1
98 43
68 83
19 27
7 94
94 88
12 31
31 62
25 49
79 5
31 48
82 32
35 48
20 71
54 99
72 38
88 17
35 57
16 40
27 81
23 25
5 82
81 26
59 67
36 80
37 67
41 37
64 8
83 84
43 92
65 15
54 51
17 30
41 91
45 96
45 73
1 86
44 20
0 47
23 29
8 10
51 3
24 1
23 66
58 36
22 88
22 45
43 12
92 57
49 62
87 23
38 4
44 62
17 76
46 85
48 41
49 74
43 24
26 0
22 4
93 97
92 47
40 62
10 44
65 81
82 38
51 73
6 89
5 24
85 76
18 24
51 63
23 11
82 65
33 16
43 8
25 59
92 38
49 91
11 70
2 28
75 97
94 52
56 86
0 82
54 31
30 59
16 38
83 78
91 12
77 10
94 48
91 39
13 78
55 9
15 5
91 67
60 37
88 29
71 55
30 64
75 56
15 58
94 69
91 3
8 72
78 89
68 71
21 77
36 32
39 41
59 19
89 24
87 73
60 21
34 74
69 3
32 94
10 82
33 9
17 25
21 96
57 70
83 67
39 61
52 18
2 59
50 25
44 64
46 26
92 51
65 48
8 12
22 62
68 73
16 50
7 26
18 83
19 5
25 54
71 59
88 92
67 53
32 6
19 0
28 20
87 79
24 31
98 94
62 74
76 74
20 25
5 52
43 79
71 6
37 61
50 68
21 7
43 77
90 37
31 51
98 0
81 59
9 44
39 13
13 88
45 60
71 41
51 32
59 56
5 6
19 64
1 2
39 80
57 9
48 58
79 17
68 48
75 55
5 17
98 32
32 27
54 71
65 10
93 35
89 39
34 85
88 0
3 85
52 23
68 16
31 27
43 11
37 16
4 46
85 90
79 61
67 26
23 45
93 22
17 33
28 70
89 4
66 82
1 42
14 15
4 70
37 51
21 41
9 19
62 86
27 13
37 88
80 37
90 0
30 55
89 11
9 64
5 73
62 33
38 56
70 3
56 42
85 18
39 16
52 97
15 93
12 83
84 93
30 49
84 25
54 67
70 47
93 3
83 7
83 22
10 58
34 10
4 75
51 26
81 93
75 25
77 8
25 94
59 27
63 98
34 27
98 93
90 68
46 63
53 0
44 39
81 84
37 83
51 64
61 72
31 10
38 85
34 60
43 73
70 7
23 58
21 91
85 25
34 30
64 40
78 58
88 65
48 87
0 97
81 2
2 12
28 97
94 56
6 30
60 7
65 29
48 81
1 62
72 12
70 42
73 72
12 55
31 25
7 91
0 32
89 83
23 6
95 59
75 71
25 44
69 89
31 76
87 3
61 25
84 79
40 14
82 61
74 20
59 73
51 43
93 25
88 70
28 42
79 55
66 61
13 44
34 1
24 99
64 10
46 98
26 19
75 69
19 96
54 76
94 13
42 84
25 92
42 2
69 56
61 41
1 6
88 86
40 56
36 25
88 34
60 62
49 50
10 33
72 79
12 52
15 4
64 16
63 81
37 57
1 61
54 35
5 78
5 29
73 31
96 18
67 25
78 77
34 48
59 39
91 16
67 39
56 39
3 15
30 53
15 13
50 72
8 70
15 26
63 52
2 14
3 63
76 42
88 74
59 36
89 26
95 5
13 5
47 15
75 8
20 57
58 5
57 96
