100
147 597 363 586 570 622 415 93 395 253 251 785 877 26 757 819 0 248 941 386 309 99 674 514 790 118 433 941 563 331 858 788 269 490 62 652 782 483 52 711 124 84 833 73 731 977 436 818 265 430 393 160 79 438 14 833 305 945 364 687 53 44 265 144 564 549 156 735 258 324 538 231 382 440 222 719 777 60 164 336 911 569 383 913 443 141 380 536 319 248 967 530 312 365 691 573 834 959 355 573 
20
297 511 252 997 318 490 677 955 224 693 580 813 461 677 84 136 931 926 710 519 
1000
43 53
60 57
3 72
82 15
10 93
44 89
52 63
12 59
90 84
73 28
24 42
7 28
58 33
98 72
19 29
90 25
7 63
27 18
23 72
47 59
13 3
15 29
67 21
28 64
46 95
99 62
83 74
85 59
97 63
69 99
61 10
48 89
64 38
18 34
2 4
77 58
2 92
96 70
55 17
55 6
79 26
5 24
45 17
81 12
0 44
90 72
25 43
83 58
77 8
11 52
42 10
64 13
69 22
76 10
84 52
22 23
95 45
8 9
34 52
59 90
56 95
60 27
19 34
32 45
60 75
32 96
7 97
65 48
32 47
76 69
81 83
49 96
27 30
23 13
8 93
16 77
76 34
83 29
41 52
84 49
29 69
24 94
31 59
57 46
16 60
74 12
36 8
65 2
56 52
81 65
34 90
2 10
80 45
64 25
75 3
64 61
59 7
23 14
17 72
16 94
1 8
40 3
0 59
34 93
78 82
75 14
10 62
8 71
15 80
56 30
47 19
70 20
63 86
61 0
98 79
33 36
40 27
9 3
65 95
16 14
26 19
46 48
27 17
37 68
40 31
95 39
80 68
33 54
90 77
73 94
36 6
2 93
35 68
92 90
17 16
88 15
66 56
13 29
29 20
49 73
0 50
27 64
1 97
91 2
64 3
27 55
15 35
84 8
75 20
68 84
21 37
42 82
75 55
14 89
19 39
30 37
37 33
13 60
19 5
71 44
52 98
24 72
42 40
46 56
25 53
28 29
15 43
47 87
78 87
8 80
17 87
8 0
89 4
52 26
5 51
69 94
80 89
82 38
10 97
51 76
8 73
39 82
3 96
71 18
57 27
61 34
49 1
17 60
42 72
29 81
80 29
43 74
90 97
71 15
40 72
8 17
17 37
85 55
79 38
4 3
4 83
88 79
65 7
2 57
58 69
59 19
10 99
39 43
88 51
84 91
27 56
13 67
5 39
26 22
46 90
97 72
99 7
36 56
8 21
54 70
87 40
82 3
13 98
53 40
64 91
6 63
38 93
34 94
62 36
78 16
21 98
17 85
45 61
58 12
95 33
3 68
40 88
12 85
26 24
60 10
58 5
21 69
58 23
14 51
37 47
75 83
38 90
15 39
87 95
41 7
85 27
92 79
47 5
53 81
90 20
87 88
7 96
26 2
80 96
29 89
95 99
57 32
27 11
95 17
99 83
47 49
8 59
60 67
11 89
87 41
42 58
4 49
13 38
8 96
36 74
82 24
22 76
48 52
10 17
30 99
21 50
9 43
5 30
6 24
91 98
68 55
79 59
64 71
31 82
59 14
27 26
53 32
99 36
67 54
26 36
53 5
23 76
69 68
23 10
86 91
4 69
58 34
58 65
94 97
69 19
5 76
31 7
78 74
56 28
33 84
7 12
24 85
48 45
21 40
45 21
38 15
13 96
34 72
79 39
79 76
75 28
70 87
59 56
60 18
88 73
82 22
25 50
31 76
27 67
69 38
6 1
31 54
8 99
53 15
88 14
57 67
53 85
93 21
29 39
46 74
4 74
68 79
71 89
91 7
64 52
18 84
44 84
93 12
6 2
82 56
38 75
4 12
93 17
80 25
59 89
70 37
48 38
96 58
25 1
52 73
68 9
42 36
13 34
86 70
87 97
37 87
49 67
0 20
7 88
62 52
67 96
69 6
70 64
4 24
96 48
89 20
34 62
6 4
88 54
60 62
11 62
84 58
25 68
92 22
48 12
53 9
52 81
39 62
78 11
26 86
26 8
33 63
1 91
88 0
30 79
47 91
80 56
3 26
8 45
23 88
93 76
50 92
12 26
49 92
6 59
86 96
62 28
39 38
37 80
65 80
37 5
57 66
57 23
75 72
86 67
37 60
15 89
31 66
82 36
93 43
31 92
6 13
74 72
7 57
99 82
65 3
10 47
36 81
65 78
92 91
15 55
76 32
98 3
98 0
90 47
25 28
78 45
58 75
24 69
65 90
92 51
60 84
12 6
21 9
33 99
50 99
19 48
20 73
18 3
55 29
40 24
97 69
56 45
35 62
88 80
37 74
40 19
77 14
70 40
0 9
59 45
30 62
92 47
1 65
93 0
59 22
24 41
51 9
36 4
44 77
16 8
81 68
3 99
18 76
79 18
89 61
38 26
46 32
38 91
11 66
86 65
1 77
79 60
78 28
74 91
85 58
47 51
66 78
14 50
40 90
28 76
97 78
46 5
94 29
96 23
73 77
72 61
73 19
51 48
33 77
30 33
96 24
47 72
4 29
19 22
50 62
54 39
16 79
12 61
79 35
84 54
85 74
85 93
73 57
14 94
48 57
52 22
59 29
99 67
80 74
4 58
52 96
52 93
50 23
50 46
14 92
26 68
99 27
18 25
39 98
78 88
49 56
30 8
95 14
0 34
88 29
63 71
24 2
36 92
47 2
62 18
46 17
30 39
27 98
62 97
99 14
42 0
99 84
20 30
11 86
30 44
69 15
83 18
20 88
83 33
99 23
50 98
61 15
77 65
46 23
11 25
13 93
5 66
89 96
34 99
74 69
19 15
33 12
48 23
48 3
34 46
6 84
33 18
9 65
95 44
16 15
29 87
47 62
18 5
43 57
57 59
29 98
88 93
76 67
40 96
1 52
59 9
22 47
10 54
57 0
10 44
77 24
53 29
22 72
66 90
4 35
35 71
24 64
96 78
1 51
43 46
40 29
3 28
8 62
71 38
91 72
89 32
5 54
68 22
15 79
12 89
92 40
14 39
98 14
26 21
85 30
52 40
94 83
20 85
94 32
43 23
19 11
60 63
13 8
23 39
96 65
85 77
66 89
24 48
74 53
1 40
30 42
9 26
97 50
7 16
62 29
87 60
97 85
86 88
2 76
57 47
14 57
78 93
4 51
79 3
97 6
71 97
66 10
75 99
59 16
43 49
75 10
0 86
33 20
84 7
13 65
3 11
11 5
3 94
14 67
73 78
40 41
56 96
63 55
49 94
60 98
65 0
90 56
21 64
73 98
52 47
41 50
73 45
12 65
42 96
1 31
82 71
9 67
52 61
43 16
20 96
67 48
86 10
14 55
42 54
30 49
44 75
61 58
94 26
98 46
6 64
1 84
1 19
76 64
49 68
59 3
77 98
79 73
62 84
2 45
43 18
64 36
67 91
4 55
76 39
67 39
78 24
35 76
64 39
78 79
70 93
32 43
61 68
28 34
29 44
80 62
31 83
47 70
16 31
77 87
98 19
98 74
42 52
30 80
68 7
86 19
45 41
33 47
21 5
40 81
24 46
53 71
63 31
86 82
53 31
58 91
66 8
18 35
29 36
16 36
74 24
21 46
89 30
14 56
29 60
23 32
75 15
63 69
83 16
1 28
90 96
88 32
22 4
34 73
24 16
71 62
67 23
46 55
45 57
90 10
74 89
49 81
70 81
62 7
0 23
26 30
35 26
98 38
52 69
61 38
75 68
13 55
50 96
85 95
34 31
63 65
32 30
23 20
10 15
79 63
44 8
92 87
81 77
28 0
65 61
70 95
6 11
67 79
85 35
87 69
59 52
80 72
69 62
71 86
4 42
49 89
42 13
64 18
66 17
40 82
17 47
24 31
58 11
12 5
70 52
45 49
58 52
27 47
92 88
29 14
61 80
70 41
32 75
46 31
80 64
11 49
67 28
21 55
72 15
37 61
31 79
44 35
43 89
3 69
91 60
17 29
21 57
11 9
41 63
41 44
64 32
95 26
51 25
43 7
44 85
35 74
43 2
79 61
17 56
78 35
53 67
10 58
92 10
15 84
11 26
11 56
10 69
24 33
27 94
69 20
36 93
46 75
57 10
16 91
61 54
81 60
8 48
6 26
37 56
75 1
42 62
3 34
44 36
78 18
1 16
46 54
13 97
84 96
41 37
25 76
49 5
9 50
2 48
2 40
53 45
55 22
54 30
43 91
9 86
10 18
58 32
64 63
65 71
24 65
87 80
91 52
79 10
13 27
26 48
14 36
66 91
53 66
71 81
27 7
46 14
76 83
73 64
75 65
62 93
32 36
38 84
59 44
89 84
5 73
84 97
79 91
66 37
9 1
85 69
20 8
71 83
43 44
87 65
29 30
17 3
10 37
94 79
53 70
65 79
65 74
37 92
98 32
65 76
96 94
28 69
95 47
57 71
87 75
76 33
57 33
67 89
8 12
86 89
85 65
97 2
17 99
26 51
63 28
53 22
49 79
75 33
30 83
77 12
34 14
49 7
21 97
60 9
51 63
23 12
60 36
39 37
17 14
89 82
44 40
10 14
81 80
91 68
46 69
36 98
21 34
76 62
19 7
17 64
83 35
55 80
43 69
10 34
95 69
26 14
27 54
38 4
49 38
52 74
86 39
50 10
34 42
45 14
61 66
45 5
42 2
77 59
99 39
73 38
91 4
3 63
62 6
79 25
62 61
51 83
23 34
41 20
77 32
13 77
21 13
80 77
54 2
88 18
0 27
93 24
89 23
