100
410 607 596 603 238 768 787 700 682 413 465 431 884 97 453 326 475 490 582 186 864 361 683 541 388 415 244 205 102 382 424 531 326 623 724 150 33 80 585 156 35 832 767 163 75 243 839 710 350 295 552 151 751 94 655 978 862 884 69 238 809 230 770 535 216 900 684 22 79 82 847 633 136 4 561 2 422 594 394 898 198 404 319 666 313 497 387 469 366 593 839 523 72 366 546 542 248 664 819 956 
20
581 825 98 687 367 993 713 663 994 607 340 614 210 662 320 96 739 948 494 882 
1000
35 59
82 46
3 19
66 23
61 52
49 96
81 92
96 21
99 96
35 28
72 76
84 78
44 87
94 23
27 51
96 8
81 69
66 68
62 42
65 68
37 53
88 75
90 17
71 58
63 87
52 13
8 69
73 44
80 29
44 89
36 46
84 53
62 30
58 82
4 93
71 59
54 82
55 13
57 92
60 74
85 73
22 58
11 59
4 68
18 48
39 55
45 89
98 33
21 38
63 12
67 92
58 21
36 1
53 20
82 63
38 96
4 43
92 94
46 98
93 68
5 51
98 3
40 69
91 65
14 0
4 28
21 54
5 78
12 18
0 79
58 78
50 26
73 49
97 10
3 17
85 78
13 71
51 23
44 6
87 15
12 36
82 88
16 83
26 13
13 93
18 88
9 25
97 99
13 68
59 36
41 81
78 72
36 40
45 61
2 4
97 17
17 33
43 17
80 72
45 86
30 98
84 88
67 74
48 94
42 98
90 35
42 79
51 18
37 75
8 42
44 39
68 45
28 69
20 70
28 2
9 18
30 17
53 40
42 96
90 29
45 27
20 9
6 27
33 32
64 92
78 89
49 11
82 72
22 35
52 35
10 79
7 83
14 70
17 67
72 30
15 76
15 14
48 34
29 31
40 43
19 20
20 26
90 18
57 85
16 32
3 97
16 85
43 35
75 67
86 33
17 95
73 11
33 91
84 34
63 48
95 78
23 9
91 48
44 28
15 44
8 62
52 20
5 14
11 5
46 5
36 24
18 97
41 80
99 98
66 14
82 14
35 34
2 88
24 51
27 98
53 18
99 0
45 9
74 85
6 52
10 96
72 74
66 96
3 51
39 58
54 53
61 28
20 73
91 58
0 73
48 15
73 71
26 17
6 88
83 22
83 25
65 89
11 19
45 37
50 10
12 13
91 30
89 86
82 28
17 55
21 41
33 8
97 19
62 6
54 94
92 24
17 34
72 62
92 74
88 3
12 73
21 46
52 44
73 65
58 59
46 86
17 38
13 9
53 79
46 39
51 44
95 3
82 85
35 86
96 98
40 38
38 22
78 93
20 18
56 52
30 34
77 54
87 11
56 57
11 13
37 63
61 18
17 93
37 87
4 7
11 58
65 49
55 40
95 57
43 88
6 24
54 57
7 77
53 49
29 2
50 46
77 76
17 24
11 45
14 73
66 79
61 50
27 53
6 22
24 25
79 8
63 14
31 10
25 78
67 98
89 14
67 45
56 89
95 27
52 10
39 48
33 67
32 74
4 27
8 3
87 76
63 25
77 18
51 92
33 79
73 78
5 29
30 86
45 12
20 88
71 60
10 95
81 40
88 89
20 51
5 24
11 38
59 48
57 30
98 11
20 75
43 26
93 3
76 62
63 89
31 18
22 75
36 62
46 17
97 39
52 55
9 81
6 81
1 88
87 80
25 48
97 31
26 0
89 27
4 91
98 39
63 45
96 95
38 68
39 65
34 81
35 31
15 86
89 72
82 24
71 29
35 27
37 90
69 7
66 75
37 73
72 95
59 21
69 42
79 81
9 35
89 35
33 92
24 0
7 48
75 23
54 40
30 42
65 19
82 34
5 17
80 42
81 85
91 88
3 67
72 54
28 94
55 96
64 69
16 87
42 50
88 48
40 61
46 49
77 31
66 53
88 5
76 58
3 58
98 50
76 29
64 38
15 17
63 81
19 60
27 73
10 47
65 6
63 30
13 75
74 7
31 25
83 94
87 17
30 24
77 45
13 44
12 5
4 88
70 40
31 71
5 26
3 59
17 31
53 14
79 92
37 58
59 19
23 29
18 39
62 26
21 72
22 53
3 20
2 86
91 26
16 27
36 23
3 39
47 12
38 95
92 62
66 7
67 80
91 95
34 73
5 38
16 31
3 27
31 87
32 14
36 97
87 61
64 75
17 49
35 1
68 0
61 60
5 1
81 98
83 82
55 49
80 18
52 82
6 99
78 91
96 46
97 56
31 52
94 65
20 67
62 60
36 20
37 88
5 96
90 16
34 4
98 51
19 77
58 7
32 52
84 51
54 98
85 53
89 98
69 65
42 29
43 61
4 10
77 94
42 91
6 42
70 59
20 71
13 17
39 24
0 90
33 48
9 55
88 58
13 87
36 83
48 75
42 82
39 19
81 90
46 32
78 48
24 34
64 89
70 0
37 67
19 34
50 79
60 30
83 30
59 93
61 7
10 55
65 13
88 63
43 82
2 99
90 76
39 43
79 73
8 94
84 76
68 47
65 77
57 6
68 15
82 9
56 79
98 10
63 67
83 6
36 77
33 20
40 95
85 35
95 81
76 97
84 12
85 41
76 41
14 37
29 75
1 20
11 72
55 72
71 76
8 67
33 22
70 31
89 31
25 84
63 68
0 32
77 26
97 12
88 79
99 24
86 26
87 54
68 56
80 8
75 60
4 36
23 90
2 15
40 14
31 19
47 63
14 87
73 51
69 75
4 50
30 28
72 81
48 45
14 56
33 50
32 83
98 71
75 45
65 83
93 20
67 61
51 62
0 71
1 23
43 89
21 83
32 86
51 34
55 51
89 69
67 78
52 49
73 46
75 94
36 84
19 54
88 16
16 94
59 94
30 68
65 74
16 34
46 45
88 8
22 30
34 41
11 18
29 1
93 73
80 66
76 85
67 30
44 1
22 87
13 23
70 58
24 41
95 37
78 35
21 29
78 77
25 0
97 59
84 40
82 11
70 44
94 51
29 20
33 40
62 61
6 72
15 1
41 37
26 93
42 63
4 49
77 38
62 48
14 71
75 82
72 42
88 67
13 8
35 92
94 58
30 52
26 95
79 12
54 60
76 19
10 70
84 94
30 19
37 24
57 91
33 56
47 94
51 14
5 94
18 44
40 74
77 24
52 12
81 15
20 85
52 26
9 15
59 45
78 53
65 32
37 80
4 66
25 44
64 88
21 84
1 24
65 45
80 86
58 2
45 19
42 48
37 98
70 12
85 30
61 79
63 6
43 59
9 87
35 72
64 43
1 28
10 15
64 49
39 94
8 78
60 0
73 31
35 4
99 85
29 3
29 96
16 89
41 79
24 65
20 10
79 77
54 49
12 25
23 20
46 62
72 58
67 81
44 3
53 6
63 66
15 53
39 21
11 33
55 61
68 37
36 63
99 60
69 30
38 19
19 37
90 6
27 36
68 18
12 14
58 69
84 45
62 24
16 3
87 57
1 91
99 95
41 68
62 75
68 85
25 67
29 94
71 75
89 37
60 63
88 50
58 14
89 92
71 88
87 72
99 35
45 98
54 0
62 28
65 63
20 39
62 41
43 72
85 69
34 88
69 66
66 33
17 82
5 19
87 77
5 37
83 51
25 93
4 81
16 54
87 25
95 56
92 29
37 26
90 96
56 5
27 84
14 77
34 20
96 83
89 41
98 4
94 53
13 54
87 91
60 84
71 55
29 99
67 49
54 68
85 13
97 69
82 94
53 38
56 29
11 3
19 44
12 40
19 95
75 53
22 34
57 21
64 17
94 15
78 20
53 64
14 81
33 35
37 2
62 80
57 15
73 80
59 77
57 44
42 19
89 81
26 58
59 40
52 36
39 41
82 91
23 31
54 64
12 56
78 32
18 83
97 62
63 18
15 56
56 40
53 28
95 14
60 64
55 7
32 10
35 0
36 55
81 99
98 91
72 16
33 69
53 47
37 42
83 52
85 52
77 95
97 4
9 43
21 66
78 18
17 14
55 23
70 57
64 10
28 11
28 24
6 2
88 60
94 87
78 34
9 67
71 87
31 37
81 84
71 22
31 50
87 56
17 61
68 2
87 98
52 21
32 92
36 69
42 18
62 2
21 30
73 84
33 3
5 67
76 66
65 12
38 67
93 97
5 74
97 33
44 8
10 69
46 79
34 89
67 27
46 54
92 88
15 72
45 83
59 44
8 99
26 71
96 32
89 28
4 8
41 50
8 50
11 41
32 91
71 17
74 51
84 62
55 81
80 82
99 30
54 84
64 34
12 23
68 76
72 14
79 65
8 37
88 68
60 83
12 68
74 41
31 88
30 77
44 94
48 26
17 35
49 10
97 11
49 32
65 9
26 27
60 50
74 94
17 78
52 98
67 28
52 15
69 82
44 79
84 16
43 34
81 8
91 2
3 6
1 67
50 58
98 43
24 66
6 45
36 53
7 24
84 5
34 46
72 24
79 57
69 15
16 11
5 28
88 83
78 65
97 45
18 66
71 81
12 46
78 86
53 17
2 23
29 85
15 40
25 52
23 27
63 90
74 80
51 60
68 67
25 28
90 70
79 55
3 28
14 78
61 11
6 87
68 91
89 38
1 30
40 13
40 83
77 12
4 21
56 36
65 43
52 24
66 35
77 22
60 8
19 63
5 23
17 80
71 40
58 63
8 86
19 29
75 16
79 47
75 55
3 35
90 40
82 37
41 48
8 77
43 14
6 92
15 67
22 68
8 84
59 95
49 97
61 98
31 66
58 42
83 92
41 73
35 84
