100
28 26 140 429 518 927 924 0 827 962 670 742 587 626 522 450 1 20 345 670 768 873 768 258 350 859 492 701 436 62 66 66 449 784 256 843 206 48 618 809 79 104 455 415 458 779 638 804 936 879 487 704 245 225 891 115 300 869 418 93 395 247 850 889 115 338 287 780 900 984 961 851 665 521 934 970 383 45 820 832 20 452 820 232 158 467 500 251 781 344 398 765 665 413 4 913 386 277 956 485 
20
379 117 748 574 376 834 148 3 118 838 447 520 854 456 430 849 995 881 476 361 
1000
40 41
85 26
73 7
75 53
14 33
23 46
76 40
2 80
28 61
77 41
85 15
37 69
34 78
40 17
99 10
8 10
84 27
43 7
36 49
48 75
95 52
10 82
49 58
4 30
92 26
95 81
2 62
73 29
79 76
28 13
30 71
17 4
5 9
95 82
45 84
49 18
27 62
8 88
57 45
53 90
78 52
99 32
22 46
88 53
71 34
4 34
53 94
32 25
12 37
31 51
76 72
97 11
12 74
37 45
29 14
47 92
46 37
28 46
14 1
44 99
98 30
68 93
65 17
86 6
29 99
35 60
80 71
23 13
17 80
33 73
35 15
46 38
55 62
63 76
69 93
49 47
77 78
44 89
11 78
73 5
54 68
45 92
48 79
2 26
63 2
56 37
75 95
16 26
59 93
23 57
23 4
80 29
76 59
85 8
2 68
70 38
18 89
6 82
28 79
85 1
58 91
2 24
51 54
46 36
41 18
18 12
81 44
20 39
47 72
43 14
41 84
74 70
53 3
80 85
97 59
89 78
43 30
6 42
82 86
63 39
0 15
53 64
74 39
22 77
41 57
90 85
59 27
77 59
7 80
17 45
77 98
44 48
47 29
75 96
28 11
81 84
53 95
96 45
98 63
39 88
39 91
8 54
59 82
72 51
1 49
69 67
70 59
11 14
62 59
5 15
98 31
96 8
3 20
11 87
18 50
89 96
22 25
21 95
78 65
75 45
31 71
69 46
65 58
5 49
75 78
45 24
29 75
32 98
80 15
24 64
62 37
20 63
27 38
13 84
79 25
2 45
62 77
86 56
80 86
19 43
27 85
39 80
94 47
1 56
94 81
5 76
18 73
45 47
72 30
89 4
23 95
28 26
87 48
41 49
44 16
68 51
68 84
5 34
49 71
5 46
27 78
15 62
49 44
38 85
25 63
52 41
62 9
26 32
53 17
38 72
37 90
29 5
7 90
22 93
23 50
0 10
12 58
82 67
90 35
77 84
72 39
16 45
33 45
2 81
33 75
92 23
95 79
74 83
23 98
57 32
11 82
89 64
73 62
70 26
12 96
69 55
92 69
82 94
38 29
15 58
78 9
10 65
98 67
19 46
45 35
57 29
14 74
91 68
59 78
2 49
23 52
23 2
14 47
31 45
56 43
55 44
60 32
80 43
36 5
70 19
11 90
26 82
30 35
90 9
97 78
32 49
74 84
70 84
85 39
27 16
9 40
57 88
96 50
25 73
33 30
29 30
27 82
87 58
63 68
94 29
19 71
92 34
44 6
44 58
38 49
73 59
55 90
81 46
41 1
6 89
86 68
49 27
94 99
41 37
86 5
17 99
52 69
76 19
71 75
36 73
61 70
86 78
56 78
14 95
11 52
92 39
62 12
19 80
72 41
44 19
41 47
58 45
99 48
42 67
50 0
65 2
93 13
57 97
37 73
40 14
54 78
1 11
84 93
20 21
34 87
87 14
52 62
55 56
85 57
1 80
28 43
92 78
9 53
75 37
94 0
12 71
22 44
59 44
69 74
39 97
55 73
32 27
11 16
67 13
82 76
37 31
58 34
23 20
94 45
84 10
46 42
71 28
60 24
30 66
94 2
20 89
90 8
50 58
71 13
12 7
65 45
28 62
24 65
9 1
80 53
30 88
67 29
72 6
42 61
5 13
54 85
79 87
87 26
41 25
54 42
64 50
37 77
50 21
91 61
10 85
52 40
54 21
37 76
30 45
97 53
43 3
20 33
42 70
27 75
22 85
81 89
31 5
39 2
58 69
31 43
79 84
3 89
78 68
74 4
48 84
27 23
75 88
70 12
51 70
61 27
95 40
46 39
97 82
97 16
94 25
16 92
90 31
53 28
56 15
41 97
12 51
5 95
17 51
88 87
51 91
90 38
79 19
41 19
43 51
61 64
44 17
89 48
23 84
2 92
40 1
9 60
69 0
26 63
95 11
75 76
30 70
48 42
9 7
53 7
36 71
1 58
33 71
82 30
79 17
28 89
93 20
71 87
26 22
88 1
82 47
70 79
26 99
15 9
43 93
93 5
15 92
38 97
10 9
60 33
79 59
25 40
20 61
0 91
63 47
74 68
57 1
38 28
6 84
98 36
63 18
92 95
94 79
77 3
87 7
83 84
69 18
84 38
56 79
0 5
6 55
1 98
51 56
34 33
66 43
31 27
40 13
39 51
28 65
94 4
86 89
10 3
73 65
53 22
20 38
98 4
1 44
33 61
34 81
55 30
21 57
79 91
65 31
11 66
41 70
54 57
83 94
78 46
25 93
65 67
58 26
6 12
76 42
63 64
83 50
67 46
51 59
96 91
76 66
31 11
98 82
21 66
97 1
46 6
24 22
19 84
11 65
59 74
13 68
11 96
23 37
45 0
64 3
78 82
20 96
86 11
61 38
4 18
64 68
6 54
2 72
47 42
88 9
88 83
68 73
25 15
31 22
37 71
37 6
73 13
41 80
21 46
13 97
38 91
40 87
8 9
55 76
11 92
10 71
16 15
27 77
64 12
25 21
1 45
10 23
91 67
61 50
91 74
71 77
20 19
65 22
57 84
46 82
54 3
7 92
56 32
12 33
82 54
73 49
78 36
87 16
14 59
86 74
29 92
35 91
91 33
80 76
44 36
89 54
24 27
16 71
16 82
15 34
4 10
22 50
58 27
7 78
7 75
81 55
99 74
18 75
45 34
49 10
25 34
43 13
88 73
74 67
60 10
42 95
14 86
69 27
9 16
74 38
17 11
1 86
62 85
41 39
35 34
76 31
54 67
3 27
53 65
27 89
25 1
27 9
87 95
41 34
89 14
56 18
60 20
52 68
14 9
50 93
96 2
3 1
81 49
0 73
1 99
62 81
68 81
71 65
53 70
85 53
74 1
2 37
56 21
79 99
57 86
2 30
65 98
51 28
28 83
6 78
0 67
98 45
35 1
27 13
69 3
47 57
35 56
91 81
5 41
41 32
16 96
75 44
59 3
91 48
62 22
34 82
89 35
13 80
0 51
57 16
77 19
8 13
12 32
22 29
52 47
40 91
14 75
32 15
70 32
92 44
24 34
0 38
5 43
87 52
28 50
20 30
83 4
73 53
77 90
94 11
68 80
46 98
67 36
9 35
27 47
5 89
94 75
17 27
78 1
93 26
36 48
54 2
2 48
2 38
73 24
34 22
13 52
12 73
1 8
67 72
35 38
39 50
32 47
91 23
69 70
15 26
86 77
3 94
33 13
66 26
22 54
4 44
67 60
23 9
87 89
66 99
89 46
72 66
47 75
8 94
27 73
54 32
69 49
84 33
13 3
16 32
63 31
14 36
91 55
1 24
39 52
10 44
4 53
29 76
31 25
63 91
63 16
64 30
30 13
19 4
69 79
44 76
82 58
29 20
7 54
36 45
63 83
5 6
60 87
73 38
32 24
58 83
27 52
3 79
33 53
82 3
5 88
54 53
20 56
2 76
17 55
92 5
35 66
0 66
68 88
68 95
15 21
9 37
39 65
28 35
88 17
92 28
59 50
46 66
65 83
29 13
76 60
85 59
16 8
4 11
23 69
78 24
61 76
78 41
35 87
62 87
68 77
72 16
37 4
29 81
1 63
26 48
78 96
64 23
52 44
65 48
71 50
94 63
9 48
58 88
98 75
88 0
41 73
11 18
42 39
79 83
83 96
38 37
89 19
18 7
83 36
90 97
63 72
83 39
19 22
29 86
78 0
97 84
68 12
35 58
9 92
67 27
62 30
25 52
97 68
97 44
69 11
51 25
42 44
27 42
56 64
64 25
95 89
91 82
21 36
11 36
54 69
90 58
4 75
44 65
59 89
56 60
9 77
45 68
22 36
81 15
70 76
83 37
19 92
47 59
52 20
39 6
77 31
47 77
45 63
62 67
99 98
86 99
59 25
43 53
36 70
18 81
55 79
37 53
61 29
74 81
32 73
3 70
36 8
49 19
12 23
70 95
46 54
74 3
34 27
8 64
71 46
53 59
95 37
7 23
85 63
10 19
25 89
32 44
88 51
99 15
67 50
55 61
49 82
62 57
86 40
21 9
69 83
37 65
40 93
48 5
97 31
4 86
35 99
6 10
71 96
56 52
41 45
29 50
12 26
17 18
58 46
33 23
79 45
14 93
99 36
26 97
52 46
96 70
75 5
0 4
12 94
89 17
86 55
30 67
42 85
34 95
44 23
86 26
62 80
83 23
86 50
82 75
35 95
86 45
38 63
61 7
22 87
28 74
59 39
55 13
2 27
12 8
93 10
27 10
62 31
90 88
72 5
62 93
34 98
66 73
6 50
64 88
15 18
11 64
91 97
78 5
49 80
26 62
77 8
37 15
59 35
77 26
21 51
76 26
93 41
8 32
5 22
12 77
90 22
18 57
95 56
35 96
91 65
49 54
21 88
6 90
80 20
63 70
19 75
72 73
83 54
94 91
12 22
23 68
90 94
98 39
12 24
81 16
38 5
54 56
15 95
32 61
