100
214 826 166 838 415 37 848 101 686 123 942 349 344 699 895 49 380 149 455 866 775 414 519 779 620 433 299 271 465 723 710 127 126 910 98 111 447 392 288 903 384 369 202 290 63 20 380 822 680 15 659 29 809 755 588 845 903 432 942 918 318 28 518 722 963 754 791 530 412 898 536 614 867 84 175 248 299 368 896 835 482 113 184 828 822 70 552 554 715 104 662 448 725 534 793 310 524 315 549 141 
20
631 825 376 215 667 745 10 241 328 536 31 353 175 976 6 259 370 14 70 138 
1000
53 66
62 71
6 7
94 19
73 41
31 20
52 8
37 83
6 62
60 2
38 53
64 41
19 44
91 65
6 9
51 10
22 39
48 28
4 32
83 78
34 77
71 58
12 97
64 27
21 16
40 97
31 36
48 5
80 39
15 67
22 94
40 9
74 27
86 10
3 16
18 82
20 9
2 92
26 45
2 83
55 53
48 90
61 63
8 10
15 30
92 9
86 55
96 9
87 92
41 25
65 74
70 45
67 79
17 54
80 98
31 9
28 70
65 40
42 39
55 58
66 4
81 95
28 30
88 91
7 73
63 36
9 30
38 88
85 99
72 66
51 95
90 30
35 24
42 22
79 5
43 73
6 19
78 22
22 49
67 70
27 7
33 32
61 90
55 91
24 36
99 53
47 20
84 51
75 65
74 4
79 57
2 47
58 52
99 1
41 65
55 33
2 79
56 47
98 82
88 45
69 63
24 28
36 25
1 4
67 47
85 15
1 9
50 8
86 81
50 66
30 5
71 90
20 40
86 31
67 1
0 62
85 43
73 79
60 95
30 77
18 30
29 79
52 64
64 59
0 18
4 94
49 86
69 16
38 30
55 36
76 69
90 6
61 12
35 19
97 82
46 11
25 76
97 84
22 97
7 88
98 62
78 92
10 24
45 1
63 20
76 9
36 84
77 21
31 92
47 96
38 5
53 89
54 44
48 26
97 71
21 56
46 24
58 27
33 20
1 3
33 8
76 59
53 69
99 17
73 31
55 75
3 70
48 12
7 78
91 68
61 36
88 2
49 67
83 43
47 86
90 70
49 84
9 10
96 7
38 21
85 66
27 66
88 64
93 42
96 0
14 92
43 62
35 11
26 22
41 39
13 98
92 15
95 17
19 18
43 67
14 7
62 36
84 46
83 95
85 9
34 88
28 47
74 99
62 95
46 93
80 76
95 5
22 9
4 33
84 0
64 0
4 77
46 38
43 1
1 64
55 69
2 27
99 75
89 76
51 50
53 33
2 71
96 24
56 10
14 56
15 7
18 28
39 33
29 77
82 91
60 78
24 16
74 12
16 71
85 5
98 85
97 35
23 27
73 48
62 67
17 75
12 52
83 69
92 84
50 18
28 73
68 37
8 84
81 49
55 98
56 65
64 30
51 97
26 6
49 73
55 44
60 91
55 7
70 41
50 10
43 47
92 69
26 21
85 13
60 1
59 4
46 36
43 71
83 93
84 50
33 91
91 32
9 37
20 57
37 6
28 80
88 70
64 75
47 13
1 39
58 98
21 40
38 79
80 9
15 65
16 18
33 31
17 6
20 83
12 95
17 12
56 67
14 80
10 81
16 72
89 63
12 93
4 79
26 64
57 63
37 8
40 44
13 0
68 65
26 12
28 65
99 96
85 41
91 11
57 8
62 8
19 12
89 27
73 8
60 72
76 27
82 6
72 86
74 76
91 12
90 98
64 58
36 45
51 11
5 50
27 25
66 74
38 40
9 81
51 43
30 44
78 30
1 93
8 83
74 85
88 82
39 86
79 39
85 31
84 70
28 39
22 63
1 0
72 2
66 36
74 63
84 79
83 94
17 78
78 79
57 26
12 55
69 45
85 46
97 95
86 62
69 14
69 11
77 76
82 60
42 33
85 54
33 74
60 53
85 60
91 41
66 63
94 65
69 90
31 78
62 16
1 89
82 53
79 44
10 90
86 84
34 42
98 49
15 36
70 79
60 27
19 83
42 82
10 77
14 64
78 32
53 54
44 53
53 22
98 35
91 78
68 7
97 17
64 15
38 57
92 68
0 55
53 29
86 70
54 99
34 1
15 42
85 3
37 4
72 62
22 48
63 58
34 81
50 11
87 50
7 57
73 1
52 95
82 52
65 38
76 14
83 3
55 83
59 1
41 76
59 82
84 42
54 83
74 44
59 22
36 64
39 23
77 68
38 81
48 29
99 36
9 59
6 49
35 63
11 64
92 98
17 77
10 37
92 10
42 11
34 18
73 27
73 16
83 67
59 40
46 50
33 46
9 84
20 65
23 84
93 14
4 84
61 6
0 29
82 66
5 52
0 17
69 62
59 75
45 47
25 51
12 18
62 40
83 92
13 87
83 98
47 74
49 3
61 49
47 58
3 37
35 13
4 93
88 33
64 33
63 24
13 38
49 87
69 25
80 27
11 90
61 88
45 75
26 62
44 94
14 31
70 75
30 94
14 28
23 97
57 24
93 0
38 11
68 63
97 44
57 64
80 54
35 99
50 48
60 44
41 15
59 79
10 76
50 65
74 13
11 10
68 3
14 35
92 88
27 11
93 38
96 45
54 84
17 59
49 9
66 39
9 87
7 9
9 54
36 92
34 38
68 79
47 41
39 40
23 48
30 34
99 83
73 35
76 12
89 50
99 28
23 86
50 78
21 0
79 28
20 26
89 64
34 41
5 14
69 50
39 98
1 97
63 16
33 28
52 65
21 73
8 6
12 96
49 20
58 21
16 80
28 66
86 30
32 87
59 65
21 91
5 45
70 66
14 46
85 87
0 33
74 25
59 7
12 3
20 88
36 3
98 22
78 6
9 35
73 30
54 15
48 82
28 94
95 18
93 20
60 21
51 53
43 84
75 80
84 83
90 49
12 88
35 6
77 42
55 97
24 51
17 43
62 49
4 88
11 77
80 81
14 10
99 10
22 19
63 41
46 89
44 99
12 8
25 55
35 5
36 29
64 63
66 88
52 46
89 33
3 32
53 9
7 43
72 41
7 35
84 13
20 56
64 5
99 13
82 0
9 17
29 4
71 67
15 63
96 25
22 7
55 60
75 78
5 43
25 75
21 85
87 3
12 32
13 23
10 44
87 17
21 65
30 40
67 74
10 33
99 82
68 22
42 5
67 19
20 7
59 16
7 26
67 40
56 16
65 51
15 96
79 63
8 4
1 88
34 40
95 4
55 68
78 38
45 73
83 39
70 40
7 76
46 49
31 48
80 99
10 20
26 0
98 30
20 24
15 40
23 11
62 94
82 28
17 47
23 88
64 10
72 59
28 5
63 86
90 19
45 17
53 42
36 14
64 43
81 11
90 15
58 86
32 7
68 46
18 92
78 26
89 4
7 49
77 46
35 12
3 60
35 34
29 59
57 18
43 76
24 99
61 64
71 8
68 51
2 18
34 8
93 71
59 27
98 45
11 68
8 76
67 10
83 52
26 87
77 74
72 68
65 46
77 97
72 4
17 39
3 84
68 5
85 39
25 33
45 50
82 37
60 5
36 39
17 1
22 84
11 47
94 29
4 5
80 33
86 28
25 54
8 27
31 60
12 37
56 78
49 44
52 36
31 47
89 79
36 38
14 3
14 17
0 3
69 40
23 2
98 60
15 22
31 8
49 80
50 1
18 80
51 9
46 75
4 75
27 41
61 73
5 47
59 48
8 24
46 95
35 39
94 84
24 19
10 98
40 57
24 81
14 71
54 90
55 72
85 71
17 88
51 87
89 85
61 9
44 38
31 52
86 14
95 34
13 54
21 87
12 20
17 33
14 34
23 72
27 46
93 36
71 89
1 22
97 30
30 96
12 28
36 88
59 57
29 14
59 34
69 38
56 19
34 49
54 8
74 5
93 97
49 70
27 15
20 43
62 46
75 95
4 92
19 73
44 70
59 86
43 92
11 82
31 1
77 88
97 75
94 8
62 93
85 93
90 34
89 70
13 46
0 94
10 41
48 86
47 18
26 40
90 42
25 72
56 61
30 67
84 60
47 79
11 41
0 24
63 17
8 16
33 77
0 71
10 74
22 2
52 7
41 22
20 0
54 32
39 44
48 78
26 90
92 71
21 94
71 98
48 87
98 12
57 78
24 82
23 73
55 67
63 78
34 57
22 4
62 91
38 56
95 26
0 88
52 30
8 32
70 26
27 22
59 52
43 26
22 73
74 49
33 3
80 61
1 12
18 81
35 75
65 86
36 16
99 94
88 81
97 31
64 3
9 86
37 81
82 89
6 48
94 39
7 34
93 77
34 6
81 52
74 36
72 49
32 63
60 42
66 1
40 46
50 44
17 81
21 68
37 59
59 13
81 92
28 8
11 18
14 63
22 5
45 18
38 58
72 15
27 33
83 71
90 24
91 79
76 29
72 79
43 24
47 32
67 63
51 31
54 59
94 69
8 23
9 66
12 72
65 85
26 27
70 29
51 91
77 15
64 60
54 65
87 41
41 60
14 37
70 68
96 27
64 16
15 86
37 85
29 62
16 94
5 63
26 2
56 59
44 20
39 50
88 73
21 57
29 1
4 11
58 37
38 32
39 69
22 28
53 94
68 31
28 20
93 48
29 46
67 16
71 54
4 54
52 99
11 60
51 81
76 73
49 47
67 42
21 44
2 50
34 66
41 21
94 15
49 95
82 77
35 47
65 81
44 42
9 36
49 38
43 28
43 70
7 11
84 55
14 53
50 3
89 0
18 62
21 67
52 71
43 25
72 45
48 10
9 93
95 99
81 3
13 41
62 19
9 11
