100
217 216 822 190 485 835 77 834 39 469 845 912 686 214 983 972 440 858 481 478 801 330 881 559 560 17 560 90 141 178 67 832 656 532 80 174 422 739 494 532 443 978 359 199 526 173 290 778 200 187 91 501 181 677 404 720 114 446 255 165 471 900 695 279 661 342 944 100 64 981 706 290 801 693 895 588 581 538 106 901 4 93 234 1 122 1 111 950 50 600 571 342 383 407 422 987 108 405 946 272 
20
317 808 572 437 461 924 49 40 528 541 524 787 480 788 880 989 748 687 258 305 
1000
16 74
52 23
0 47
54 69
74 21
38 49
5 9
4 17
42 22
71 65
32 41
24 43
6 19
73 95
92 97
95 23
91 10
50 71
35 80
89 57
93 79
17 58
52 79
56 99
61 34
72 84
18 28
77 2
42 4
71 36
59 81
70 99
42 88
5 73
5 48
61 66
38 4
51 11
41 61
67 84
87 97
95 61
67 43
68 81
30 39
9 95
89 77
92 19
61 85
53 39
15 21
71 26
44 67
61 28
0 67
54 46
61 55
77 95
10 48
49 83
29 39
62 15
38 21
90 83
36 89
45 25
77 54
83 11
16 61
84 86
76 17
99 62
11 85
36 83
38 55
3 35
67 32
93 12
34 86
33 40
56 74
26 50
29 7
1 47
70 43
43 19
60 3
38 20
39 94
17 75
69 93
72 92
2 29
36 41
64 88
79 22
89 40
24 53
9 97
30 19
1 24
17 67
21 78
35 53
76 15
87 10
35 64
58 53
37 40
22 50
75 63
97 61
88 0
76 68
94 85
73 13
42 40
12 77
71 39
27 26
57 46
64 58
76 52
88 41
27 55
72 15
35 15
58 52
27 14
55 37
41 90
27 4
96 69
90 20
98 48
44 83
90 66
34 47
72 33
42 31
7 54
54 44
36 79
85 83
68 74
15 89
0 37
13 15
86 63
99 37
85 64
24 76
28 15
67 41
92 35
88 93
17 85
87 40
77 43
45 4
45 31
77 58
93 55
51 17
48 76
31 40
42 36
58 57
99 1
0 71
42 27
25 33
53 17
36 50
67 66
9 71
50 49
43 42
6 24
86 64
78 58
80 69
30 77
39 75
74 37
65 83
27 90
1 62
44 5
62 47
4 71
38 26
67 24
55 92
66 57
48 94
33 35
37 92
32 13
8 53
29 15
5 20
86 41
69 81
49 40
3 79
21 22
19 24
11 32
6 67
60 29
88 69
85 50
4 37
58 43
91 50
85 65
69 24
24 16
61 68
12 25
75 70
68 8
50 86
50 57
68 54
22 29
37 66
79 81
2 57
32 44
42 24
44 17
19 91
74 28
61 64
79 77
90 71
13 79
4 21
71 96
28 36
6 0
96 5
14 21
99 15
26 33
34 25
62 37
31 37
64 46
78 71
89 31
27 67
27 56
58 35
76 40
47 5
49 53
66 34
68 28
22 24
68 44
59 72
60 96
85 77
67 79
66 59
24 81
40 79
29 63
73 76
47 90
39 23
99 28
87 6
22 43
96 53
11 58
37 95
18 37
93 96
1 59
46 10
70 72
55 16
69 51
13 16
81 41
88 53
0 2
8 60
93 20
24 50
79 1
21 11
54 52
81 39
62 19
26 64
87 71
73 81
67 96
89 10
48 67
97 79
42 18
34 41
22 30
16 37
14 52
20 15
2 47
51 86
82 5
14 4
18 89
30 88
35 45
61 87
46 29
58 0
78 17
17 37
20 35
75 85
42 89
26 59
63 6
10 68
34 55
53 31
89 97
33 96
42 92
41 96
58 94
29 55
4 54
40 61
19 84
68 43
53 38
27 66
6 80
6 68
91 37
83 4
68 96
23 71
80 15
68 4
38 62
72 89
8 91
78 79
54 93
69 55
24 72
66 26
93 60
17 2
87 46
88 76
59 49
7 84
98 91
32 54
88 8
67 36
59 2
7 27
29 80
44 66
92 11
25 69
71 10
75 46
50 43
35 1
25 63
4 50
72 85
87 88
29 32
39 66
56 1
35 5
10 67
24 82
43 36
36 23
70 91
27 99
19 66
99 89
72 71
63 23
93 70
64 41
37 81
82 75
32 71
29 52
53 86
84 3
78 77
66 48
32 62
2 11
30 35
99 0
91 17
63 62
74 11
13 71
11 22
39 16
40 93
24 77
61 32
7 47
38 47
86 33
85 32
63 81
2 96
21 12
82 47
2 6
11 38
46 80
75 58
33 47
13 55
37 19
74 93
78 6
13 22
0 70
39 85
79 95
80 83
35 42
36 14
10 31
2 34
52 78
98 76
8 95
75 60
38 2
40 68
43 73
13 64
47 11
93 29
9 90
12 23
37 57
6 37
34 76
76 9
5 12
57 3
0 25
56 44
87 42
50 34
20 88
30 75
19 7
20 32
26 44
25 91
25 68
67 13
18 47
51 53
80 39
59 61
89 83
28 12
62 88
35 26
69 2
76 38
50 14
75 93
67 97
23 30
28 70
75 76
10 74
94 92
54 0
60 69
68 18
58 24
78 24
55 8
49 71
61 57
30 81
64 4
34 33
7 90
90 65
75 33
1 41
25 86
36 64
82 20
30 9
59 52
61 51
84 45
19 76
58 60
34 64
48 37
50 64
15 27
56 40
87 69
95 15
1 44
87 55
61 33
19 53
40 81
34 58
6 47
93 72
70 21
49 46
51 66
95 2
19 75
27 96
8 76
18 79
0 20
69 1
37 33
63 53
82 32
36 5
41 85
67 21
33 67
9 94
77 62
1 22
92 12
87 21
8 10
91 14
88 15
80 81
83 41
5 90
3 97
1 58
71 92
38 18
34 74
81 21
34 32
31 39
12 10
9 37
7 61
55 90
71 8
76 18
36 15
58 28
57 82
22 89
41 2
2 71
74 45
91 79
46 66
69 99
15 30
1 4
86 32
86 76
5 58
51 89
24 89
26 90
94 83
76 7
16 65
46 45
27 78
65 2
2 48
69 15
99 21
30 59
17 71
53 25
74 43
67 30
63 55
99 5
93 1
27 58
4 23
93 57
98 77
26 95
57 86
0 79
55 64
44 15
56 51
72 97
43 18
11 4
81 42
77 63
15 37
11 25
34 16
93 27
0 27
67 60
48 72
51 73
95 29
58 90
72 44
94 60
2 74
48 22
57 90
42 93
23 82
13 3
98 86
23 5
26 84
49 3
61 90
71 7
35 85
44 23
82 26
84 31
32 27
37 90
67 91
58 38
65 62
34 69
69 43
79 53
8 75
14 60
71 59
22 72
26 86
66 35
58 93
68 69
81 62
27 23
4 55
59 91
29 35
17 56
83 48
20 98
82 56
12 98
94 10
21 56
80 45
44 46
80 57
65 51
76 91
51 46
79 43
84 36
76 93
80 36
6 97
42 7
3 25
9 11
15 18
25 87
53 90
43 3
53 16
30 50
31 23
87 83
15 85
8 26
62 31
70 49
39 44
91 81
20 8
98 94
51 64
23 74
33 36
37 69
26 30
57 95
64 89
99 93
50 93
48 78
55 51
42 32
73 11
65 36
38 52
96 72
89 55
11 57
8 36
76 70
8 34
50 66
58 89
63 66
59 40
96 46
12 69
25 32
20 91
67 40
97 93
6 39
34 87
89 54
21 43
69 32
12 47
48 54
5 39
98 1
82 96
97 12
4 31
13 30
68 82
89 35
54 9
89 48
57 49
23 47
37 22
33 59
70 94
85 51
82 2
6 29
4 92
26 12
58 49
21 48
27 30
22 88
96 94
50 78
79 87
6 73
47 4
69 90
73 4
20 52
21 85
61 46
54 20
43 5
81 36
17 57
80 60
73 37
69 95
28 96
78 82
97 1
53 97
76 39
22 81
6 58
14 34
14 76
40 23
55 66
17 93
20 67
18 65
85 62
67 11
52 72
51 3
52 90
30 71
41 17
77 28
6 54
37 56
11 99
15 31
46 53
15 22
98 26
89 66
31 69
93 43
50 94
97 37
61 44
30 93
69 9
79 20
33 3
54 60
39 20
69 63
8 15
92 32
8 74
35 16
73 8
35 78
33 65
80 85
53 2
80 89
36 11
49 84
70 36
47 16
82 52
82 17
45 98
25 5
57 81
77 48
63 33
73 87
17 74
55 26
48 7
62 44
0 46
1 9
96 83
99 18
98 19
92 67
45 40
6 34
56 15
59 57
61 31
22 27
93 65
28 49
61 20
21 59
34 60
98 93
55 57
49 75
14 25
63 74
44 34
17 21
83 79
90 89
84 77
72 56
75 29
63 3
67 76
26 58
17 88
35 24
75 99
98 0
64 66
9 85
90 22
23 83
93 33
47 67
75 2
97 10
3 64
44 64
13 12
39 28
20 73
49 88
95 80
98 29
95 25
53 69
43 72
3 36
93 61
8 4
28 11
77 64
71 35
48 95
15 64
32 35
55 23
1 33
41 33
79 76
44 36
60 98
17 90
11 1
91 48
15 54
63 54
95 4
42 94
76 6
47 63
17 87
86 43
94 20
40 29
38 13
21 73
26 31
8 40
24 73
6 98
41 55
97 57
63 72
34 80
8 39
71 64
82 7
94 64
51 13
5 49
61 47
74 75
7 18
65 34
62 86
57 91
1 63
43 75
80 49
87 66
99 82
86 79
98 24
77 25
49 60
8 47
89 6
6 50
31 0
23 18
17 7
88 75
47 92
9 51
48 68
1 32
85 76
88 67
29 83
66 99
16 78
28 76
20 1
9 81
57 43
86 54
25 10
22 60
72 74
86 67
6 33
45 38
