100
502 916 306 203 695 911 859 476 585 166 944 304 594 38 927 811 546 522 847 410 311 737 164 905 649 348 733 225 432 543 144 600 367 612 151 768 829 65 794 480 302 601 159 874 623 478 128 706 504 418 516 941 6 620 767 711 20 585 208 274 798 122 969 291 838 464 317 879 973 158 718 852 808 645 616 451 922 155 424 553 146 815 856 410 344 454 227 106 798 278 225 181 448 963 943 713 889 882 526 981 
20
814 460 579 573 433 602 102 106 73 507 985 235 327 43 380 497 882 94 817 161 
1000
67 32
61 44
64 14
42 13
53 20
94 17
86 42
32 72
33 60
59 48
54 50
95 3
66 87
13 19
7 18
94 76
42 82
39 17
96 60
73 37
37 75
53 61
27 96
50 88
1 42
8 80
91 70
4 70
19 49
99 69
99 93
72 10
54 37
62 68
6 48
59 69
64 72
97 27
14 71
62 24
18 4
13 82
64 43
42 75
9 38
14 42
15 35
30 46
57 22
44 77
8 16
85 32
55 1
11 38
14 56
48 37
13 88
17 79
75 81
96 37
38 10
55 51
33 62
13 34
25 43
61 3
83 53
15 85
30 9
87 33
12 68
1 58
27 47
1 86
26 53
39 89
12 31
92 94
82 6
14 78
38 42
46 17
31 0
2 81
88 44
63 55
86 36
34 40
23 30
58 42
59 57
32 2
39 82
63 87
43 26
40 94
34 77
0 82
45 3
21 70
46 20
46 84
9 64
39 32
88 2
7 90
12 29
47 29
18 92
84 65
94 47
66 99
83 77
77 58
41 67
54 76
60 18
75 22
17 8
94 37
52 74
61 18
0 32
40 63
74 94
33 6
9 41
74 50
59 78
64 27
50 56
0 12
48 85
76 92
29 62
92 62
62 91
43 44
91 72
88 38
35 10
56 22
74 41
98 61
65 9
24 8
45 36
11 19
44 73
14 89
64 95
74 30
13 39
85 27
42 76
30 25
67 48
7 89
84 13
63 19
9 34
97 9
47 99
76 56
97 87
7 70
28 91
50 52
91 88
92 85
19 69
94 14
38 71
81 22
9 24
74 97
29 84
46 36
45 31
44 36
17 16
19 50
73 76
77 17
35 52
6 20
39 50
89 56
70 28
92 28
13 1
79 93
6 24
5 29
57 9
60 44
91 8
29 89
50 4
28 24
5 78
95 75
45 77
77 53
76 21
79 26
60 30
6 34
55 73
95 45
40 48
88 8
80 31
96 10
10 47
70 42
56 13
59 88
41 66
19 7
89 93
61 28
86 44
47 73
28 4
42 44
39 21
35 97
75 6
93 75
44 34
17 58
80 7
13 64
89 41
54 35
69 24
67 2
60 13
19 33
41 99
80 66
30 44
35 49
16 62
71 58
85 13
3 1
13 17
43 21
21 23
71 76
4 16
18 33
63 20
40 70
24 54
36 33
60 82
46 65
12 8
46 32
81 34
67 71
32 76
64 39
99 35
10 32
85 96
79 70
88 19
2 21
4 78
23 36
5 93
49 72
77 98
33 90
1 31
50 48
28 72
61 45
25 82
73 40
52 68
32 89
64 17
66 96
54 7
15 18
58 12
76 69
45 25
52 70
80 0
91 52
19 76
49 67
6 51
27 7
36 28
67 65
65 49
48 35
73 35
16 57
55 61
44 45
76 7
91 97
67 19
53 3
78 56
28 31
17 2
47 76
27 52
95 91
3 23
56 90
86 62
77 63
93 85
85 28
66 69
6 2
40 23
78 45
5 1
12 65
42 56
14 22
31 77
97 95
98 18
52 63
1 8
43 16
98 3
1 77
61 49
3 66
17 33
55 72
35 69
91 43
50 1
74 40
6 65
94 25
68 91
83 78
69 84
57 87
78 48
57 21
45 4
24 48
21 16
22 12
4 94
84 43
83 41
7 39
38 66
51 82
79 35
78 90
46 12
54 79
42 7
3 88
53 97
86 99
3 19
25 39
94 50
30 64
93 65
71 18
39 6
80 87
14 27
9 62
59 66
61 8
62 81
44 37
72 44
32 13
77 8
42 37
61 75
3 28
92 46
33 4
33 24
11 55
89 45
95 77
51 52
62 43
22 97
46 69
21 22
41 44
96 16
17 72
41 71
11 32
36 54
95 14
71 34
18 42
85 55
86 61
52 45
34 75
22 99
54 6
10 13
10 6
85 73
34 90
27 30
30 49
82 50
85 34
49 5
55 80
28 8
36 31
96 69
83 74
2 24
51 36
22 26
58 82
70 92
91 65
26 49
59 29
50 27
1 47
19 12
23 80
53 30
14 25
53 23
42 93
86 74
34 19
59 8
25 17
77 92
65 50
25 51
3 81
1 52
6 22
84 89
20 74
89 42
81 68
77 0
12 78
70 50
14 55
79 66
71 92
12 11
29 69
66 22
26 99
2 56
77 15
91 3
59 37
62 4
72 41
3 55
6 72
63 43
19 18
8 57
44 19
97 78
20 45
73 51
12 63
16 64
85 40
28 44
75 3
52 34
35 24
79 77
79 68
27 93
99 90
76 51
67 87
61 60
39 24
17 65
42 40
20 31
2 92
35 88
72 24
21 93
13 73
27 6
86 25
5 94
8 90
13 22
7 99
1 94
23 87
12 91
59 67
5 33
25 40
32 98
50 15
18 52
0 48
61 64
56 38
18 66
10 83
88 23
64 6
51 66
97 54
38 47
45 90
88 16
27 98
84 42
96 29
31 48
28 94
58 53
71 36
94 34
34 50
73 45
22 17
27 18
75 68
47 91
8 40
73 98
25 24
36 84
48 75
76 36
73 52
12 24
11 90
9 22
15 47
79 27
23 52
10 60
98 30
85 87
15 71
88 34
9 54
78 24
69 39
75 52
14 29
57 95
44 49
59 85
40 75
25 63
50 93
10 22
5 83
41 77
92 99
10 21
59 45
60 22
62 64
78 65
83 46
43 67
60 19
19 64
27 60
41 87
81 0
35 83
48 45
4 19
86 97
2 45
14 57
86 0
97 12
60 26
92 72
25 49
66 68
8 54
49 83
1 59
46 27
32 7
25 18
10 44
93 16
52 13
82 8
38 48
0 50
98 53
15 1
57 94
45 93
16 35
91 49
9 94
0 6
78 70
21 62
97 29
3 15
54 49
82 84
10 5
1 68
58 55
4 68
87 14
11 85
69 57
1 69
89 61
25 74
58 27
81 49
18 73
99 5
3 96
96 21
66 73
11 61
97 8
61 22
17 14
50 59
66 16
87 84
21 31
43 57
37 77
52 4
31 94
59 63
41 25
74 0
8 4
66 97
89 46
57 6
89 63
67 33
92 16
21 74
87 46
47 45
86 19
1 11
21 54
97 48
78 46
60 3
60 52
15 63
37 76
18 9
28 59
43 33
83 29
79 97
5 74
32 63
16 28
34 4
43 35
21 13
60 85
56 16
53 31
85 29
86 80
21 72
75 80
40 19
30 59
34 70
71 78
99 85
66 61
99 23
91 56
63 7
44 6
90 14
17 9
46 33
36 49
42 3
84 67
26 21
35 59
24 47
12 55
30 41
12 25
9 52
79 47
75 13
49 85
93 40
57 15
73 43
97 70
73 0
24 51
53 7
21 63
66 13
28 63
34 7
55 97
83 59
29 73
31 17
1 19
57 47
27 69
75 35
63 37
41 22
32 47
33 13
73 74
94 42
53 84
23 86
54 55
51 70
83 56
24 44
63 86
76 23
41 24
79 22
2 23
46 60
20 28
92 30
48 58
41 3
27 49
85 94
1 71
20 66
4 14
52 30
3 4
11 64
2 40
40 88
24 1
70 29
93 66
11 53
63 48
24 52
23 63
37 23
74 49
75 38
90 54
5 27
24 21
50 92
11 99
19 42
54 25
60 50
57 74
42 83
62 17
28 53
39 45
85 50
62 66
68 65
14 85
55 22
28 75
51 93
76 31
49 37
61 52
56 51
94 41
11 48
43 72
26 59
56 63
81 83
52 44
93 94
29 56
23 11
60 91
71 47
92 34
74 54
9 88
71 99
5 22
89 35
64 79
0 92
66 72
49 75
70 77
64 31
53 17
44 54
16 55
95 71
54 71
36 9
74 22
2 11
93 63
23 85
91 77
72 70
52 65
85 84
88 89
68 30
6 77
23 83
15 8
16 37
93 11
77 22
73 78
60 55
10 4
11 4
41 68
2 46
27 88
83 84
37 38
69 65
55 76
18 83
87 30
3 39
55 6
46 72
73 1
20 82
31 55
47 51
92 14
99 36
41 32
22 8
42 8
20 33
27 59
0 38
99 34
92 7
56 15
54 57
70 11
14 3
52 55
12 20
80 9
5 34
5 0
48 12
14 82
8 41
17 68
11 31
17 3
18 90
96 33
12 85
49 56
85 88
82 94
99 64
96 15
35 64
9 29
32 51
85 39
38 50
13 58
46 67
69 4
10 57
83 38
64 68
92 66
73 62
74 33
95 4
35 42
79 90
52 83
54 66
79 62
93 72
25 81
85 1
82 67
64 45
66 95
72 42
11 14
72 61
39 26
7 67
7 56
58 65
50 91
18 95
39 47
22 36
16 85
16 81
99 84
6 60
37 50
38 3
64 36
97 77
42 16
33 57
26 86
75 94
31 60
7 5
10 26
71 16
13 65
67 96
91 83
52 46
23 29
68 49
65 21
18 63
77 12
77 16
14 79
88 43
74 80
24 83
99 21
92 1
25 10
48 8
24 10
69 97
24 36
55 45
83 47
80 57
7 24
87 59
4 1
52 58
43 32
5 76
58 46
57 7
