100
798 480 209 492 825 276 977 903 645 371 371 407 119 542 241 807 147 357 954 731 398 20 599 111 779 454 289 333 759 611 90 770 849 190 502 792 209 757 256 408 880 646 211 360 512 785 775 513 775 512 807 638 302 343 344 643 52 980 63 345 712 81 557 976 563 172 402 492 175 718 701 675 670 573 629 66 599 241 666 806 199 33 709 752 964 732 110 331 861 703 518 924 196 956 344 379 573 769 275 632 
20
633 557 36 966 332 689 338 304 993 588 123 387 588 962 999 970 61 830 620 883 
1000
52 6
53 12
94 12
51 86
44 5
75 69
38 44
22 45
79 44
62 80
54 49
33 90
30 99
6 2
87 69
88 73
65 30
15 35
11 29
56 77
59 94
72 47
77 1
65 72
81 53
48 63
96 30
17 89
44 92
18 88
22 54
75 7
84 98
68 53
7 93
3 84
26 73
46 91
6 46
76 85
18 60
99 3
11 46
89 60
93 81
52 95
13 91
98 6
86 8
12 49
58 10
75 24
67 21
84 60
71 64
88 25
64 99
14 28
11 21
96 62
26 81
74 27
39 87
43 8
21 83
31 69
60 48
98 48
83 97
84 51
57 2
8 67
72 33
75 94
50 65
12 54
3 32
91 82
96 97
76 12
22 94
56 94
5 86
79 19
0 16
14 46
13 45
38 51
1 86
38 41
49 27
33 69
47 79
44 85
9 6
50 74
94 26
58 43
70 54
46 72
19 8
53 6
97 64
90 91
97 19
86 18
95 93
43 49
87 14
7 92
62 4
41 48
74 83
31 30
60 43
33 17
83 48
86 43
38 32
59 54
95 69
85 26
88 49
19 50
15 31
80 18
94 15
26 76
18 46
52 33
97 18
30 77
75 35
82 3
98 52
46 47
76 38
47 87
84 78
73 71
7 55
64 87
32 10
34 23
99 13
66 8
78 56
55 62
44 59
4 79
99 50
84 26
12 2
24 91
19 54
10 41
19 14
58 50
66 98
76 33
52 92
89 85
88 26
83 15
64 35
41 42
52 66
19 17
57 39
48 40
77 57
12 33
39 34
35 44
87 38
60 9
17 2
27 47
12 71
22 66
53 29
5 19
61 6
2 74
66 5
75 45
6 37
64 37
10 77
3 41
23 74
85 62
29 98
90 37
1 55
88 61
62 82
51 45
92 35
28 80
97 0
22 89
78 57
93 0
98 71
64 2
99 47
60 73
33 66
97 31
84 0
58 80
35 17
7 31
22 10
39 47
16 93
24 51
34 33
65 0
58 97
88 48
37 96
30 10
52 26
98 38
32 97
44 42
18 34
73 45
34 31
76 60
17 37
88 40
16 83
36 37
11 2
56 82
34 6
30 3
16 72
2 99
5 49
25 67
90 55
24 7
72 97
11 3
0 51
5 3
79 34
91 30
42 82
52 57
78 58
2 73
89 83
78 35
14 70
26 37
75 92
4 10
26 69
4 74
68 4
62 86
79 30
14 34
62 88
40 89
35 41
63 38
24 40
1 63
72 59
18 8
46 0
43 36
48 10
31 93
73 41
21 31
64 10
21 91
69 34
96 33
27 68
63 19
44 21
44 22
72 12
32 31
79 61
37 32
12 41
70 55
82 8
60 27
43 17
5 43
97 73
26 30
17 71
57 89
50 96
96 20
36 93
58 57
53 44
7 44
67 68
22 93
75 48
95 9
14 38
4 97
22 69
43 92
95 68
65 83
3 21
66 43
23 90
50 67
59 49
40 72
66 92
0 73
45 18
22 23
35 76
30 95
16 25
72 34
3 9
62 51
52 47
49 7
1 40
43 88
40 15
94 47
8 68
34 16
66 42
5 53
4 5
67 65
16 11
57 55
68 49
2 28
30 18
21 23
50 83
31 54
40 39
6 77
93 10
98 28
45 23
21 41
55 3
10 3
20 32
80 44
73 10
32 90
85 88
35 6
76 16
63 21
80 15
10 47
83 93
76 88
93 79
39 44
61 46
40 98
49 84
54 83
62 15
94 99
17 26
35 91
14 57
35 0
77 85
56 64
31 41
92 33
7 58
27 58
84 13
64 75
52 78
18 89
98 87
5 22
46 24
85 2
81 65
72 56
35 74
80 5
67 35
35 54
41 53
70 32
60 40
78 26
57 33
78 72
3 24
70 76
9 90
40 44
51 52
34 61
13 46
71 93
59 45
35 28
21 2
17 4
43 41
67 36
11 55
50 79
17 30
84 66
89 69
52 69
46 7
28 93
94 84
80 95
52 55
95 7
4 83
77 79
0 86
74 96
84 45
55 85
27 86
47 11
7 86
17 72
35 55
93 29
56 18
71 55
1 94
18 67
21 16
57 65
9 87
0 60
40 58
82 12
96 64
40 61
46 32
37 66
65 23
28 31
44 97
92 96
32 51
86 98
50 1
69 55
2 10
6 36
1 26
41 74
56 28
69 59
65 11
86 97
69 73
89 53
21 74
61 90
17 62
87 28
52 67
6 5
49 71
66 17
89 26
59 12
30 93
23 80
8 37
41 49
42 90
73 72
1 29
72 0
17 14
45 80
29 58
88 15
44 96
4 71
42 89
0 96
18 42
1 96
28 64
50 45
82 95
13 36
6 48
63 96
98 18
38 97
4 61
37 2
55 37
63 60
64 53
17 16
9 19
7 37
20 70
77 2
82 97
24 26
63 80
95 73
4 9
77 97
44 87
35 8
51 59
88 64
7 62
91 60
57 42
74 69
21 68
92 93
37 45
74 5
14 4
9 39
56 86
77 87
99 17
37 14
96 4
21 62
86 99
7 90
68 1
63 52
38 21
72 8
68 93
47 37
78 23
86 91
30 50
36 62
99 32
28 9
75 89
10 90
48 80
0 79
59 91
95 21
67 81
31 5
15 20
36 89
16 43
0 21
13 66
56 31
0 12
29 8
15 85
44 28
39 33
70 1
94 37
26 11
55 96
5 95
31 74
7 35
77 74
55 73
63 72
60 37
76 23
48 79
77 9
23 83
80 49
89 49
96 27
1 6
9 54
46 25
69 11
36 68
40 2
13 78
36 24
70 79
48 14
16 85
79 84
59 98
98 10
61 93
1 41
83 22
90 68
39 75
54 68
1 81
71 81
34 82
70 27
42 1
90 16
53 21
18 74
8 41
85 98
91 93
41 19
20 26
47 56
27 37
42 97
85 80
73 52
48 57
18 71
9 27
5 87
31 80
51 72
42 64
98 77
15 32
19 7
3 38
14 84
90 96
33 30
84 53
14 72
85 67
62 63
80 1
85 82
45 24
42 40
71 1
74 68
71 92
69 8
26 4
27 64
78 17
34 78
71 86
76 32
92 24
57 47
52 13
10 57
24 10
29 67
46 50
22 41
65 66
16 56
26 64
8 45
25 40
35 53
70 57
4 27
40 50
39 81
7 84
63 24
44 3
0 7
23 5
75 36
5 40
94 71
57 64
94 49
39 3
10 23
61 48
31 63
45 77
8 32
87 20
35 65
49 56
2 89
6 99
54 47
0 95
85 50
46 86
57 93
36 96
83 87
81 73
95 37
70 45
22 19
93 4
74 15
38 80
93 64
83 68
82 41
17 52
8 84
45 69
37 52
47 36
29 79
1 38
57 76
37 61
28 27
97 37
7 54
88 24
69 14
5 32
57 1
10 14
98 34
71 68
29 61
97 9
57 88
5 17
50 39
44 82
22 73
29 7
82 67
7 70
92 21
59 84
1 31
50 38
91 10
90 60
24 17
56 95
85 37
59 50
55 50
24 96
36 31
59 10
3 60
50 2
59 78
83 56
15 91
41 7
78 97
39 70
9 20
60 97
20 62
55 0
24 68
7 4
14 42
75 77
93 90
50 91
11 25
93 25
26 8
52 40
61 63
77 92
2 47
94 86
46 80
9 58
1 73
4 39
91 54
73 40
6 14
32 39
8 21
34 77
10 46
67 73
65 74
69 65
12 67
40 14
76 22
23 69
19 75
98 17
27 99
52 86
52 28
23 38
92 61
79 71
25 13
92 28
73 68
68 9
38 34
45 86
90 4
45 20
13 95
87 61
6 84
85 30
31 94
63 25
44 98
22 49
2 33
19 47
98 76
34 76
2 66
85 19
80 8
66 7
43 71
8 81
75 34
56 27
64 1
99 58
73 58
59 8
2 94
42 16
47 6
97 75
13 72
68 15
72 52
32 22
94 16
46 90
29 81
55 88
7 79
86 74
29 66
14 39
52 39
6 8
84 62
31 77
33 87
7 85
78 76
16 67
45 78
2 69
93 18
29 24
24 42
0 53
86 65
11 30
23 92
8 25
57 51
30 47
20 88
49 63
75 67
1 52
41 47
41 77
50 88
54 92
90 15
26 59
2 84
89 87
71 95
15 0
93 77
58 6
95 14
51 95
53 60
6 87
43 27
33 45
83 86
3 72
11 62
92 51
51 50
17 92
52 16
56 67
38 54
96 9
29 45
60 51
40 56
79 72
79 45
10 86
49 42
72 94
60 68
54 46
1 78
28 18
96 89
28 6
67 51
31 40
19 35
28 94
61 10
40 77
35 68
84 80
13 73
8 58
57 62
56 15
93 37
40 7
63 35
69 70
24 64
66 69
33 88
60 41
12 43
34 64
14 27
78 43
78 11
66 96
17 68
11 80
4 1
75 88
11 8
76 47
57 79
9 29
79 58
79 10
99 22
71 11
20 81
66 32
83 26
58 76
81 55
42 93
15 49
71 27
77 25
82 90
14 89
91 56
31 66
67 1
22 84
82 21
20 3
74 16
86 73
65 58
