100
734 556 75 145 155 78 838 662 607 381 513 542 674 129 570 209 616 579 388 33 742 204 195 870 893 920 156 439 526 136 217 720 50 139 665 874 893 453 652 259 725 920 562 106 702 478 853 270 741 654 764 354 737 703 143 26 426 295 980 8 314 709 79 525 105 669 802 907 562 114 145 737 367 35 879 545 976 666 565 217 494 770 891 384 918 626 477 510 122 653 456 232 705 681 941 703 677 395 535 587 
20
591 222 974 454 882 486 21 887 605 555 464 662 455 407 515 200 767 259 988 184 
1000
72 93
78 8
97 0
80 62
2 52
21 40
46 54
27 98
75 62
65 16
57 21
87 6
9 92
88 6
32 23
62 17
24 48
24 68
50 47
18 17
88 79
18 11
90 18
4 53
47 90
2 11
76 75
81 27
37 72
69 39
48 9
69 16
56 84
10 74
56 2
36 64
98 82
68 54
3 45
3 52
33 13
3 99
30 55
82 63
1 22
42 30
36 18
35 56
58 36
26 88
42 71
96 8
83 54
51 63
12 42
32 45
43 47
63 34
57 87
45 69
52 60
15 49
70 47
38 29
36 82
55 85
80 9
20 80
73 53
63 29
62 51
39 87
18 46
72 53
6 60
33 73
35 55
20 41
78 51
17 63
72 85
78 21
59 1
52 71
16 29
10 16
30 84
70 66
22 46
99 33
94 92
74 93
59 36
84 45
52 47
76 66
12 5
66 14
67 48
66 32
24 43
44 47
23 37
5 79
23 40
2 41
64 22
40 32
18 86
35 32
50 90
94 29
80 26
32 28
57 20
11 56
66 90
28 99
77 88
84 39
81 97
45 62
62 79
82 45
7 9
19 70
85 2
80 75
25 11
23 44
30 22
75 78
93 60
40 73
32 77
48 89
83 67
39 76
77 97
60 95
8 81
99 88
41 18
80 36
75 38
92 12
70 1
57 19
34 44
51 26
22 83
26 56
24 11
7 53
5 24
64 11
21 72
64 49
38 65
56 27
5 62
43 19
99 76
13 4
51 36
57 66
72 95
76 81
23 64
98 75
16 45
53 22
14 16
90 52
36 94
60 62
45 15
61 71
34 46
68 79
88 4
1 12
98 31
67 65
78 36
86 48
70 58
19 8
42 64
78 77
4 57
52 70
62 25
8 34
23 95
77 1
68 55
32 5
16 27
52 68
76 96
90 29
19 96
6 28
13 1
29 70
95 63
93 41
87 60
51 98
4 11
46 20
79 14
79 92
14 68
28 9
29 10
7 79
21 64
8 39
76 31
90 79
84 47
27 41
84 48
68 86
4 70
73 60
48 70
50 96
11 39
92 38
61 38
94 96
27 12
89 2
27 86
69 44
63 44
82 56
30 91
43 0
50 1
74 20
92 33
31 71
50 39
86 28
53 70
16 7
88 32
28 77
77 48
35 27
64 7
79 37
21 48
15 16
33 85
72 57
95 17
13 26
30 83
45 80
44 82
61 76
86 69
37 10
16 81
54 8
23 16
10 86
97 8
9 19
75 74
39 85
66 45
9 59
98 74
94 8
94 49
5 80
29 47
94 89
70 35
93 97
92 43
62 43
84 43
75 13
89 17
92 50
65 43
42 53
99 16
19 82
5 6
61 79
26 19
28 13
10 47
78 18
41 35
25 41
17 61
17 39
27 66
38 26
87 93
4 71
53 78
40 96
61 85
85 98
5 15
46 48
58 42
88 91
22 95
71 37
39 88
23 92
67 2
55 34
59 39
20 3
82 86
90 51
89 81
2 10
45 39
80 41
24 38
76 69
88 78
35 36
89 47
23 17
61 59
59 82
73 57
11 60
95 77
94 74
67 19
19 0
49 9
8 25
58 38
93 31
21 87
4 15
25 35
17 3
97 95
39 70
99 24
2 87
79 64
71 23
52 6
34 74
53 15
22 5
84 18
8 41
6 19
46 37
88 33
4 59
6 97
20 58
16 33
6 59
84 35
24 97
3 0
39 81
36 57
9 90
66 51
25 81
45 73
71 7
34 24
5 44
29 89
83 58
93 91
68 99
26 12
20 17
47 28
9 15
82 6
83 12
8 28
7 29
58 93
6 2
21 16
95 13
79 49
34 94
7 39
55 72
56 36
32 78
89 52
34 40
65 88
98 19
3 6
4 42
2 17
79 3
82 74
66 92
22 38
31 77
68 47
58 29
24 2
40 74
46 24
76 33
89 25
70 27
1 42
11 41
41 56
91 84
65 71
49 53
99 5
12 36
68 22
53 54
57 56
5 47
92 14
80 38
3 96
78 23
59 7
41 50
61 37
3 63
65 58
81 14
58 62
63 66
80 7
77 96
36 7
68 63
24 51
19 56
42 5
99 93
1 90
91 10
44 28
38 3
76 91
30 14
60 53
65 97
27 18
47 63
71 83
68 37
94 22
52 37
57 9
90 74
9 87
97 32
65 66
8 51
24 89
50 27
97 43
89 75
11 89
22 39
67 47
59 51
4 78
28 95
60 19
90 77
18 75
98 48
8 93
98 39
31 63
43 75
72 88
39 74
37 2
11 92
87 42
79 25
87 90
64 30
72 51
81 56
32 31
12 59
36 28
71 39
97 56
15 68
65 87
53 66
76 9
78 52
38 87
12 25
65 47
46 91
3 50
69 59
0 75
16 17
29 93
13 38
15 43
53 51
76 54
14 99
0 68
85 36
89 13
7 8
51 95
55 69
37 65
86 56
16 30
19 7
14 40
31 47
34 3
91 23
52 66
68 33
97 75
42 36
75 69
57 89
48 33
81 44
43 85
3 33
57 67
78 57
13 5
78 19
26 50
50 64
20 49
68 84
46 65
74 73
42 65
56 23
59 97
56 43
2 92
15 86
99 22
0 95
74 31
70 54
45 59
42 33
26 93
85 96
49 26
64 6
69 63
20 96
33 49
13 39
38 25
29 18
31 10
81 83
81 63
73 15
86 21
36 20
18 58
88 16
99 69
86 77
2 38
78 69
96 66
86 47
73 80
26 8
1 87
62 22
50 0
70 77
42 32
61 4
72 1
68 95
16 11
79 54
91 98
61 93
41 47
97 9
87 45
11 28
64 96
51 6
96 17
15 32
3 16
59 16
82 39
83 45
64 66
52 4
89 83
44 58
42 78
37 95
81 1
77 35
67 4
57 39
50 57
41 46
32 63
66 59
67 38
54 64
56 6
66 4
54 9
72 35
92 42
22 23
57 84
36 63
49 30
54 75
3 85
38 88
6 45
39 55
36 6
39 41
77 24
38 6
19 21
31 23
70 71
13 77
19 69
55 24
26 30
46 93
42 46
3 70
69 34
50 29
62 11
35 90
51 16
73 14
32 12
98 37
98 93
94 59
79 99
32 51
39 93
33 90
0 74
17 46
84 72
67 69
55 3
65 23
8 67
75 5
65 17
78 26
20 2
34 81
41 23
20 19
97 3
84 52
35 46
39 2
88 34
49 89
94 14
38 99
37 97
98 49
18 87
57 5
56 32
8 76
45 9
69 20
38 72
83 5
30 80
22 0
71 93
0 51
5 30
14 56
39 52
93 30
2 0
93 65
82 78
97 48
6 24
74 86
86 14
2 53
44 56
0 66
66 38
53 5
64 57
42 69
30 40
96 63
68 77
62 59
42 81
78 74
37 29
75 28
61 18
9 3
86 95
27 54
67 95
19 18
48 96
29 98
40 49
62 3
82 5
61 84
67 20
94 38
4 51
27 71
37 94
96 43
13 93
47 69
63 15
95 3
47 51
86 34
2 50
29 28
13 96
23 2
75 42
65 39
35 21
34 67
15 64
7 74
23 28
98 14
4 77
5 50
78 16
84 46
87 99
18 99
69 95
89 59
69 93
50 81
96 73
67 14
87 56
96 33
14 12
66 26
62 85
86 63
38 60
96 89
85 51
97 34
89 46
55 37
78 25
87 61
60 50
50 73
78 89
71 38
89 30
76 15
43 30
4 54
74 27
81 53
86 66
37 26
25 90
94 60
80 1
43 41
97 84
55 51
22 45
14 5
17 14
40 60
34 59
45 79
30 19
15 1
37 43
16 41
88 92
85 8
28 61
10 13
52 14
8 50
78 94
41 5
17 55
64 12
21 17
14 28
5 55
48 54
74 25
86 7
88 0
12 68
99 21
21 49
12 60
53 17
24 16
98 2
25 65
44 37
30 94
48 1
69 54
88 85
13 3
26 62
83 9
29 73
36 83
11 80
28 74
96 30
27 15
53 19
98 83
10 66
37 7
25 2
24 12
55 45
27 31
69 27
5 27
76 50
63 65
93 59
46 81
17 6
19 95
44 35
88 69
6 67
62 96
10 73
0 34
45 70
37 20
28 96
37 11
80 55
85 93
96 54
78 40
89 99
7 6
70 14
98 4
33 10
58 14
36 31
0 61
78 56
23 87
5 21
48 13
77 46
0 11
80 93
94 10
40 83
79 20
41 9
97 15
88 98
89 84
67 66
96 14
96 87
51 25
95 20
16 46
79 1
32 90
51 58
14 97
17 74
88 17
9 85
66 58
47 87
62 6
46 14
48 75
71 15
36 16
73 69
41 66
12 46
70 85
91 90
16 39
62 57
84 54
42 89
16 70
55 4
48 59
82 91
36 37
9 79
94 31
48 10
68 65
70 17
51 94
22 31
28 37
61 19
45 7
71 30
95 21
62 92
27 25
11 98
72 45
25 3
82 27
38 14
66 89
60 56
9 55
91 43
20 84
18 57
87 72
45 35
39 62
59 91
61 91
29 0
46 86
83 47
86 9
83 68
12 84
66 71
