100
556 500 193 209 305 86 69 167 36 108 53 343 284 244 571 388 273 460 934 649 84 703 616 581 974 581 358 0 704 907 899 736 210 909 387 320 250 186 116 251 39 875 949 935 487 987 890 940 453 537 107 344 246 574 624 201 709 34 203 397 980 848 991 170 285 187 836 373 770 517 862 61 919 98 304 736 135 400 165 7 890 224 838 365 430 85 115 821 349 815 107 118 410 98 176 74 445 959 710 443 
20
474 135 158 940 272 896 522 995 925 592 785 470 22 169 649 94 6 707 969 588 
1000
49 69
73 66
89 95
86 10
0 64
17 13
96 19
51 98
96 94
44 33
65 47
47 11
35 94
69 28
62 29
39 25
38 25
38 26
71 53
57 53
81 11
68 67
76 40
91 27
71 84
34 77
87 41
22 10
17 31
29 38
38 77
67 98
70 56
68 71
75 83
94 33
32 5
17 38
16 72
1 66
31 36
79 49
66 57
55 84
18 12
9 37
19 37
0 27
91 68
67 0
31 48
92 22
23 24
23 46
59 38
95 11
53 80
49 37
35 10
40 13
25 99
49 59
83 5
69 17
13 65
15 54
84 85
46 50
64 10
46 33
91 17
47 64
45 40
75 50
14 20
34 27
14 46
80 97
81 47
93 46
85 24
75 96
74 3
17 47
54 81
97 10
32 4
63 90
67 27
1 36
66 15
89 40
95 66
19 4
66 19
42 2
71 28
27 97
3 28
2 81
96 70
55 38
85 50
17 16
35 15
59 45
91 93
51 82
90 54
53 70
85 23
93 24
48 23
87 84
49 5
70 81
9 11
93 64
97 63
28 19
86 12
37 87
63 45
24 55
8 10
54 28
44 99
61 10
85 53
19 76
51 26
75 77
74 92
22 14
10 38
44 25
1 90
97 89
40 78
18 29
98 7
41 2
38 0
79 51
22 76
24 89
67 41
62 3
18 68
6 36
76 68
87 58
40 10
0 41
0 16
99 42
47 31
50 47
48 28
43 99
55 63
88 87
78 34
49 80
39 64
83 38
10 56
94 58
54 57
33 63
51 27
47 98
68 31
59 42
34 70
15 83
12 14
6 43
99 78
21 8
8 15
65 21
28 2
43 63
55 54
53 5
18 22
46 16
84 42
21 58
87 42
41 75
55 86
2 96
32 2
74 65
66 27
22 32
81 98
52 19
22 82
74 31
77 49
58 26
48 77
76 36
88 21
85 60
43 91
39 81
87 73
60 18
72 76
10 83
58 99
91 79
71 87
36 7
28 81
70 17
72 75
84 26
17 68
11 77
98 64
55 87
15 31
46 5
20 28
1 71
93 63
36 8
49 28
22 80
33 7
17 55
30 97
43 48
36 84
33 21
23 95
90 94
11 16
63 44
46 68
40 44
0 51
78 75
69 62
9 30
79 20
34 87
92 80
83 16
90 44
63 86
97 34
19 59
90 31
66 77
29 74
2 47
40 60
93 10
0 37
55 6
95 4
20 46
65 54
64 28
0 53
31 81
34 14
49 23
79 39
99 18
30 23
46 84
2 78
23 80
30 7
5 26
23 0
84 12
17 85
85 22
67 74
14 40
34 76
2 53
91 29
70 38
14 92
31 97
85 36
8 81
58 72
33 5
14 37
10 77
56 30
64 29
95 35
19 24
25 94
53 59
73 19
67 78
13 19
8 75
39 83
35 87
40 11
9 79
88 58
41 6
29 6
8 78
81 63
43 93
83 65
74 13
0 95
52 64
12 7
48 27
52 94
70 18
87 26
58 1
83 0
25 86
82 65
20 37
3 23
63 19
44 34
25 43
4 27
49 47
72 7
81 85
72 14
20 77
47 34
52 75
84 45
2 59
0 43
73 14
59 30
6 44
85 6
75 93
94 84
41 14
54 85
80 51
91 37
90 67
94 40
44 57
51 1
79 35
31 56
96 85
36 77
70 0
87 20
24 66
12 75
95 75
17 63
87 59
59 39
60 56
98 5
69 52
63 60
42 26
4 63
53 73
76 3
96 62
68 33
10 74
6 48
59 74
75 55
78 16
31 59
95 46
27 86
22 2
87 69
20 40
50 37
57 94
74 63
74 16
67 43
64 59
41 51
43 85
71 72
68 66
89 50
86 65
22 6
14 78
62 23
43 88
80 8
73 76
87 53
26 90
28 75
0 78
56 57
85 56
2 38
42 4
77 76
31 33
4 44
67 49
30 61
67 35
66 64
96 34
36 79
77 26
98 88
63 35
10 99
54 62
55 68
92 56
6 46
9 41
45 76
76 57
16 21
96 89
25 65
69 9
86 61
54 37
58 85
74 86
68 78
40 7
39 52
97 62
1 82
40 80
98 68
32 61
14 0
57 97
74 85
12 77
1 17
24 76
57 1
90 2
45 16
88 14
85 21
60 21
54 98
16 59
73 67
35 2
86 2
54 48
88 75
27 11
99 87
95 18
62 38
61 85
50 13
79 67
27 62
52 87
88 97
10 78
30 13
58 9
73 36
65 52
62 68
22 42
37 23
55 19
54 33
52 50
28 37
67 40
52 68
64 14
70 86
3 93
62 48
87 33
22 19
73 62
74 91
58 30
34 21
35 99
59 35
51 43
48 20
33 43
68 86
75 46
57 70
10 70
4 57
80 47
97 83
65 64
40 81
20 34
75 92
19 29
10 23
92 13
6 31
1 26
66 86
24 18
36 3
66 50
45 41
89 21
64 17
16 55
67 95
24 88
21 80
54 10
33 99
45 44
5 24
25 89
40 85
51 63
49 0
8 84
72 86
46 76
62 19
68 85
17 46
14 98
59 71
26 39
65 67
90 9
31 27
91 34
1 56
32 56
65 27
84 65
74 33
78 96
24 82
10 87
77 69
36 30
0 57
67 52
24 53
53 9
10 26
64 21
2 8
26 69
2 56
78 83
63 30
37 79
86 67
5 56
2 62
31 7
32 41
19 5
4 74
39 8
9 91
34 88
22 37
98 21
82 23
87 12
15 10
85 42
22 12
15 88
44 51
65 73
69 74
10 18
44 67
54 23
68 92
30 54
14 75
23 97
36 56
25 88
69 92
39 44
91 1
22 72
66 38
45 55
31 23
51 33
25 46
6 7
55 48
46 86
83 48
22 43
55 65
28 16
92 50
43 54
55 21
49 78
65 88
63 6
68 96
31 67
57 79
63 99
40 99
27 6
94 43
2 99
37 96
7 14
66 43
4 18
95 82
72 9
49 12
25 53
20 38
81 58
74 81
46 37
95 13
82 31
41 82
72 81
99 64
49 98
77 53
81 92
25 41
32 67
60 90
0 68
0 52
59 95
22 84
65 17
62 70
18 77
1 41
10 58
25 28
15 47
64 7
7 95
93 77
80 37
6 56
94 93
91 44
49 21
95 43
30 4
41 16
14 52
79 8
19 43
98 79
30 67
75 1
2 94
28 7
26 55
51 28
61 53
28 62
76 83
75 30
58 19
12 23
1 14
57 82
62 5
48 67
29 45
82 72
97 17
68 5
41 7
35 68
59 25
57 31
86 93
77 16
49 54
98 93
18 41
18 28
25 69
10 62
47 33
95 78
8 94
27 23
64 12
2 87
67 45
78 52
49 10
43 82
73 41
43 49
22 86
38 41
30 14
47 87
84 69
16 96
5 42
46 15
99 36
95 10
43 32
91 19
83 86
76 12
40 61
26 56
15 87
83 57
69 43
1 43
43 15
40 38
3 60
91 53
82 10
92 45
21 95
53 75
1 42
87 75
14 10
2 37
44 11
93 84
27 81
37 35
53 86
51 72
59 67
64 77
15 25
83 84
53 95
58 18
51 35
36 91
88 81
31 46
51 64
59 27
81 60
60 70
8 19
9 56
10 13
13 64
67 15
77 63
35 88
40 31
52 25
92 23
30 65
20 16
9 63
11 57
51 54
91 76
43 73
88 82
24 75
32 98
0 62
47 93
22 3
92 25
50 35
95 19
97 74
69 96
0 8
74 76
38 14
4 37
96 93
72 53
53 34
77 19
55 32
52 17
57 72
16 66
23 79
34 2
21 75
26 25
61 41
71 80
91 10
13 86
1 35
51 97
40 70
89 38
15 20
95 34
44 89
40 96
91 6
70 93
70 19
61 0
71 38
2 66
8 25
91 90
7 55
12 33
28 92
5 57
99 60
78 30
14 70
68 64
15 48
25 22
12 1
99 1
17 81
80 42
65 58
18 74
10 76
11 67
12 71
93 88
42 28
16 36
12 15
65 49
29 90
81 12
55 25
97 81
30 48
19 82
94 88
82 48
8 42
31 91
39 55
46 71
23 89
35 6
34 90
53 7
17 29
59 24
50 87
7 5
94 89
58 38
34 73
67 3
83 67
12 36
17 14
15 9
26 47
63 85
7 79
75 56
91 96
21 3
94 76
78 61
22 81
35 8
32 96
8 69
5 92
57 19
60 0
20 94
60 82
10 57
94 63
27 7
66 23
0 35
16 4
17 49
97 25
4 56
37 10
51 37
18 75
8 65
90 25
31 3
55 34
26 91
30 18
75 23
60 28
51 58
44 46
42 23
49 41
95 81
51 29
9 31
14 18
53 54
84 25
11 96
71 33
60 87
77 5
13 28
16 60
32 74
82 3
76 26
36 69
5 38
1 55
84 15
3 77
58 25
12 78
83 27
9 47
91 84
40 79
33 6
64 94
85 57
5 58
65 9
50 94
92 67
52 18
60 57
73 11
73 23
79 54
70 5
60 24
5 84
52 37
3 34
82 6
96 63
58 91
79 44
80 95
32 47
21 99
21 74
78 28
