100
257 41 182 310 167 196 254 367 634 158 140 425 855 354 971 648 791 545 273 313 567 688 251 694 222 354 410 346 66 352 437 496 445 900 920 290 728 5 354 239 96 576 134 572 779 646 418 835 194 755 49 717 575 47 885 728 383 429 236 22 214 677 212 201 779 890 768 853 630 720 224 370 888 796 530 497 929 13 122 23 449 140 540 100 366 625 735 894 649 396 426 266 821 462 719 656 200 696 664 404 
20
529 535 587 602 27 867 279 475 203 94 449 308 112 839 419 214 442 755 766 981 
1000
72 48
26 86
52 36
99 50
70 21
95 49
34 23
59 22
9 96
87 8
69 24
48 24
3 62
67 92
81 39
61 3
3 43
14 21
21 55
3 18
35 86
29 73
60 19
78 86
57 76
68 62
50 25
84 54
86 84
11 42
8 75
66 49
55 17
61 92
44 73
50 89
21 78
1 69
22 50
45 15
77 24
45 37
91 68
42 66
82 34
67 59
98 40
91 71
90 10
53 17
45 19
41 58
62 91
20 49
61 89
59 90
40 46
8 37
60 17
0 34
16 33
2 71
71 93
13 0
20 32
45 31
89 55
17 68
30 78
65 28
10 13
78 84
86 55
56 87
34 24
26 83
53 12
60 23
91 42
96 24
15 86
81 90
87 0
10 5
85 16
76 89
95 9
73 96
21 49
6 93
3 28
2 31
0 66
17 44
95 17
69 36
97 68
89 66
49 43
62 86
46 31
86 6
41 94
10 98
27 37
37 57
18 79
36 68
18 6
47 19
68 61
83 21
65 43
47 12
52 41
94 18
77 85
4 87
67 57
20 71
91 25
73 69
48 44
32 13
58 44
24 26
18 19
5 99
37 39
44 50
48 93
9 85
74 30
95 3
66 39
58 63
2 55
70 96
45 18
2 11
71 15
95 66
87 11
82 59
65 55
61 47
47 83
86 66
82 68
85 36
41 26
37 43
30 95
40 21
78 92
52 98
33 58
30 58
22 45
31 33
54 78
91 24
92 55
50 27
91 31
4 59
6 16
70 51
70 66
24 30
96 4
35 82
5 15
96 99
72 94
49 35
75 55
33 69
78 53
51 97
92 0
2 69
4 99
78 73
38 15
95 69
94 40
35 89
84 79
78 28
34 77
17 88
82 7
37 50
86 25
55 9
37 99
55 32
21 22
50 53
70 75
29 12
76 92
50 14
45 75
93 74
42 40
57 47
93 45
1 24
37 3
91 87
54 8
52 51
9 13
22 8
94 85
72 46
8 91
75 23
76 0
40 69
67 40
43 41
97 49
40 2
79 7
19 95
88 70
97 6
43 47
1 90
12 81
71 31
63 55
19 22
13 2
9 74
1 7
95 10
71 90
50 18
63 93
22 27
88 29
80 91
45 5
86 77
25 12
76 97
23 37
12 22
43 78
31 62
29 10
48 97
28 26
81 60
91 48
76 46
47 67
76 91
94 4
21 91
32 38
44 62
79 28
97 32
2 60
32 19
23 91
90 41
17 8
5 86
85 63
76 33
5 50
64 36
20 14
29 52
89 73
56 21
26 96
30 15
3 8
88 83
42 98
47 94
94 82
61 53
67 85
93 20
90 88
11 24
92 4
65 8
73 28
87 57
52 31
85 84
4 85
68 76
99 84
89 94
5 41
81 40
74 58
59 5
36 91
98 99
95 60
24 50
80 36
54 58
17 46
80 62
26 7
43 23
93 84
29 77
92 1
18 17
69 77
84 30
91 10
97 79
50 77
39 96
41 29
4 30
5 61
26 2
4 45
63 3
32 30
18 67
79 71
68 45
30 16
64 2
88 8
21 74
46 82
17 21
48 45
30 13
23 85
74 53
43 88
2 79
3 69
84 80
45 36
70 92
52 7
21 23
17 45
23 24
48 94
12 68
20 0
38 43
87 85
25 33
7 84
94 75
52 35
0 41
85 80
46 24
77 22
21 79
70 30
63 73
66 21
95 76
46 83
21 9
8 34
58 81
63 46
60 50
98 84
34 69
70 55
36 34
16 10
80 26
77 62
23 10
86 34
63 20
17 24
53 91
31 32
5 2
42 97
3 21
76 50
91 12
64 49
41 56
9 33
63 98
89 43
31 5
78 74
70 44
6 43
66 9
62 14
1 42
85 97
75 87
44 12
38 5
29 91
93 13
80 98
45 53
68 43
74 79
17 98
13 75
77 74
86 10
39 30
32 88
59 61
49 91
6 52
22 3
50 78
51 76
1 20
64 29
35 22
96 90
86 12
22 87
8 60
97 54
0 70
95 58
31 95
41 15
2 52
96 65
86 58
17 15
20 86
15 94
2 72
90 25
70 65
56 67
95 8
0 3
81 3
47 63
12 28
30 91
1 30
76 58
71 64
2 45
35 92
50 13
82 81
75 53
36 71
21 77
2 68
50 88
51 90
6 76
43 60
57 53
10 81
89 91
95 50
66 69
7 99
14 5
68 31
14 84
60 93
96 25
34 87
36 9
54 31
65 44
68 57
73 25
39 60
0 56
26 69
37 4
47 37
54 24
20 46
24 14
72 71
30 88
24 79
1 86
31 27
93 73
95 91
67 68
81 62
39 44
98 74
83 91
34 17
85 12
58 82
22 68
27 23
3 96
49 32
89 37
87 71
89 95
44 93
8 68
42 64
55 60
27 73
76 7
36 48
85 64
9 7
69 30
93 35
63 87
23 69
76 82
15 57
39 9
20 37
52 96
50 9
13 85
64 90
2 3
50 91
23 13
25 49
49 41
2 44
35 16
61 29
74 76
36 47
15 87
78 63
48 79
31 77
64 51
86 64
40 4
68 90
28 16
93 11
87 30
36 87
49 45
50 57
92 52
9 49
33 38
85 41
56 13
9 57
72 95
14 66
98 81
36 37
2 73
2 15
80 2
8 28
69 6
0 23
27 67
97 9
80 4
9 84
14 46
75 60
91 79
7 25
11 84
0 8
79 0
35 43
85 54
66 72
26 62
2 42
32 48
30 43
19 71
11 16
83 87
95 18
33 63
83 80
48 50
59 13
97 40
10 3
18 53
89 56
82 29
70 25
55 56
39 24
28 25
46 11
44 3
11 80
43 72
9 1
23 38
72 34
16 96
90 33
57 22
63 64
36 55
44 16
39 0
0 54
81 59
94 96
36 65
45 38
81 34
96 68
43 12
91 94
92 16
74 11
60 7
13 96
22 43
9 17
85 61
82 30
59 26
21 6
64 65
13 37
99 57
83 17
56 48
2 34
58 72
2 93
58 59
25 98
90 23
13 55
75 25
56 15
88 58
15 40
55 48
69 75
14 1
81 9
44 21
67 98
83 27
74 64
87 76
31 89
40 66
91 64
56 39
56 33
50 4
13 60
95 83
74 89
30 20
10 53
76 13
79 85
48 86
49 59
64 82
16 60
28 24
10 34
59 37
89 62
49 86
63 27
55 16
88 92
89 59
91 57
26 94
15 47
57 20
56 23
22 44
94 3
41 3
40 30
93 9
25 84
12 23
79 50
25 39
68 59
38 13
2 88
27 45
72 0
54 90
46 19
38 48
3 31
12 46
32 34
41 66
51 69
79 86
54 9
94 5
24 2
30 97
37 85
94 63
67 95
49 81
61 81
80 99
99 91
73 72
48 89
77 53
54 43
72 68
51 30
53 72
15 62
11 28
1 52
12 42
41 62
25 35
6 85
7 96
24 66
88 51
29 23
8 20
68 16
62 73
90 0
0 31
58 90
88 55
21 42
15 73
12 5
60 92
89 75
52 59
24 70
71 61
65 85
63 80
15 48
59 92
61 74
77 54
73 95
45 89
2 39
79 65
58 38
41 93
75 33
86 50
42 70
12 56
1 80
84 36
52 74
35 97
70 18
67 12
12 70
28 75
18 87
46 16
86 72
19 7
12 99
7 91
55 76
99 30
68 47
20 15
80 30
5 66
30 81
16 71
18 2
17 29
96 91
21 35
23 6
58 55
15 58
84 4
66 7
26 97
71 67
40 68
42 67
53 85
22 76
89 92
32 86
3 5
45 80
52 46
72 61
85 46
16 21
29 5
76 52
80 74
14 72
87 55
35 1
96 89
81 1
62 99
27 48
4 57
24 42
34 33
40 78
60 34
79 75
40 31
22 81
15 52
33 81
61 65
68 70
61 13
9 12
15 72
83 56
95 25
10 33
76 25
93 3
27 70
99 46
84 49
6 28
27 68
48 19
2 63
16 34
64 21
39 73
84 63
99 64
69 72
90 63
39 6
24 12
90 36
80 69
57 83
64 47
78 17
31 93
16 90
24 8
55 53
8 9
28 60
39 48
67 75
94 99
43 58
33 5
60 3
47 31
5 55
84 81
66 8
54 94
93 39
29 86
57 16
9 71
90 13
15 9
91 58
65 67
29 76
12 18
19 43
5 27
41 37
82 43
72 45
41 22
10 11
65 3
14 67
51 66
15 90
29 4
27 11
89 6
0 10
34 41
9 32
80 55
67 8
66 33
80 46
3 6
4 42
59 60
33 48
28 22
57 62
45 10
4 2
35 72
77 14
80 21
83 9
30 85
78 67
62 13
16 53
73 17
65 57
40 89
92 8
73 12
42 8
29 95
14 65
30 83
93 56
94 23
81 97
21 15
38 12
74 46
5 30
21 62
54 68
25 89
0 84
18 21
54 89
43 98
93 23
93 5
85 33
98 32
90 6
7 55
57 23
53 23
19 90
32 33
54 50
22 70
13 45
55 0
89 86
44 49
71 68
17 6
31 63
81 20
52 89
75 40
27 1
25 92
37 88
