100
473 206 421 214 931 662 832 80 823 928 376 506 202 663 945 511 609 898 937 895 450 314 430 962 297 334 170 895 712 228 930 450 591 691 863 894 334 437 719 957 366 631 302 426 51 11 800 719 965 890 132 731 591 389 370 667 955 75 815 691 933 370 5 965 547 789 754 789 629 623 79 68 202 914 50 980 963 614 608 423 650 217 455 71 306 390 240 43 330 112 257 244 955 863 77 254 939 97 868 618 
20
686 158 35 743 796 747 543 504 702 982 226 70 156 129 566 735 761 93 405 962 
1000
3 85
51 91
26 32
63 88
30 56
1 5
39 12
34 82
8 90
21 26
95 80
44 50
61 91
30 26
70 4
46 24
53 1
86 11
85 1
59 55
63 20
80 15
17 96
25 54
13 26
86 59
53 92
23 73
60 66
26 89
71 32
58 41
74 1
33 1
81 28
97 32
66 87
66 46
44 8
1 3
54 72
24 38
24 64
19 36
57 30
6 67
22 72
46 29
79 4
92 48
55 22
48 36
92 25
90 79
6 96
96 2
35 58
31 27
70 50
59 19
13 74
87 62
77 98
82 43
68 3
2 64
86 4
36 11
4 30
49 84
47 27
7 87
84 12
23 65
71 13
45 83
27 20
24 36
34 2
18 74
10 45
53 83
34 73
86 32
10 66
34 84
61 97
84 91
35 59
35 95
1 6
44 21
52 59
88 94
13 73
83 54
12 27
97 14
20 82
91 54
40 51
96 25
75 28
15 9
0 35
92 6
96 9
1 81
33 8
75 56
32 34
12 46
1 86
89 14
70 40
11 44
20 62
37 48
84 54
38 0
26 85
57 67
5 32
92 74
21 85
80 49
44 98
65 1
66 26
50 53
77 21
45 90
66 94
71 29
25 23
20 11
56 83
69 5
89 91
58 16
6 68
99 22
68 19
98 76
96 11
9 52
31 42
55 67
5 82
14 63
95 13
45 32
76 64
79 45
76 22
31 33
9 25
24 44
21 20
92 26
22 83
61 27
89 10
50 41
18 7
0 86
52 21
22 30
67 33
80 48
6 27
57 8
8 37
99 14
90 47
78 15
55 23
68 61
78 50
73 61
83 29
36 45
36 58
54 96
1 43
3 28
58 39
93 85
45 72
52 45
25 43
52 81
10 81
53 0
60 11
36 28
8 41
52 99
40 5
29 65
51 72
40 78
94 8
14 76
68 79
91 57
47 51
42 39
58 80
2 39
32 76
17 74
7 2
59 51
64 26
0 72
61 49
25 1
83 20
58 29
71 16
95 7
7 61
50 21
70 42
77 64
72 74
2 87
87 30
1 58
31 93
18 4
23 21
97 24
21 60
55 86
47 30
91 45
36 3
35 13
48 27
82 75
53 39
72 62
54 43
25 58
75 66
82 27
16 73
10 43
29 33
38 51
68 92
58 32
58 81
19 63
5 61
63 95
56 18
92 50
51 83
38 87
17 29
19 75
72 84
74 93
46 27
99 55
93 76
87 89
95 3
85 90
28 7
19 41
74 70
14 94
70 32
38 88
85 54
61 52
23 82
13 58
4 51
61 67
82 79
51 20
45 35
81 94
86 40
79 7
47 14
16 44
13 66
2 95
5 12
25 29
47 52
73 84
94 39
19 80
2 98
56 7
99 18
66 99
87 84
65 8
25 6
57 54
36 69
41 47
9 79
25 63
34 26
45 25
86 75
62 51
17 25
38 50
65 36
70 34
36 42
61 33
47 45
89 82
52 14
79 91
44 70
99 23
51 56
93 54
42 77
31 73
87 28
23 12
79 12
83 55
98 20
61 60
36 78
28 84
80 11
65 86
38 55
59 17
54 32
96 62
4 21
30 89
15 1
43 5
79 69
64 74
70 55
37 96
81 82
18 79
17 21
36 39
53 70
25 86
29 16
47 36
72 8
25 30
60 50
26 74
49 57
23 62
23 32
42 81
26 82
93 62
59 58
3 30
64 66
61 1
1 34
41 95
10 53
5 73
87 78
90 46
44 91
67 44
79 49
14 75
32 99
13 68
10 15
15 42
61 64
3 31
87 17
78 37
74 49
62 59
51 70
58 63
40 30
4 98
99 51
13 51
7 57
57 59
67 39
65 94
60 88
66 28
47 15
31 86
1 88
77 40
8 24
73 60
55 62
65 49
34 50
49 73
27 43
72 7
82 59
94 7
85 92
1 92
16 83
85 37
72 80
9 77
93 23
70 71
92 59
20 0
99 27
6 82
26 68
39 23
39 22
60 5
19 84
27 16
36 34
56 67
14 32
35 36
56 46
50 46
58 3
42 18
75 77
42 63
71 47
7 59
21 87
72 86
47 96
13 23
6 57
54 59
39 35
61 12
61 55
52 84
3 11
62 4
4 52
95 76
67 27
98 58
38 62
45 2
84 7
13 63
63 12
83 31
17 80
63 48
80 56
26 23
98 52
74 39
11 39
89 93
85 32
6 98
4 36
67 32
61 39
16 46
40 93
12 48
83 80
43 30
84 26
6 88
11 97
48 5
39 54
57 19
94 1
47 62
56 50
96 82
36 26
64 89
47 31
47 22
50 84
7 15
53 73
93 91
77 5
61 63
50 18
69 91
47 77
80 16
40 81
11 77
79 51
73 58
73 21
12 49
15 48
16 45
83 99
7 52
1 13
23 36
88 19
79 2
54 31
12 33
7 77
79 54
25 22
5 17
90 82
68 55
80 71
60 82
79 76
29 27
44 48
82 33
37 6
14 3
50 64
43 90
5 10
61 71
22 23
29 86
33 47
66 78
87 82
86 22
53 81
39 50
74 23
38 44
22 10
16 23
92 0
84 99
46 58
34 60
43 67
4 58
28 34
38 86
48 18
78 12
24 95
55 63
10 7
59 33
56 47
38 72
97 34
61 40
95 6
2 86
45 81
87 79
49 26
99 67
74 21
9 68
64 97
52 83
20 68
58 37
71 15
45 70
89 6
84 33
87 61
96 90
25 64
15 77
67 36
37 53
30 85
41 80
43 99
65 54
54 1
74 81
28 93
3 79
70 2
68 37
88 29
6 93
48 34
67 24
43 40
76 62
53 85
88 39
51 33
92 8
37 50
36 56
54 98
74 7
0 1
42 59
91 5
54 89
9 48
79 43
53 35
52 26
10 11
5 81
63 1
94 46
84 69
4 64
92 67
57 55
87 1
21 11
49 75
68 45
37 73
20 12
76 50
27 74
63 33
70 13
6 87
54 27
88 34
1 67
68 78
36 5
95 61
47 68
79 88
6 91
84 6
24 51
17 60
85 19
62 60
1 31
0 77
67 25
40 96
83 35
75 22
53 15
80 55
70 19
23 15
17 13
44 88
83 97
90 11
3 21
3 87
78 25
66 48
87 90
80 31
87 86
27 89
34 7
55 10
37 33
27 63
97 80
65 28
68 56
26 22
80 24
58 96
52 72
28 72
8 17
21 37
61 72
82 80
35 64
18 80
60 26
27 51
39 13
69 8
85 69
72 4
80 40
84 47
61 70
76 73
72 37
70 31
12 97
62 22
6 7
4 9
43 74
67 94
59 93
89 35
8 77
58 42
75 36
22 38
83 0
41 14
95 78
47 25
3 8
45 24
9 83
32 46
4 71
79 89
19 44
34 40
93 8
19 6
77 69
56 28
93 30
37 71
86 7
52 18
18 51
73 71
75 45
49 87
86 8
95 36
41 77
49 40
9 69
71 77
38 61
41 9
85 70
40 85
20 55
79 24
23 27
84 55
20 70
22 78
89 70
15 79
11 79
81 59
36 25
20 84
95 50
45 76
10 4
3 70
36 6
59 36
8 4
80 90
75 12
65 14
85 41
90 95
95 27
28 43
46 6
59 74
87 44
10 97
14 36
99 71
95 44
59 32
55 40
56 45
72 50
87 36
79 0
46 63
75 85
30 36
93 17
42 12
19 25
11 87
74 98
23 40
28 97
12 64
75 3
41 94
79 99
85 91
27 24
68 11
7 66
59 28
75 62
19 60
89 98
30 17
29 52
47 39
63 17
53 34
51 26
31 63
43 41
80 64
30 96
52 38
44 97
69 55
63 91
31 37
43 49
84 63
91 22
88 89
5 84
96 24
85 80
45 65
72 78
13 60
93 81
85 7
90 81
50 74
57 4
63 94
37 97
37 61
76 7
30 51
43 86
37 63
24 18
36 73
34 33
2 88
12 94
48 30
10 98
9 37
7 47
26 80
28 32
81 29
33 4
31 12
57 72
66 53
23 43
43 2
19 98
51 39
60 40
3 57
8 75
99 1
69 74
8 27
40 12
15 27
5 20
30 63
45 77
94 49
0 74
89 0
38 35
20 91
28 48
24 1
2 33
55 46
67 2
10 67
57 12
17 15
63 67
11 25
40 47
68 5
80 88
13 91
64 37
34 11
86 21
65 11
35 84
50 68
16 93
24 91
37 46
70 92
83 50
95 5
44 34
13 29
47 87
70 83
62 29
4 13
77 60
78 47
51 71
4 35
46 15
11 72
51 15
14 30
23 95
78 45
6 5
59 95
96 22
44 10
23 98
56 76
62 50
0 66
85 17
43 11
10 39
31 91
99 73
76 58
73 63
73 15
52 70
67 28
13 59
79 5
38 58
37 12
62 71
70 26
87 93
28 44
65 95
54 15
98 7
47 48
43 60
87 97
33 92
27 44
81 6
88 84
97 26
82 40
62 48
14 78
75 61
19 30
50 48
71 26
22 16
74 87
91 58
6 59
73 77
31 7
57 86
15 61
57 2
17 40
46 34
18 2
62 8
27 72
34 67
