100
710 430 829 513 597 899 953 751 203 498 458 549 301 896 850 113 23 533 321 856 984 178 237 243 101 773 926 694 121 196 661 602 597 233 917 533 812 328 514 945 598 592 343 194 532 859 412 795 537 779 664 698 841 508 230 267 131 970 561 68 253 712 659 589 790 142 689 230 950 819 622 670 880 975 459 573 782 404 803 804 650 841 250 840 659 667 867 458 870 206 130 630 651 552 624 875 474 699 744 206 
20
760 992 330 692 152 989 341 738 837 888 836 120 260 316 123 351 570 698 395 154 
1000
8 83
7 58
85 28
57 61
85 92
97 10
72 36
36 83
84 64
54 91
15 41
75 2
47 54
49 73
23 11
44 67
64 17
6 9
25 49
62 4
32 52
30 18
11 5
46 28
45 69
8 64
24 46
43 82
79 89
7 20
57 44
12 76
63 71
83 77
61 24
38 18
92 50
71 83
28 48
26 92
89 13
13 62
29 27
18 16
87 5
9 48
27 20
23 63
8 3
90 79
24 89
41 16
90 5
3 56
36 70
38 40
45 0
61 25
74 49
46 84
57 95
90 51
22 43
9 87
90 60
58 88
41 68
88 84
65 5
23 38
76 72
43 54
64 88
9 18
90 74
67 78
24 54
25 77
65 32
99 89
74 51
43 87
55 42
81 5
53 46
24 43
29 24
45 18
90 14
51 64
82 91
45 80
90 61
78 20
66 52
90 89
95 89
93 84
65 60
52 71
8 56
45 73
52 44
53 7
40 22
63 91
59 31
54 36
11 64
97 86
82 48
5 76
79 21
10 44
85 70
33 48
98 82
10 9
17 58
93 11
0 62
27 26
66 70
24 6
3 52
81 39
78 36
32 39
35 81
2 39
0 24
95 61
44 56
74 3
27 83
49 26
16 7
98 6
72 1
47 69
54 20
61 10
87 78
55 47
87 97
38 54
99 67
12 32
61 72
18 47
39 73
54 52
9 45
12 60
69 27
9 63
27 82
52 21
98 74
83 69
72 13
59 89
0 51
25 43
11 31
15 98
88 69
5 92
55 14
63 34
70 88
57 26
95 15
54 76
77 95
92 62
99 59
44 12
55 65
49 38
6 75
65 15
2 49
21 32
63 74
27 64
22 85
41 83
40 82
45 54
65 49
64 97
91 59
76 24
39 84
28 45
65 89
58 83
88 92
44 85
42 64
24 11
8 46
61 14
57 4
67 57
36 56
68 52
38 22
46 83
40 67
4 25
86 50
0 78
81 68
72 51
86 55
3 31
59 23
2 15
9 5
64 35
32 67
82 68
59 85
60 30
72 58
28 69
92 78
44 9
42 8
34 58
41 29
20 79
43 94
3 96
64 66
10 39
57 65
1 93
40 84
29 76
89 39
58 22
88 43
89 8
81 24
95 37
67 95
33 44
41 9
88 91
14 75
58 87
29 79
22 86
79 47
8 13
98 52
77 13
38 16
19 35
99 34
10 64
91 96
83 65
79 92
24 98
2 34
60 5
71 90
13 46
35 90
42 92
39 69
73 96
8 68
44 2
80 38
46 33
88 3
86 21
50 99
34 41
37 52
6 46
67 72
82 24
64 29
24 67
96 95
27 88
10 65
85 82
84 90
78 40
39 76
86 43
40 98
61 42
19 21
32 80
73 65
59 7
90 26
72 88
15 36
52 30
17 76
60 19
15 33
95 58
82 81
83 97
58 70
24 16
93 94
41 56
15 38
99 20
33 63
42 99
97 32
21 41
83 73
71 98
3 17
68 97
36 7
4 30
10 51
72 95
75 72
31 96
98 16
37 4
62 63
10 48
28 58
10 37
74 66
42 80
12 62
69 49
55 99
80 21
5 68
34 73
4 99
36 58
22 49
26 81
12 28
78 95
83 30
26 83
2 6
72 40
19 31
6 8
17 29
83 91
40 94
70 65
21 3
74 42
52 97
45 58
19 18
86 20
35 69
88 55
75 88
38 75
66 36
31 84
94 64
2 64
46 71
21 73
53 78
75 42
2 72
79 60
5 91
39 58
72 25
83 52
2 65
83 15
81 6
37 96
52 61
23 25
4 82
67 2
21 34
26 72
67 71
20 80
2 26
20 67
82 1
2 71
49 34
66 68
85 66
60 88
22 37
83 45
70 23
5 42
38 29
41 10
11 86
94 16
87 84
60 34
10 59
41 57
56 43
16 9
83 50
78 13
79 72
52 94
50 75
41 42
62 26
23 32
26 32
11 96
6 40
97 48
21 46
63 31
21 14
33 56
93 53
16 67
17 21
15 55
67 37
84 61
24 59
85 99
85 86
51 96
23 12
33 65
58 10
78 14
7 60
95 53
37 1
28 62
18 97
69 60
52 59
15 93
30 79
0 95
26 89
87 1
45 62
61 9
36 81
11 60
41 91
74 14
28 8
4 49
16 35
12 65
12 20
38 31
84 14
14 97
57 53
67 42
87 31
19 63
85 74
14 83
35 60
20 16
25 90
34 11
5 29
36 10
51 79
78 99
55 80
15 97
37 93
50 1
27 59
82 92
99 64
88 56
18 37
13 6
20 28
4 89
61 82
69 77
88 71
16 75
43 41
93 29
1 73
43 46
8 98
88 31
19 80
82 69
34 71
54 48
50 44
31 23
48 20
89 41
16 66
76 23
69 40
86 15
58 81
94 7
31 53
97 25
66 32
94 92
10 25
6 34
34 70
19 38
66 41
72 52
38 66
79 55
0 53
38 71
90 9
69 48
70 56
22 30
56 66
63 57
3 61
6 29
75 61
81 19
38 34
79 38
95 30
13 91
83 43
56 74
17 45
38 96
44 79
48 57
54 31
4 53
9 8
37 42
66 33
59 19
42 88
17 96
86 1
13 75
16 95
20 62
80 82
94 1
43 93
4 83
0 12
91 84
39 3
92 80
84 6
69 12
63 60
71 74
42 84
90 50
55 75
17 86
91 10
65 23
62 3
39 16
58 6
64 39
80 65
20 1
16 55
86 61
18 86
83 19
84 44
25 28
80 79
51 71
16 87
30 59
23 68
94 39
90 36
42 72
93 62
22 47
5 40
87 24
77 5
8 41
84 63
48 50
51 81
80 75
69 15
1 55
12 3
82 3
28 73
84 29
40 34
87 53
29 30
36 48
33 96
52 95
96 78
16 52
65 69
64 3
33 4
5 21
30 0
97 63
87 39
98 64
85 29
74 65
84 99
69 52
21 75
72 30
49 84
50 10
17 33
42 28
52 31
91 69
18 36
94 48
78 23
52 82
44 36
18 31
7 49
80 16
45 22
68 88
28 47
88 86
60 93
26 66
77 14
76 40
91 36
27 99
65 46
17 9
84 53
85 94
99 81
24 31
83 12
34 87
65 1
28 29
93 10
71 16
45 53
17 92
46 97
33 23
4 50
33 81
33 77
10 34
12 34
52 11
27 62
79 37
33 11
62 25
52 92
24 45
49 66
70 74
22 5
80 54
63 88
46 20
49 18
42 66
61 34
98 12
41 48
96 50
62 85
83 74
40 81
27 14
74 18
64 43
18 40
2 23
54 83
78 54
49 53
92 95
98 57
63 86
9 53
87 41
21 24
47 42
17 23
67 45
6 97
3 71
59 17
48 26
50 31
69 17
52 34
2 11
48 73
93 71
69 74
70 80
29 52
86 37
92 47
95 48
54 19
57 8
8 7
47 49
29 81
48 76
70 55
57 12
52 87
99 90
45 52
4 92
91 40
40 21
71 44
51 83
87 35
77 53
75 67
75 48
30 39
21 81
80 22
78 44
14 79
69 42
14 53
22 26
49 97
2 85
61 76
32 27
78 65
59 11
5 13
22 56
99 47
21 22
33 98
92 9
35 44
57 76
37 60
51 75
9 93
42 81
14 22
7 72
7 22
83 22
59 62
73 98
46 49
74 26
68 36
41 72
27 25
67 6
38 74
49 45
93 14
35 5
26 59
61 78
78 11
57 79
62 76
57 89
40 63
3 77
27 9
25 70
85 81
33 92
23 8
47 4
60 27
51 55
1 6
69 22
20 17
66 96
34 86
88 30
67 7
40 65
43 8
57 54
4 11
32 8
57 47
4 72
45 78
61 59
50 30
27 23
28 36
34 89
55 9
20 95
51 11
79 75
17 31
94 83
26 53
54 21
43 4
86 94
84 60
76 6
50 21
0 5
88 57
86 64
33 29
15 29
42 62
79 23
21 95
61 66
30 68
93 83
99 93
2 3
71 72
32 16
10 49
32 25
57 64
19 51
16 42
50 42
12 79
15 49
66 21
79 62
44 6
86 29
63 83
22 46
13 87
47 67
99 86
20 82
29 26
43 99
71 87
73 14
98 19
75 34
53 21
67 5
63 29
52 76
64 90
71 84
56 90
51 26
97 71
70 6
76 25
72 5
54 81
91 45
75 64
31 81
13 96
95 81
0 14
4 35
54 75
31 4
2 90
63 25
56 13
24 53
41 84
57 81
93 12
35 54
43 5
84 89
48 32
34 43
30 89
80 59
53 55
4 0
65 17
88 98
29 43
55 67
51 68
39 66
77 12
92 70
22 97
25 50
17 60
11 36
68 46
68 11
71 68
53 6
23 87
95 68
35 7
13 52
8 0
47 15
74 27
83 37
73 5
97 88
18 77
86 78
63 64
70 68
93 76
3 37
33 64
61 50
26 1
89 73
89 96
79 82
56 72
80 1
1 31
45 98
76 58
24 41
34 42
5 69
25 15
61 80
3 22
2 35
86 48
79 76
80 60
52 22
63 67
95 3
65 51
55 36
52 33
85 8
47 41
56 35
