50
627 695 26 107 392 365 201 897 601 651 211 312 46 50 371 924 278 542 813 657 912 790 793 31 41 795 561 463 180 7 432 591 515 526 241 508 398 796 649 566 316 525 311 716 388 819 752 183 571 550 
10
55 214 54 34 985 112 764 518 128 67 
500
14 8
18 39
46 17
1 2
30 32
36 27
33 5
17 29
4 42
3 22
21 0
35 0
37 21
26 19
24 29
6 15
34 40
32 8
13 20
17 40
1 29
39 26
39 37
47 27
2 41
24 20
25 21
16 37
3 37
2 37
15 10
9 4
29 45
2 14
24 38
0 29
9 20
1 27
8 24
43 6
46 30
12 0
31 37
2 21
2 0
39 13
12 5
13 30
15 36
37 30
27 29
10 14
32 31
1 26
35 29
29 5
9 27
23 44
48 17
28 20
46 25
16 33
45 33
17 22
14 28
32 1
44 30
18 8
4 25
13 14
19 31
32 13
24 30
20 36
42 35
11 15
40 12
10 45
35 16
22 42
47 1
35 49
25 43
15 31
45 24
35 30
13 36
44 1
0 47
36 2
35 46
11 43
35 3
15 7
40 26
9 38
28 18
47 8
18 33
30 29
23 19
27 11
42 14
45 15
33 44
0 1
19 24
13 49
6 45
16 10
3 41
11 26
41 44
36 21
6 39
15 5
2 12
20 46
23 34
19 6
21 32
47 36
41 4
15 47
45 12
13 34
5 3
20 21
27 21
15 26
42 25
2 8
32 23
0 38
5 37
16 1
41 17
41 20
44 16
6 40
23 0
9 19
40 36
24 41
47 40
25 47
9 36
38 18
9 49
16 20
27 8
23 24
21 12
14 29
18 13
40 27
11 47
27 16
4 48
32 7
12 16
20 3
19 14
18 41
16 13
40 21
17 34
38 26
3 26
48 21
13 21
44 4
26 21
44 9
10 33
36 3
7 41
38 1
43 8
33 29
22 0
37 0
19 2
18 48
11 40
20 47
49 42
41 48
7 36
4 38
21 38
39 34
22 40
24 5
28 25
43 14
4 49
37 18
35 1
27 24
23 49
22 29
4 30
9 8
13 9
7 11
21 34
12 17
15 24
10 46
32 6
1 41
29 46
35 33
6 1
48 24
35 41
42 32
9 2
10 36
9 1
31 30
42 28
21 22
39 4
22 45
35 12
29 2
31 46
15 1
3 31
16 21
45 26
8 0
12 19
42 9
49 2
8 25
45 46
33 24
8 34
9 18
36 16
32 47
5 38
30 25
34 49
16 24
33 21
28 9
43 41
40 30
28 2
13 29
38 35
14 47
40 25
22 44
37 34
15 46
18 12
7 25
2 10
42 15
23 43
29 32
35 15
46 40
48 25
29 47
20 32
36 48
1 45
22 27
40 45
21 39
30 14
0 30
20 38
22 24
31 16
14 36
4 43
18 6
42 44
26 44
27 28
15 38
31 7
24 32
33 9
0 18
28 41
47 6
43 21
17 27
42 39
40 28
7 33
31 24
26 28
35 22
17 8
48 9
0 15
17 20
13 31
25 49
37 41
37 46
0 11
42 11
34 7
32 38
7 46
38 45
19 21
43 24
29 9
35 39
0 26
44 12
7 27
2 5
30 26
49 19
38 14
13 3
8 44
34 43
42 29
27 44
21 45
32 4
38 48
43 39
3 15
47 37
18 43
33 36
16 4
33 34
46 14
29 6
10 48
25 31
44 21
34 29
23 5
12 46
3 47
39 48
19 32
4 45
37 7
6 12
49 22
16 43
19 41
11 31
16 5
47 39
18 29
40 18
44 34
26 13
48 46
32 12
26 22
10 19
0 31
30 19
26 42
15 14
2 32
26 5
28 32
0 34
39 15
29 12
29 20
37 23
19 35
43 46
49 33
28 31
22 20
8 16
6 9
4 10
43 45
31 1
39 44
42 13
46 16
7 38
14 7
4 22
0 16
33 14
32 36
10 9
2 3
16 2
19 15
21 42
36 39
27 31
47 13
1 10
36 22
20 18
13 35
26 33
38 40
17 5
17 7
9 34
8 4
46 5
31 8
37 19
34 4
23 12
18 4
45 37
5 7
34 10
0 27
45 28
36 26
49 47
25 14
38 3
23 38
35 10
30 15
35 5
9 47
42 33
23 30
12 49
1 40
4 24
7 26
27 20
18 44
18 21
48 31
14 35
19 34
46 22
34 3
13 43
27 35
36 23
23 9
41 29
2 47
36 44
18 15
38 12
0 33
11 21
26 34
12 10
42 0
9 0
20 40
31 12
48 0
13 10
42 6
43 9
47 34
46 18
19 8
43 17
30 34
33 28
45 14
13 46
12 15
11 39
14 5
20 1
8 13
31 47
5 20
49 46
10 31
18 23
13 27
36 28
45 49
39 3
31 44
42 38
46 23
30 39
