50
498 268 658 432 843 318 417 641 147 783 16 134 448 516 560 343 952 236 198 526 853 269 602 231 245 979 212 126 401 621 225 78 620 345 521 369 688 45 2 344 495 487 51 664 585 872 987 149 649 249 
10
826 701 102 252 623 991 918 81 784 922 
500
28 27
25 15
47 22
48 45
40 32
21 48
46 49
42 29
49 40
3 36
3 26
20 10
16 48
10 31
18 32
6 28
41 2
25 22
20 32
3 20
22 35
25 32
6 5
19 15
27 26
2 22
16 10
30 21
46 37
37 23
13 9
25 18
45 13
15 6
47 3
21 5
24 49
10 6
34 30
23 8
32 37
6 4
29 5
41 28
2 3
6 7
18 13
39 17
48 17
32 41
28 4
27 18
26 0
43 12
10 8
49 23
20 1
28 29
40 33
24 13
8 29
34 0
7 14
12 0
16 42
23 34
16 11
35 26
34 8
33 43
39 43
31 25
14 30
9 14
44 1
20 40
27 32
16 38
28 31
25 3
14 49
37 34
48 49
35 3
28 18
0 9
39 30
14 11
5 3
13 33
15 42
31 2
10 46
35 4
45 25
19 32
6 35
27 20
14 42
7 37
49 45
47 1
32 30
35 11
28 48
15 45
8 3
10 43
30 2
23 31
7 41
32 9
24 37
14 5
20 39
43 34
3 49
2 48
41 25
49 16
7 2
37 29
43 16
17 49
8 9
31 36
6 34
7 46
11 3
18 33
30 46
36 22
28 13
26 37
6 24
7 0
34 26
49 19
36 35
23 5
16 0
5 2
24 32
38 27
11 17
9 16
18 42
35 46
1 33
45 40
48 37
36 45
11 20
7 9
14 3
39 16
6 19
4 40
33 21
23 9
8 24
31 42
3 40
7 11
4 1
31 49
30 3
19 14
29 14
47 49
24 0
1 17
39 0
14 35
17 16
11 28
14 24
30 47
31 48
31 20
3 33
33 34
2 45
27 0
1 49
27 7
13 36
37 36
40 0
9 26
26 17
26 15
37 14
32 44
0 10
18 10
48 10
32 5
42 43
41 20
28 34
16 21
18 31
17 22
8 14
36 41
0 42
16 22
3 22
15 43
27 40
9 33
36 12
43 38
16 6
40 2
20 36
15 28
27 39
43 2
7 25
25 26
42 41
17 41
41 18
34 22
44 30
29 30
42 2
33 35
26 22
36 6
26 29
40 7
40 11
10 39
5 0
1 45
24 43
49 36
15 32
0 32
9 35
43 25
2 37
2 19
26 7
35 44
14 26
22 39
40 5
20 7
35 48
24 3
38 10
39 28
29 32
42 5
44 7
43 30
2 9
34 40
39 31
21 23
0 4
46 1
32 48
39 19
48 11
13 32
4 48
24 27
23 41
10 34
22 0
6 46
35 18
31 44
28 19
22 28
7 18
1 26
14 46
30 42
18 11
42 45
38 49
36 11
20 15
47 0
42 27
44 36
14 33
40 21
47 23
12 47
7 49
2 49
36 16
13 25
5 8
33 17
39 14
11 15
23 39
14 6
2 36
12 46
1 9
2 20
2 8
41 3
31 32
20 13
22 31
33 32
20 43
1 12
29 38
6 21
1 8
48 36
24 36
17 40
19 48
39 8
2 28
22 8
41 5
15 17
21 7
7 8
4 44
0 19
29 20
21 0
14 32
20 49
2 44
24 4
46 21
29 27
30 0
15 14
38 21
2 14
47 9
8 41
20 38
23 13
11 26
5 9
28 9
44 19
7 34
28 14
37 8
36 30
32 4
48 8
35 34
37 39
20 6
21 17
11 30
8 28
33 25
7 17
17 37
15 29
33 16
19 13
20 22
9 25
15 46
11 24
22 32
38 44
49 18
20 30
37 15
34 3
20 8
24 23
23 29
37 43
41 22
16 19
20 26
21 39
27 23
31 15
3 19
5 38
25 29
46 28
48 7
47 48
17 29
40 13
8 44
49 0
16 45
33 42
34 27
10 22
44 5
26 24
1 38
12 14
15 48
43 26
29 0
49 5
17 44
3 48
48 44
24 22
29 24
24 28
28 32
29 39
47 41
5 18
12 3
23 20
17 4
5 33
31 8
46 13
38 18
35 0
29 11
45 0
40 10
11 8
49 39
8 47
11 5
4 20
45 44
14 22
33 19
30 19
24 44
14 20
30 48
28 12
28 44
15 21
26 12
3 23
27 10
35 31
15 38
27 8
39 46
28 37
39 7
19 12
8 33
13 42
18 29
48 40
46 44
30 31
32 42
25 27
5 39
16 27
41 40
27 15
4 18
16 34
23 25
15 44
12 42
14 36
24 35
45 31
29 12
29 43
25 16
30 6
29 34
7 5
42 21
25 46
42 47
27 6
20 44
45 9
22 1
34 2
36 9
42 37
33 36
46 17
30 15
3 0
