50
990 71 229 496 273 683 754 802 277 97 885 379 884 897 495 592 408 874 207 666 379 184 801 891 224 161 847 333 120 994 122 771 282 430 170 693 325 849 901 170 889 861 346 759 809 363 645 668 716 111 
10
188 488 914 973 1 747 995 147 539 266 
500
38 7
3 18
2 12
45 15
7 36
0 19
49 9
42 19
5 29
48 6
10 39
44 41
42 31
15 44
2 11
23 24
42 25
21 40
39 8
38 18
21 5
16 20
35 36
35 0
30 44
10 33
4 41
4 1
11 39
46 27
21 16
25 17
39 4
21 14
46 48
21 12
2 34
11 46
44 42
48 2
27 6
25 12
33 7
36 10
1 37
45 23
11 42
36 15
33 26
48 29
49 12
39 17
8 18
22 38
6 11
25 13
7 0
26 30
37 35
48 26
36 5
20 0
22 33
29 25
29 11
5 15
37 28
29 40
13 10
28 5
36 4
28 31
7 28
25 3
22 5
19 30
40 34
5 45
35 33
6 41
47 40
34 36
29 31
11 17
23 46
2 40
35 41
46 26
33 41
14 23
46 10
36 6
0 10
39 27
22 40
3 45
42 5
14 30
2 37
31 11
15 42
18 20
20 33
49 28
44 38
11 20
39 6
38 15
11 21
0 16
24 19
12 19
9 32
13 38
1 15
44 31
29 3
33 32
28 48
12 3
35 19
35 16
40 15
28 23
36 26
17 16
22 13
22 39
16 39
3 43
3 28
3 31
19 41
15 39
25 49
49 1
9 26
31 34
41 18
5 6
22 24
15 23
18 45
33 30
37 43
14 24
18 47
48 10
35 45
31 14
32 28
6 0
6 46
40 33
17 22
22 23
14 33
25 4
39 24
29 9
18 43
24 38
25 48
8 23
48 20
14 6
9 10
14 4
12 36
17 44
17 46
37 45
1 10
11 8
26 43
15 30
23 12
25 1
40 20
29 20
30 43
28 45
28 47
31 19
12 24
6 4
13 32
14 34
5 0
0 41
17 4
44 24
14 48
38 16
6 47
2 20
24 35
29 18
30 48
39 18
27 23
15 33
48 17
19 15
9 14
17 15
18 22
3 20
20 15
9 31
47 41
1 47
27 34
10 16
22 43
36 32
1 18
46 12
35 2
17 29
25 31
22 12
40 26
11 0
41 37
0 39
5 43
14 25
5 48
6 3
29 19
21 30
5 37
3 32
12 16
30 4
2 31
2 38
13 14
19 1
49 21
16 19
27 24
48 24
4 18
31 39
45 33
20 34
16 41
5 17
41 12
24 25
6 12
43 24
25 44
49 23
21 27
11 1
21 13
4 23
44 43
41 42
34 0
26 11
38 25
31 40
15 24
34 3
38 20
7 40
38 33
27 1
40 4
32 40
35 29
19 39
2 14
26 23
5 8
17 21
2 1
11 28
4 34
3 5
9 38
11 12
14 17
45 38
27 20
15 28
0 12
14 10
44 1
5 9
2 43
24 33
4 38
4 31
33 1
8 7
27 38
28 12
25 11
19 14
15 35
5 41
5 4
13 45
32 20
39 1
44 12
31 41
1 23
23 35
49 31
43 32
7 39
5 23
34 19
19 27
49 42
38 43
42 6
0 42
24 29
2 45
44 7
26 29
11 19
21 18
33 34
34 17
23 0
42 22
29 4
26 3
3 21
35 27
31 17
18 32
43 41
42 47
29 30
42 29
24 10
25 35
15 21
44 33
29 34
18 10
32 12
23 3
44 29
36 39
10 38
46 3
49 26
22 30
19 36
34 48
16 13
19 28
6 13
16 26
12 5
29 22
4 8
42 30
27 11
14 11
47 35
29 46
41 17
47 2
12 38
47 13
49 14
33 36
6 8
8 24
7 18
43 17
3 48
17 0
30 37
26 32
12 35
41 32
9 25
45 25
33 29
45 44
32 16
9 7
12 30
10 25
5 16
11 49
30 13
36 43
25 0
41 49
30 17
23 25
39 20
20 9
38 32
39 21
49 40
15 46
3 22
10 4
21 38
18 48
34 23
3 27
39 33
6 45
8 27
11 15
30 47
12 37
3 0
26 0
43 35
23 16
27 26
9 4
27 9
12 39
31 13
43 13
3 15
46 2
27 41
9 39
16 30
5 31
7 42
32 49
0 9
41 36
24 31
9 19
1 35
35 7
48 38
14 12
39 30
17 8
19 45
15 41
2 39
7 17
26 10
39 26
10 12
38 0
13 33
17 24
0 32
32 10
1 6
36 24
23 40
12 43
44 16
35 40
41 13
13 36
27 4
44 37
43 9
0 22
0 18
48 11
6 23
8 32
13 34
11 36
46 35
45 10
0 29
8 31
0 36
42 3
47 36
40 14
43 40
35 22
46 22
17 19
29 36
38 31
21 29
46 31
21 46
36 25
6 17
32 47
