50
487 205 139 663 472 904 94 671 935 296 910 382 161 818 635 980 273 626 869 38 412 592 679 786 71 326 803 663 345 596 938 627 696 513 968 900 233 194 334 212 249 404 910 862 2 627 760 271 150 221 
10
657 931 2 344 993 858 727 879 851 817 
500
23 31
8 5
16 49
15 22
34 32
19 11
27 21
0 10
27 30
14 21
33 27
4 47
12 3
1 5
6 8
36 47
2 9
19 26
17 14
2 27
19 21
32 22
12 15
31 14
26 49
35 32
1 2
48 38
11 3
8 43
40 26
37 30
2 5
3 42
34 12
6 9
25 33
48 17
13 22
47 41
5 23
43 26
11 46
41 39
3 43
9 44
3 33
27 10
7 15
29 18
26 11
49 46
31 48
14 42
26 5
32 2
46 8
0 44
49 7
4 9
44 6
20 15
48 27
5 40
27 47
40 10
12 43
33 34
31 11
41 43
31 10
22 30
22 18
5 29
25 34
17 15
48 47
26 28
45 23
41 8
15 10
9 35
31 47
16 37
18 46
8 4
13 20
46 13
24 9
25 27
38 35
12 2
30 13
38 30
18 43
24 12
49 31
6 1
0 2
43 4
41 7
27 4
38 3
23 43
36 37
20 5
45 30
27 36
28 4
36 8
1 29
34 41
45 31
20 39
42 27
9 16
27 13
39 30
1 44
31 38
16 21
47 22
29 21
6 46
45 34
33 10
0 14
33 49
38 44
25 30
11 10
22 11
28 18
26 37
46 20
26 46
37 1
30 35
30 21
1 4
26 18
20 35
34 14
25 22
29 48
15 30
23 33
7 21
9 12
28 32
44 41
33 13
27 45
34 15
1 23
33 43
42 24
49 30
3 15
30 12
34 2
13 42
31 2
22 45
33 46
32 49
21 39
17 6
39 46
27 31
32 8
8 0
36 46
47 13
0 33
11 21
18 1
7 16
41 27
44 13
28 27
27 16
16 13
30 19
45 13
17 40
31 3
23 17
44 40
3 44
9 3
39 7
23 41
40 29
21 44
17 11
4 19
5 32
20 48
35 47
36 40
47 40
42 49
21 4
16 38
1 35
6 39
39 5
42 21
9 11
14 24
9 40
42 35
31 32
30 14
42 34
3 23
49 8
23 22
0 45
37 34
6 2
29 47
31 26
41 36
47 44
1 39
25 11
14 37
24 39
41 45
24 20
20 0
44 27
14 18
22 8
25 31
23 35
44 17
16 40
6 28
47 34
23 36
17 7
0 11
6 19
29 25
38 1
27 34
45 24
23 28
39 14
0 13
36 14
3 30
19 8
32 17
7 29
2 25
36 3
15 44
3 22
29 36
5 7
37 19
0 29
27 40
18 2
9 28
43 10
43 46
37 49
31 18
12 39
18 48
37 22
3 35
5 49
15 46
12 37
15 19
9 5
44 26
1 30
7 45
29 4
22 31
49 0
29 30
32 47
21 47
29 37
15 36
43 24
22 17
19 29
4 40
35 45
4 22
36 19
20 33
30 48
41 26
28 3
21 17
24 2
14 6
10 6
24 47
43 17
32 39
37 23
31 21
43 2
8 17
25 23
48 10
33 15
30 32
2 30
25 10
33 38
44 8
15 27
11 39
19 38
24 41
39 34
49 15
39 9
27 9
48 41
29 15
22 42
12 49
45 28
48 46
29 28
42 9
37 15
48 9
43 15
23 42
45 1
47 23
0 17
20 26
35 14
47 1
8 47
41 40
37 48
13 29
34 4
6 24
18 5
32 26
13 19
32 37
16 26
3 13
5 42
33 32
15 45
10 21
23 39
18 35
42 1
8 34
33 22
34 1
21 40
35 19
26 38
39 19
19 46
30 6
7 35
8 30
3 25
22 27
14 38
24 8
13 39
16 39
6 38
28 30
48 8
33 8
36 31
38 22
13 49
24 37
17 49
0 35
18 7
38 34
17 45
32 40
18 44
4 38
45 40
11 7
40 38
19 1
0 32
10 12
41 2
14 13
23 20
48 16
12 33
49 28
26 21
16 32
48 39
14 3
31 33
16 24
19 44
2 38
47 10
49 18
4 37
4 46
36 32
18 27
8 23
0 7
26 35
21 45
2 46
15 47
9 34
29 23
20 47
12 0
7 13
4 42
33 29
27 23
6 12
41 25
48 35
1 16
47 17
14 29
48 28
33 1
6 48
11 8
1 15
3 37
13 4
47 42
38 49
46 24
2 14
16 31
49 6
17 13
12 11
4 35
28 11
23 16
13 2
24 3
0 22
17 12
27 19
14 12
47 14
41 22
7 37
19 18
21 34
3 49
46 30
29 43
12 35
10 32
20 8
46 5
2 36
32 7
37 31
36 7
16 20
41 11
42 8
45 12
30 33
3 10
0 34
16 30
46 34
3 39
5 45
17 37
32 11
