50
171 250 429 802 97 302 289 478 259 392 789 35 705 182 266 178 247 620 784 889 230 730 652 536 312 652 18 39 492 553 504 242 432 73 629 471 684 389 319 474 409 842 423 184 777 235 502 387 78 456 
10
737 730 153 434 924 227 639 907 671 135 
500
12 46
46 24
23 36
47 41
45 15
31 20
38 11
42 1
36 19
6 45
2 26
9 47
29 6
14 2
20 38
16 45
26 11
30 25
23 25
20 22
30 18
2 39
11 15
20 43
29 27
47 32
9 33
15 8
37 7
5 39
1 7
14 38
15 46
29 25
23 35
3 49
12 10
10 47
31 27
21 5
29 22
32 27
1 10
45 1
39 8
44 19
37 38
22 14
40 15
10 27
19 42
2 16
28 47
22 12
26 10
34 33
12 19
3 36
31 18
17 16
4 1
40 34
12 11
45 24
44 1
14 48
36 15
12 20
29 17
32 20
5 16
3 38
10 13
23 21
4 41
22 40
23 42
23 3
29 11
14 4
1 9
28 42
21 37
19 3
27 26
16 33
19 32
36 34
40 33
46 44
30 4
38 45
3 32
21 47
18 16
9 38
30 11
47 48
41 24
1 14
33 45
35 46
26 36
48 9
37 14
15 16
30 17
38 4
9 39
49 5
47 27
0 31
0 30
32 33
2 22
7 47
10 34
11 5
27 39
49 1
29 33
45 11
39 17
3 37
41 13
11 28
3 20
45 28
17 4
44 26
21 45
5 27
44 17
21 1
0 22
39 13
3 18
12 3
17 22
5 37
27 37
32 24
40 39
3 15
16 25
46 21
31 33
26 13
17 34
16 22
21 36
6 7
13 11
22 31
20 18
36 43
27 12
26 12
40 26
11 20
16 46
19 6
36 28
25 35
25 40
30 47
22 47
16 19
45 29
27 24
49 36
33 42
8 22
8 4
40 28
49 26
37 39
47 6
43 48
39 34
27 20
9 3
44 49
40 2
46 1
25 49
20 6
19 23
24 35
40 30
19 18
28 18
14 47
28 32
41 35
13 33
49 19
35 19
27 19
5 2
17 49
29 32
7 29
11 34
5 15
23 32
8 45
43 4
30 1
31 7
9 44
34 4
26 29
44 24
21 24
31 17
7 46
5 14
9 13
15 22
10 8
3 7
8 38
39 46
34 31
38 43
37 4
23 12
14 35
9 15
28 41
8 24
10 24
15 49
41 0
42 48
43 1
46 2
32 25
34 8
34 37
20 2
49 45
6 0
15 31
48 32
37 41
5 23
1 25
14 15
44 28
42 8
48 17
4 21
34 3
23 2
29 38
45 18
27 30
10 44
1 35
26 39
36 1
35 12
47 40
3 45
11 33
18 49
17 11
27 38
17 37
23 27
31 25
9 17
9 46
35 43
13 28
17 15
0 23
29 42
42 11
34 18
9 30
46 45
2 18
36 33
19 15
19 2
14 39
2 29
39 4
11 25
18 11
16 28
43 39
33 3
23 14
19 30
5 32
20 17
35 42
26 18
10 45
24 40
22 24
23 38
39 15
24 5
11 31
43 7
11 35
23 29
6 18
7 26
20 33
32 11
25 39
48 5
24 43
40 11
11 4
33 43
23 6
43 31
47 39
7 20
21 28
40 21
29 35
16 4
45 39
3 35
26 30
23 10
15 23
47 31
47 35
13 12
20 29
19 37
1 12
7 45
12 0
16 30
12 36
40 36
12 24
8 19
15 35
6 31
29 34
30 2
1 5
49 4
27 11
44 32
10 31
15 7
34 1
28 34
10 39
25 15
5 34
22 5
33 46
40 23
40 20
22 3
11 19
36 24
26 17
5 4
1 38
3 44
14 10
48 35
48 37
17 33
18 29
31 23
48 15
7 40
17 1
13 15
13 30
16 31
3 24
4 27
36 16
49 35
20 48
40 31
4 47
38 24
42 38
44 7
20 36
1 0
18 46
5 45
28 30
3 39
39 44
30 5
31 3
42 2
42 16
30 39
21 33
35 40
11 7
12 32
19 25
13 38
27 22
36 17
44 35
46 34
21 9
7 10
10 6
9 2
19 46
20 30
11 49
38 28
47 5
6 26
26 9
27 14
47 0
21 17
42 0
1 13
15 41
1 27
7 28
22 32
41 10
4 35
20 9
30 41
40 12
35 16
47 11
19 31
32 49
44 29
41 19
27 49
4 15
12 25
23 26
46 26
3 4
17 25
35 27
0 9
24 4
26 0
29 41
36 2
4 22
14 45
39 35
1 41
40 13
8 30
25 36
8 21
0 14
44 5
33 41
35 31
18 37
25 38
37 42
13 23
26 19
41 7
6 34
39 32
31 4
40 43
20 47
2 43
25 34
2 7
1 28
21 11
13 42
35 20
30 38
5 33
1 15
38 2
35 18
10 3
14 8
7 14
