50
257 762 356 207 912 379 103 217 283 899 38 331 282 844 454 149 49 429 89 682 101 668 858 650 880 623 452 65 569 112 833 341 584 758 274 328 709 11 615 334 127 338 749 520 672 420 480 645 752 467 
10
209 504 922 540 898 425 623 415 436 296 
500
0 26
1 36
25 5
17 13
15 29
41 8
29 9
38 41
19 5
36 47
28 16
42 22
7 5
33 8
8 19
32 30
42 14
2 15
48 40
14 13
28 23
6 41
17 23
2 45
38 26
5 24
13 33
22 37
31 35
21 20
11 24
42 47
18 2
32 12
32 40
24 37
12 40
11 20
44 2
37 2
33 29
20 12
22 48
49 2
17 11
31 12
1 16
45 14
12 27
21 15
8 29
30 9
20 4
45 31
23 38
27 49
45 7
28 33
36 9
33 9
1 29
1 31
4 22
36 16
25 32
24 1
12 13
23 3
2 29
37 10
27 33
6 14
6 22
32 6
46 11
26 47
32 46
21 11
8 23
42 31
42 37
6 18
0 24
30 1
10 40
10 18
28 37
12 37
41 36
39 48
21 42
20 19
6 42
29 23
27 40
24 33
23 2
18 29
11 37
48 16
6 23
1 5
5 36
20 0
31 15
34 17
49 19
15 14
24 46
17 2
30 28
27 46
3 45
19 10
46 38
43 4
21 37
27 2
37 7
4 11
45 36
41 43
23 7
44 8
45 46
48 25
19 14
38 17
43 24
13 35
37 1
13 25
2 22
20 28
45 21
13 1
30 7
3 5
42 0
11 33
28 31
15 27
11 38
30 49
24 18
28 46
3 29
40 28
18 12
31 24
22 24
0 45
14 38
38 31
31 2
0 19
34 42
48 31
48 12
24 48
12 9
33 40
38 34
4 9
44 45
46 23
7 22
40 22
47 11
46 5
25 34
18 41
24 19
38 29
14 12
0 23
11 49
8 49
8 0
28 29
40 46
36 19
7 43
1 18
43 32
45 43
28 12
15 46
46 22
26 45
31 6
43 19
32 49
22 29
46 20
31 17
7 12
28 7
18 35
7 21
39 15
13 0
35 0
47 46
49 38
16 10
2 41
18 44
8 26
22 41
20 34
34 32
45 22
4 34
34 48
47 23
35 19
17 19
0 15
13 41
49 45
5 0
14 3
9 21
27 48
26 19
15 26
3 9
8 31
40 14
40 7
3 4
3 16
13 49
31 34
24 38
20 35
43 12
48 46
1 34
12 38
28 45
32 2
43 21
7 48
12 39
47 48
2 21
20 1
37 19
3 21
15 24
12 42
16 4
18 38
46 2
5 45
3 34
40 41
33 2
24 41
17 18
6 34
29 11
16 23
40 49
38 42
7 17
16 32
14 43
8 47
47 37
6 1
39 1
16 14
10 4
41 35
15 49
13 20
22 39
5 17
48 11
41 45
44 25
47 4
26 27
19 25
9 18
16 39
13 8
24 26
30 39
49 46
45 8
49 10
30 8
39 35
25 17
38 13
39 6
9 10
25 49
17 27
24 32
39 23
43 34
17 37
15 30
47 45
19 30
7 16
16 2
22 47
1 2
31 4
40 5
1 38
0 9
23 30
22 26
21 16
6 35
10 29
10 34
16 25
27 43
27 32
6 26
42 7
15 25
14 28
29 46
6 4
32 3
10 8
42 27
35 37
40 23
13 29
12 17
32 10
9 16
24 34
42 17
31 23
25 33
28 49
48 26
47 34
11 26
22 3
33 0
32 18
6 3
18 45
16 17
27 36
34 19
37 20
20 32
5 26
21 44
13 43
47 25
17 40
34 44
20 7
31 27
24 17
30 11
30 10
18 43
49 22
23 5
2 20
36 38
35 36
47 30
8 16
6 20
13 16
47 15
29 5
17 44
20 38
38 22
46 39
36 23
30 45
34 33
15 5
15 22
16 18
14 41
6 13
36 3
32 7
15 10
26 30
39 17
25 3
21 41
1 10
18 30
0 41
21 36
2 26
30 35
1 40
10 6
48 18
16 22
3 38
1 33
22 33
44 1
39 28
30 22
13 4
24 13
36 32
17 4
38 35
45 13
3 15
41 27
26 23
43 38
20 17
39 21
5 20
17 8
4 26
8 39
10 25
45 38
31 29
29 39
37 44
5 37
5 30
30 3
25 18
36 29
17 45
27 6
42 15
4 39
28 10
28 25
14 36
37 49
27 28
1 23
43 48
14 5
31 33
23 32
40 15
14 30
20 40
13 26
28 9
31 22
17 14
44 19
9 34
25 26
4 21
39 20
5 22
32 14
48 20
27 38
7 26
2 8
24 12
43 5
38 7
38 6
38 30
34 36
28 18
40 4
37 23
49 14
15 13
49 36
32 47
19 12
33 10
8 35
5 35
0 2
36 2
17 41
35 1
10 2
45 4
4 24
