50
956 679 635 508 879 541 342 693 684 199 449 4 817 10 854 940 305 791 614 503 410 666 385 196 690 226 360 318 7 360 521 829 665 209 134 947 126 114 582 891 139 843 226 789 255 253 423 340 300 458 
10
742 557 402 597 41 438 773 971 83 349 
500
28 36
8 7
38 42
40 43
35 34
48 8
45 48
15 13
15 14
47 44
11 42
3 40
0 23
25 11
41 33
6 48
34 25
15 44
28 11
46 32
2 15
11 16
8 43
34 15
15 27
40 26
42 24
34 43
42 27
31 10
23 16
9 24
14 7
44 10
32 48
13 30
47 9
44 26
47 31
37 15
4 45
39 35
8 5
2 49
11 40
25 18
48 7
18 9
34 47
37 0
35 20
42 49
32 31
28 31
18 33
6 47
0 49
45 35
26 45
23 26
47 18
25 1
8 24
17 4
5 40
37 38
36 46
23 3
21 20
16 37
28 37
14 11
13 29
24 47
46 38
33 45
17 30
40 29
27 21
14 44
47 41
34 8
39 20
9 15
26 19
47 17
40 23
16 49
19 47
15 42
3 21
27 44
34 17
46 49
3 1
22 26
4 38
14 24
44 21
7 43
6 43
8 12
18 1
25 38
34 30
14 40
9 32
12 32
15 22
28 21
13 34
4 40
20 6
33 4
13 22
40 19
35 43
29 37
47 2
12 10
39 14
16 31
19 41
13 20
7 29
11 24
49 19
33 16
23 30
17 39
36 20
10 41
33 49
14 4
46 42
34 3
10 2
24 43
20 12
37 5
12 31
8 47
18 28
28 9
18 24
37 33
34 18
28 41
21 8
30 33
47 40
18 40
20 27
25 37
1 36
23 13
0 18
5 47
10 27
36 4
2 12
0 45
40 0
25 17
41 25
22 0
19 27
9 22
3 49
17 31
24 6
19 14
7 30
4 24
18 22
22 44
11 45
9 37
4 27
22 2
1 42
41 44
13 27
7 22
11 31
5 7
35 15
26 12
17 0
39 32
12 13
29 23
10 13
3 41
43 25
21 36
45 2
1 44
46 9
27 1
26 41
41 22
10 40
36 7
3 39
49 37
18 2
6 29
26 9
0 33
11 21
7 31
24 2
32 22
3 6
46 10
15 30
49 36
44 20
17 35
31 0
19 48
40 39
5 19
4 15
39 2
28 30
0 36
3 37
32 35
25 5
20 5
42 14
28 2
15 17
0 27
33 11
16 15
40 22
11 17
21 43
46 14
35 27
7 26
19 4
35 14
30 20
12 36
45 17
35 36
26 43
42 40
2 23
10 23
38 30
0 1
28 35
8 45
39 49
23 21
14 47
3 16
39 5
1 43
1 31
38 29
16 26
25 24
21 1
7 16
12 18
41 8
1 40
16 2
24 35
21 18
2 43
8 17
25 40
13 24
16 35
2 6
41 12
38 18
29 5
15 24
20 14
34 20
21 33
46 34
43 29
48 20
35 46
12 23
9 21
2 0
27 14
26 47
16 20
32 19
25 23
48 35
0 3
25 28
42 19
18 17
6 1
46 47
20 3
24 12
28 20
46 27
28 44
31 33
22 46
45 28
44 39
29 17
5 11
10 5
47 30
0 19
37 13
29 28
13 11
3 45
26 15
2 7
30 11
15 18
46 29
43 38
8 42
39 15
3 5
42 10
1 7
29 36
27 2
15 46
5 36
24 32
2 33
3 30
36 22
33 5
7 9
30 36
14 38
3 24
32 40
49 40
30 8
38 6
25 3
35 47
45 30
20 38
7 21
49 45
44 48
7 18
29 21
9 49
29 11
22 16
47 15
47 3
30 42
37 19
29 26
12 40
29 25
5 26
39 29
30 35
44 43
27 32
21 25
32 6
1 10
27 36
14 6
7 12
26 46
1 28
6 18
16 9
8 16
11 38
1 37
47 45
5 48
42 3
12 22
13 31
7 25
36 8
3 43
31 23
44 11
6 37
6 44
29 47
43 42
34 36
14 18
18 35
22 38
43 23
23 9
18 4
47 4
16 5
24 16
43 22
7 32
0 44
41 5
4 11
49 7
40 16
43 31
22 45
41 46
8 0
3 19
39 16
29 9
26 25
43 30
14 36
38 47
43 37
44 31
27 45
41 17
29 31
21 40
22 4
27 26
17 6
23 39
33 28
29 15
42 37
45 18
14 16
8 13
20 15
31 39
23 7
16 32
11 37
39 24
0 21
21 24
27 37
38 34
17 10
45 20
23 15
11 9
43 16
13 7
46 45
29 22
28 22
10 47
20 32
15 3
22 23
34 24
4 0
10 28
42 45
7 47
33 12
8 27
26 21
3 35
38 5
47 42
1 11
30 2
42 0
19 33
49 24
31 40
1 12
12 17
17 28
8 29
5 15
9 8
9 13
36 17
12 4
9 17
29 45
