50
909 460 788 984 404 732 881 949 391 452 772 983 723 208 321 130 244 791 916 795 109 770 795 703 332 896 858 220 945 731 574 81 265 62 20 147 939 108 986 564 11 221 936 683 172 695 621 858 196 337 
10
323 993 422 220 402 520 683 302 53 605 
500
27 5
16 2
15 28
4 41
25 14
45 14
49 2
22 40
24 32
43 31
43 16
15 34
3 45
26 24
41 49
21 32
4 45
34 9
26 18
48 35
32 0
48 49
41 35
7 43
13 14
27 17
40 26
12 18
37 27
37 8
48 19
2 22
18 29
11 30
39 29
3 44
48 16
36 22
14 34
14 49
6 2
25 9
33 46
41 26
14 11
24 34
35 42
41 7
46 28
49 22
19 7
46 22
32 18
35 15
40 43
20 1
45 18
26 22
3 28
45 41
3 39
23 29
38 6
16 34
12 9
3 12
28 11
11 6
7 45
6 31
45 31
15 29
21 34
1 16
21 44
7 8
45 46
35 3
36 39
18 39
46 8
26 44
12 25
34 49
19 36
43 19
5 26
8 19
3 49
18 17
30 43
4 47
0 4
2 10
43 8
8 33
45 9
12 45
4 19
9 0
48 17
42 17
38 1
24 7
20 38
42 21
26 17
22 19
22 32
0 15
3 5
7 27
36 45
35 12
4 15
7 40
44 14
12 38
18 24
6 30
0 30
34 29
25 43
20 2
12 41
9 20
28 4
35 36
8 13
10 0
45 37
11 43
26 13
9 21
1 46
48 38
34 10
14 3
12 7
38 40
44 22
3 4
23 30
48 22
22 9
10 28
27 45
48 46
16 14
32 13
17 21
39 2
5 8
20 8
41 48
26 14
48 15
23 35
16 33
14 47
0 22
12 49
29 9
28 20
12 32
31 9
15 44
24 8
13 10
21 19
28 2
16 8
36 44
16 28
25 22
15 2
17 29
25 45
34 23
8 26
3 31
21 7
43 38
46 31
38 34
43 26
10 6
3 0
44 49
38 15
33 15
15 21
17 28
40 23
41 40
26 46
42 0
42 16
16 41
35 37
1 43
9 49
19 39
21 36
25 17
44 34
17 43
46 25
40 48
6 41
36 26
32 7
1 4
23 11
41 17
2 38
42 47
13 17
10 26
19 33
11 20
31 23
8 0
29 7
5 29
36 5
26 9
25 42
28 38
8 23
19 30
43 10
39 38
2 43
7 44
11 47
48 44
4 2
31 20
37 39
6 17
38 13
0 7
3 33
49 23
43 20
39 46
16 25
49 40
19 34
9 28
42 13
13 1
44 2
35 44
9 40
10 5
39 20
23 19
14 46
24 23
47 34
8 18
0 38
0 29
9 41
8 2
11 33
5 40
48 5
7 28
48 39
32 43
19 41
4 6
33 14
1 44
11 13
14 21
22 3
16 31
29 13
2 45
5 18
15 3
23 7
23 27
29 25
22 12
22 42
21 35
46 11
36 14
33 32
25 13
26 29
42 46
4 11
40 39
41 47
6 36
17 1
40 0
44 13
45 23
7 17
43 34
23 15
25 15
1 10
1 24
16 26
37 9
9 32
34 25
38 31
41 43
6 8
8 44
24 38
10 29
18 35
46 21
25 18
35 16
40 36
32 36
35 10
30 14
7 4
10 41
6 29
24 0
37 33
11 37
45 19
22 31
42 43
11 3
9 17
43 36
21 48
44 38
3 30
9 5
26 48
41 29
8 47
8 30
11 9
27 25
20 12
13 35
27 49
42 31
16 49
35 4
33 12
22 30
38 19
22 47
29 8
43 6
4 49
12 11
49 47
29 3
47 37
49 29
11 22
24 20
33 10
12 10
3 19
28 12
45 40
24 33
28 24
48 43
24 42
30 48
3 27
24 3
0 25
41 42
10 46
33 49
22 29
44 23
18 46
18 48
3 43
27 20
34 11
16 29
41 32
12 29
35 7
27 0
38 30
1 18
1 42
7 42
44 0
46 7
2 34
47 31
6 32
31 10
14 24
29 20
31 13
46 6
48 7
20 16
27 47
1 23
22 34
15 6
16 5
38 23
35 43
11 42
25 28
15 18
32 10
16 22
30 13
14 5
37 36
26 27
38 26
7 2
24 37
45 0
11 17
10 4
34 26
22 6
28 49
34 0
12 47
7 22
29 48
1 31
47 40
31 40
46 27
19 27
1 34
33 35
36 8
38 9
40 34
33 38
35 17
34 36
40 44
30 18
5 7
2 18
18 33
27 39
16 11
43 15
23 33
38 35
42 48
16 0
20 4
9 24
3 21
33 0
41 31
33 5
4 37
4 34
14 2
21 22
27 24
46 19
40 12
35 34
32 11
9 18
6 25
17 24
1 6
28 47
7 16
27 21
22 43
17 12
6 28
8 9
12 14
1 25
19 28
25 48
46 16
