50
345 407 218 599 582 467 461 26 227 932 413 91 158 909 424 403 245 455 412 872 201 864 379 289 48 889 642 436 202 215 349 402 716 590 184 68 228 975 433 565 921 904 637 595 14 471 489 25 838 596 
10
980 852 944 292 402 430 771 710 220 451 
500
27 32
23 38
6 28
1 12
5 28
17 26
12 21
7 2
42 13
19 27
14 22
36 42
1 39
27 42
4 15
1 7
9 32
48 28
47 15
41 6
14 11
45 49
24 1
3 38
44 23
45 4
49 32
6 48
18 25
2 4
47 48
20 13
29 1
6 38
30 9
0 35
18 43
33 29
17 1
0 49
36 38
48 23
9 42
42 41
46 38
13 2
24 34
11 43
25 31
10 3
49 21
49 17
16 19
39 32
41 13
30 25
6 25
5 13
33 13
0 38
20 11
40 28
34 20
25 22
13 40
3 14
42 1
31 11
47 31
1 14
16 0
14 18
49 35
33 49
4 43
11 35
15 34
41 40
40 7
21 40
18 3
48 20
16 5
18 48
16 3
4 5
34 45
49 29
24 5
33 23
21 42
41 7
4 31
43 8
1 22
18 2
47 32
27 16
26 47
2 34
42 30
45 30
21 0
12 14
47 13
19 7
19 21
1 46
29 0
33 25
20 43
9 46
0 26
28 47
7 42
47 17
45 16
29 6
44 11
22 17
4 17
3 15
18 37
19 6
38 13
46 44
45 33
27 26
21 23
34 10
42 2
25 9
47 8
41 48
27 46
1 9
44 40
45 5
40 25
49 26
45 48
14 32
21 17
7 29
40 32
18 27
11 34
8 41
12 10
23 17
31 36
47 43
16 29
7 6
44 17
49 19
7 34
4 18
23 9
1 33
20 49
43 40
10 14
28 49
24 39
2 12
13 23
23 46
10 47
37 38
30 23
18 49
32 0
22 13
20 1
11 29
5 35
31 5
41 49
38 19
1 35
6 44
28 30
7 47
35 37
15 32
4 14
19 8
2 14
26 41
2 29
46 39
39 3
10 28
18 35
37 49
13 34
22 41
33 27
44 3
10 11
43 17
10 21
44 7
31 0
11 3
23 49
21 33
13 19
30 11
15 48
24 42
41 9
29 40
16 35
24 28
3 42
1 10
39 41
40 30
8 7
45 1
18 38
46 28
7 49
32 35
49 5
31 21
1 28
7 24
39 9
1 5
8 36
37 44
19 26
36 44
15 23
27 20
37 19
6 33
23 4
4 48
37 45
2 28
33 7
31 46
22 19
12 40
8 30
1 32
34 9
9 31
14 39
47 25
23 41
41 4
16 7
16 37
4 35
35 14
37 42
9 0
32 29
9 6
15 39
21 37
20 25
49 24
17 18
47 39
22 30
45 13
25 45
11 15
45 28
42 12
13 18
20 32
6 17
5 3
8 28
46 13
28 20
31 1
12 19
34 23
37 32
19 20
38 49
35 19
34 0
46 25
15 5
4 13
30 7
41 11
49 30
25 35
17 9
0 23
18 47
34 14
47 22
7 25
2 35
13 30
33 43
28 27
1 37
22 10
35 41
18 46
10 41
17 37
48 26
25 11
34 22
20 21
31 17
37 36
42 29
27 38
21 34
8 22
19 41
24 16
3 22
3 29
14 42
4 6
42 4
27 44
8 45
18 6
10 33
7 37
5 17
35 12
30 32
3 35
14 26
6 13
1 3
11 23
44 8
6 5
6 40
25 29
18 40
46 22
19 5
45 41
22 7
47 41
2 11
5 21
37 8
37 27
23 29
31 48
14 36
36 32
42 15
31 16
40 3
30 2
33 37
48 24
19 33
21 41
38 31
0 8
44 21
32 2
38 20
29 35
47 44
22 44
12 36
30 4
47 23
28 26
18 26
29 20
6 49
8 26
12 6
40 16
0 43
44 39
44 48
4 21
33 22
3 17
30 16
36 25
15 13
15 14
47 29
15 7
2 44
40 19
12 33
18 36
36 17
25 23
32 42
16 11
44 19
26 22
33 32
1 2
9 48
29 37
9 8
34 46
23 26
41 32
20 6
26 5
49 10
19 30
28 35
43 21
38 33
18 12
16 48
31 10
36 27
17 41
43 41
4 49
11 22
15 28
16 25
48 38
16 17
48 17
0 7
37 46
21 48
15 8
25 32
0 40
10 29
45 43
42 20
4 8
31 6
41 46
26 3
37 24
25 5
24 10
3 7
13 37
44 0
29 28
46 24
31 42
8 40
18 29
14 20
30 10
3 28
27 21
9 33
14 43
3 46
29 27
40 14
19 4
49 36
47 49
12 37
26 12
46 16
30 33
20 46
31 49
49 39
2 38
22 32
3 49
16 2
5 37
21 26
19 48
22 21
27 11
23 43
7 13
0 46
32 10
38 7
45 27
23 22
16 36
6 42
15 38
