50
766 599 559 956 412 647 719 406 433 179 896 93 280 364 533 360 44 222 505 878 106 876 125 980 379 94 722 95 539 68 739 842 133 415 247 202 801 272 420 304 989 480 414 958 944 858 223 981 691 135 
10
553 72 12 174 983 502 469 999 420 246 
500
19 7
4 34
7 2
25 38
32 10
10 6
38 49
45 4
17 0
10 37
31 40
34 39
13 0
23 28
21 4
17 23
45 49
14 3
8 47
29 26
7 49
7 34
35 27
35 0
33 11
3 13
1 42
29 28
15 31
32 33
44 28
28 24
30 14
3 49
2 14
13 12
31 26
45 9
14 35
7 41
49 47
0 10
29 14
33 26
9 10
46 15
9 42
43 1
15 21
47 48
31 19
19 27
41 9
12 31
20 7
40 4
7 15
36 5
18 37
43 32
38 43
1 30
47 27
12 2
0 29
48 37
45 1
0 36
48 34
2 25
5 37
5 41
45 47
5 40
40 35
40 28
28 10
33 7
35 3
25 16
35 42
11 6
16 9
40 49
28 1
48 12
24 41
8 34
20 35
2 32
0 3
16 6
49 33
30 49
27 31
15 49
47 18
27 21
17 22
22 36
15 5
26 18
24 42
46 44
40 38
23 41
27 4
8 38
8 3
9 12
8 16
30 47
31 33
22 35
24 31
39 14
41 44
11 40
46 47
5 7
27 7
20 47
22 38
10 5
2 44
18 43
6 9
7 16
34 18
49 11
31 13
0 18
37 17
48 26
20 28
32 18
44 3
22 24
39 3
23 39
26 44
25 26
9 43
14 49
48 45
45 18
20 46
10 35
12 38
36 7
8 21
28 39
45 20
40 9
0 9
20 36
32 24
43 24
31 32
20 10
25 22
34 16
5 31
49 22
3 16
5 46
23 6
8 46
14 46
31 34
48 35
37 39
25 27
37 34
49 10
2 17
5 2
47 41
38 39
22 9
17 12
2 31
24 21
20 42
21 38
47 44
37 32
25 20
18 2
47 13
2 19
17 43
31 14
40 43
40 29
9 15
38 45
41 38
5 4
48 13
3 41
9 5
45 11
49 27
40 42
48 19
8 18
7 3
33 48
48 42
35 31
25 48
12 46
22 44
36 41
41 8
9 26
8 36
17 8
1 32
39 36
30 11
19 42
46 11
18 25
36 31
35 25
1 23
14 9
13 18
30 32
26 15
12 10
31 48
11 18
37 1
10 39
20 9
44 33
3 10
31 6
42 21
25 11
19 26
42 33
37 30
24 1
18 9
4 49
25 24
21 32
41 11
14 24
33 45
1 20
34 24
19 44
29 27
29 8
11 17
35 5
30 19
20 39
42 10
36 30
48 15
38 46
46 13
25 3
38 34
14 0
5 27
34 2
19 29
2 20
14 20
41 21
30 24
23 9
38 31
28 11
24 16
45 2
18 49
46 9
22 26
47 32
42 29
44 23
3 29
15 0
46 41
49 17
23 31
20 48
32 41
0 30
33 13
0 24
26 17
9 17
34 17
2 9
14 45
45 15
43 30
45 34
0 22
40 45
20 11
24 47
10 40
28 5
6 17
24 15
48 3
46 34
9 29
44 20
40 20
38 15
38 17
5 43
45 22
18 16
45 24
48 8
49 2
27 26
11 3
24 8
38 28
34 15
28 18
24 17
30 42
20 17
15 14
48 30
41 1
2 0
26 10
11 38
47 29
21 31
33 39
5 1
12 5
44 0
0 5
30 4
34 11
47 14
4 16
33 15
14 16
21 19
12 33
42 31
3 38
12 3
25 9
10 23
28 13
25 19
49 24
40 24
10 43
26 47
34 43
16 44
33 4
36 16
45 30
3 34
6 1
42 43
30 12
0 1
35 15
36 15
6 27
24 38
17 42
44 34
24 19
12 36
39 45
26 23
17 27
36 47
44 39
13 44
28 47
36 46
16 11
8 1
42 45
8 31
35 41
25 23
0 21
6 37
37 38
25 42
35 23
19 17
4 17
43 21
33 21
42 22
19 32
11 22
8 7
5 14
5 44
22 33
43 46
18 17
35 6
5 23
4 14
3 27
27 22
14 17
10 46
39 18
40 26
10 38
10 41
12 44
16 5
5 39
37 15
44 9
23 40
49 26
30 38
33 6
15 6
26 36
45 27
35 1
22 46
27 34
21 14
49 48
1 15
29 34
4 7
45 19
42 0
22 19
40 0
1 31
9 36
47 10
47 4
44 15
11 14
17 45
30 10
18 5
27 16
4 48
17 1
14 12
42 23
18 31
7 30
48 7
28 3
47 12
30 8
40 18
29 39
49 29
2 42
27 11
34 33
0 49
0 27
4 32
45 3
0 46
2 26
19 16
1 38
37 24
4 38
46 49
28 41
36 34
40 3
12 22
32 46
1 44
35 30
49 31
35 38
