50
986 455 188 464 867 740 525 519 830 965 539 113 371 266 264 462 907 357 657 184 144 120 734 414 363 570 942 146 271 478 315 117 581 329 145 202 460 229 966 434 420 976 431 851 517 321 101 100 194 976 
10
838 107 249 301 992 777 277 246 771 678 
500
48 43
15 24
3 35
29 45
26 27
49 36
24 18
13 40
10 39
36 30
5 42
3 10
47 46
13 48
9 6
17 29
5 31
27 20
23 10
46 44
47 18
24 36
5 4
23 8
11 37
14 31
9 4
14 12
38 26
31 7
43 23
3 42
12 13
34 24
16 11
26 18
36 2
49 3
7 5
2 14
7 25
44 21
17 21
28 3
1 43
38 33
0 21
42 32
37 43
12 41
39 26
14 4
6 47
15 11
49 4
12 28
10 20
49 2
22 11
3 19
4 15
33 11
24 20
14 23
44 8
16 19
6 27
37 25
24 48
44 43
4 17
28 46
16 44
27 38
46 20
39 47
34 10
42 2
10 1
34 43
18 13
23 39
4 1
22 14
12 46
11 20
40 4
49 42
28 24
9 32
21 5
46 3
45 5
49 26
23 16
32 3
0 38
6 5
35 38
44 19
19 7
12 19
4 22
15 10
36 6
0 34
11 35
31 12
34 16
10 5
31 48
30 14
23 33
30 49
16 25
35 2
10 49
40 39
21 28
4 42
1 22
16 7
12 36
26 48
33 1
2 19
45 28
42 12
13 17
2 10
0 3
38 49
9 41
17 36
12 30
44 45
40 2
19 36
28 11
6 7
16 35
28 29
38 22
32 37
9 22
5 23
12 45
33 43
17 43
46 7
48 42
20 38
9 20
18 40
46 40
11 12
5 25
19 26
13 46
5 49
34 2
45 2
17 42
42 20
48 38
36 9
17 1
24 39
3 2
45 47
29 4
4 32
4 36
14 39
46 19
25 39
25 22
42 22
21 18
28 36
23 2
12 40
20 12
7 2
1 11
17 8
19 27
9 34
11 23
46 11
31 25
32 18
33 25
43 40
10 32
27 2
36 32
28 40
21 8
9 21
32 29
27 49
5 39
20 19
0 37
38 24
27 42
11 4
47 25
7 48
35 45
24 21
16 31
6 12
40 32
6 15
29 49
2 15
41 17
4 12
11 45
8 19
9 45
10 8
36 3
45 42
35 22
44 33
31 19
15 26
8 5
37 23
15 30
20 28
12 33
18 36
47 8
44 10
6 21
33 28
9 17
39 27
34 48
23 3
13 33
37 10
28 41
44 29
33 19
32 1
18 15
49 21
43 41
17 47
18 2
8 35
13 10
26 1
17 30
6 45
12 1
17 19
49 15
36 21
29 5
39 28
34 23
0 49
32 45
41 24
40 26
18 31
47 16
46 45
2 48
1 5
22 43
45 10
19 6
15 13
34 5
41 16
30 13
36 40
48 11
48 25
34 31
37 48
38 19
38 45
1 21
36 26
6 48
21 30
36 20
7 34
27 47
30 0
31 10
48 19
37 4
0 27
48 0
41 32
26 43
10 42
22 18
9 44
23 12
47 22
37 20
18 8
18 28
43 4
27 30
8 31
18 33
46 6
8 29
22 13
6 32
26 34
38 4
25 4
21 11
31 21
34 17
19 47
34 19
0 6
19 25
29 1
13 38
34 45
11 49
44 36
28 17
29 46
41 34
24 46
29 41
11 2
3 4
28 7
24 49
44 38
0 22
15 43
39 49
23 31
26 20
3 20
18 9
25 41
29 25
36 35
46 10
43 45
20 17
3 45
36 41
44 49
9 43
41 46
3 40
34 46
16 5
4 44
19 13
0 16
40 14
40 15
48 14
47 2
12 17
28 31
11 5
7 49
33 41
4 33
27 16
35 13
29 38
6 10
19 32
21 46
39 2
26 47
41 4
26 33
37 21
30 20
38 34
0 31
31 20
18 42
21 10
43 47
16 2
3 29
14 7
46 17
22 19
27 15
36 37
38 39
27 17
7 26
22 45
25 3
12 9
30 39
35 9
42 29
43 24
25 17
1 13
25 32
44 39
24 1
48 49
10 43
1 25
18 14
15 45
37 13
39 41
48 12
9 2
37 30
33 5
9 30
16 12
1 42
5 44
25 23
29 30
31 17
8 46
36 46
36 33
9 49
43 36
11 41
42 30
28 4
32 13
38 11
42 21
34 14
42 41
31 36
17 45
30 22
9 10
28 19
33 17
33 46
27 25
2 31
31 46
46 26
13 24
12 3
35 26
7 44
41 30
9 33
49 8
32 14
42 26
38 9
3 14
27 8
48 16
5 24
34 27
21 26
7 42
40 11
27 33
5 27
13 42
11 25
49 25
24 29
45 36
14 35
31 30
11 24
48 27
44 30
48 10
14 36
21 3
47 49
17 7
25 26
0 40
46 43
