50
847 213 265 379 882 238 77 502 695 64 447 430 290 765 849 750 913 428 327 948 372 79 925 364 71 71 908 289 476 620 816 949 48 428 397 412 749 768 93 564 295 132 16 749 713 659 604 855 709 186 
10
914 702 188 479 929 320 768 975 282 817 
500
15 2
41 7
28 7
38 21
38 8
26 30
46 47
7 42
2 39
15 21
25 22
17 12
39 7
27 13
49 47
7 35
32 41
43 26
16 47
21 49
19 41
33 15
25 39
23 25
25 21
38 17
4 21
22 38
14 21
9 43
0 32
35 10
30 5
13 11
30 21
23 6
19 18
39 14
22 17
33 43
41 31
7 1
14 22
32 12
40 48
22 9
12 13
25 13
38 5
21 29
16 30
48 22
48 37
17 24
11 10
8 28
14 4
2 21
17 26
44 42
29 19
12 46
5 13
19 13
45 5
20 45
31 21
21 19
12 8
4 19
34 18
20 39
5 47
29 11
35 9
19 35
36 22
12 27
45 7
15 5
0 43
32 13
33 38
20 48
43 23
36 45
33 7
30 40
10 9
34 41
6 20
32 39
49 5
21 48
3 31
11 17
32 11
38 26
45 35
42 47
24 8
48 28
22 8
13 15
47 21
42 29
36 9
27 30
0 34
32 36
3 42
2 33
38 0
14 30
48 19
3 14
42 46
37 22
48 16
30 47
33 47
7 44
26 27
42 23
19 0
2 41
41 20
21 40
7 4
6 1
34 22
16 5
25 19
1 31
1 25
47 14
6 11
32 10
48 44
37 6
14 26
43 40
42 48
42 14
4 48
6 9
45 48
8 3
28 44
28 22
16 13
24 25
1 24
5 12
25 10
32 17
46 36
19 14
14 18
4 13
12 28
49 23
22 27
26 2
17 47
31 45
25 31
38 46
49 41
7 46
47 7
6 46
3 46
32 4
17 1
10 5
27 19
5 22
21 11
14 8
46 13
5 42
10 49
31 46
14 40
32 15
7 34
31 12
28 30
12 11
14 11
44 36
27 47
33 6
30 39
26 42
39 28
2 5
19 47
45 24
39 49
37 23
1 22
42 22
18 25
9 19
17 25
11 36
42 1
39 5
48 41
40 11
15 38
12 1
11 34
23 35
29 45
9 38
10 27
41 26
31 22
11 15
32 9
42 45
7 10
47 40
29 12
8 15
4 9
2 8
5 33
46 32
37 7
44 32
46 10
5 41
38 30
35 24
24 49
13 17
35 42
27 15
39 27
18 16
8 11
27 1
37 46
26 16
31 10
35 47
24 33
10 41
25 36
3 20
42 33
19 36
20 36
6 25
31 38
20 27
46 1
1 44
3 41
29 0
43 18
45 39
24 38
46 49
45 14
41 43
40 39
40 20
40 8
22 10
48 39
9 8
12 10
47 39
12 7
29 6
9 37
18 20
43 46
11 33
23 31
8 29
8 39
30 8
23 15
47 23
27 5
29 38
10 29
48 25
32 18
37 41
14 15
38 4
29 46
2 48
35 36
5 19
29 35
3 6
32 48
24 44
46 11
36 38
17 3
0 23
21 5
3 32
1 36
46 27
22 43
49 25
43 34
23 4
30 19
11 37
28 29
5 28
35 13
9 48
3 33
11 22
36 24
2 49
13 42
15 36
14 36
48 35
25 30
6 8
32 21
34 31
44 3
36 8
2 20
13 1
47 44
45 17
27 31
10 26
48 38
0 31
45 49
7 3
9 33
21 9
6 12
25 28
12 47
14 37
46 30
23 29
26 18
16 45
23 12
30 12
30 18
12 25
27 32
13 38
20 33
33 14
4 22
2 16
10 13
22 30
30 29
42 18
22 16
37 38
13 34
17 23
17 28
32 25
19 1
18 0
31 19
3 19
25 40
14 0
40 36
21 27
19 8
24 2
34 14
25 15
39 43
27 34
21 39
33 34
6 24
2 37
13 30
30 4
45 34
16 11
38 39
28 18
41 9
49 12
3 49
40 0
26 37
14 27
30 45
48 29
47 4
17 15
44 22
43 5
13 39
0 13
5 26
28 4
27 7
22 24
44 33
11 49
17 33
37 15
29 5
40 38
18 49
22 19
38 35
37 32
37 17
29 36
22 23
6 43
44 0
17 30
35 2
28 46
13 18
4 1
31 4
47 48
34 24
47 32
35 44
46 5
46 39
34 28
49 30
6 34
37 18
43 45
22 47
0 27
25 4
15 44
26 47
32 40
1 23
30 3
34 37
33 1
11 45
13 47
29 41
40 23
21 44
39 23
10 17
25 41
29 39
3 15
47 43
13 45
21 17
21 20
34 49
15 40
34 47
34 19
28 0
23 36
26 32
11 27
4 12
47 8
7 15
30 20
44 10
43 44
18 11
16 1
29 34
22 29
43 36
23 32
27 24
12 20
29 17
7 22
