50
220 712 285 392 704 715 315 523 264 323 836 534 994 506 441 426 738 516 524 474 170 440 317 202 290 944 238 3 742 58 554 492 400 395 797 878 490 81 487 106 854 544 656 408 157 775 452 889 519 546 
10
998 945 841 721 403 318 497 77 179 664 
500
3 40
28 26
29 14
35 0
0 6
13 28
40 2
12 3
9 33
6 24
33 25
3 43
45 24
9 41
21 4
17 27
44 33
1 40
32 25
35 37
11 16
10 40
23 11
10 32
33 7
20 33
3 0
31 26
4 43
24 18
15 26
24 44
14 25
29 36
15 14
31 16
49 14
14 47
48 29
40 37
1 4
30 6
40 24
38 10
43 41
38 29
23 30
15 49
41 7
35 45
13 20
41 45
37 28
40 14
35 15
15 45
35 31
42 5
8 10
3 34
39 6
0 20
34 11
14 35
17 28
5 32
21 6
44 39
44 45
12 13
23 26
4 33
1 14
33 45
15 43
39 11
23 19
22 24
49 41
20 7
16 43
43 45
25 31
4 27
13 4
35 17
24 26
28 47
18 47
38 5
38 34
38 33
32 22
36 15
18 22
5 30
43 38
28 6
34 23
13 16
41 18
8 36
24 19
33 8
23 20
46 40
15 48
18 0
5 40
6 34
21 39
32 0
12 39
34 18
46 27
8 42
36 27
41 13
35 47
7 2
7 40
19 26
1 27
36 3
0 17
6 14
22 1
30 48
20 18
42 25
30 20
32 8
44 20
31 37
2 36
11 38
11 6
45 20
21 8
29 8
11 4
24 21
12 48
5 31
29 30
39 19
20 9
1 39
26 49
43 27
19 15
43 46
6 7
25 2
48 27
45 3
22 19
26 47
23 1
9 27
37 45
25 12
7 25
0 37
8 34
47 1
42 28
10 3
27 11
24 36
31 17
17 5
31 28
23 29
31 9
8 11
0 38
39 41
12 11
31 46
31 44
48 24
1 43
30 42
44 47
10 16
40 25
46 13
6 32
10 39
3 24
24 27
28 12
43 25
23 48
42 18
11 13
42 19
0 23
22 42
2 16
43 36
4 18
48 31
8 46
47 24
37 38
46 28
17 8
2 47
48 46
41 44
21 48
45 2
23 33
30 22
46 12
15 13
24 37
9 13
0 47
3 25
45 7
35 42
36 38
32 12
14 11
31 45
9 30
32 48
11 45
25 21
47 12
47 46
47 32
17 47
44 10
15 28
45 49
49 29
23 27
49 18
6 25
13 34
17 10
29 21
27 6
34 26
40 20
2 46
1 48
26 39
40 44
2 48
34 33
31 30
10 2
35 4
46 7
40 48
14 22
16 5
0 40
2 29
22 47
23 41
42 29
39 45
27 38
44 19
36 0
12 18
41 22
3 33
24 4
6 38
26 35
33 1
5 49
22 20
15 12
12 20
20 41
44 38
4 9
12 21
5 27
40 21
3 18
15 38
8 48
19 12
15 25
28 2
41 31
24 16
49 31
8 9
21 30
25 37
49 17
34 12
10 4
10 36
40 23
20 25
40 22
26 12
43 37
44 11
23 8
32 7
4 40
14 44
49 22
33 0
14 4
43 6
25 0
26 0
23 14
49 10
49 13
15 8
16 41
29 22
32 26
22 6
9 2
15 29
5 35
5 18
9 22
0 44
47 7
40 41
30 4
27 35
25 19
31 10
27 15
36 46
11 17
11 36
49 34
21 43
39 35
49 27
13 29
7 13
2 4
21 41
12 35
36 48
6 3
26 44
46 39
2 11
31 21
45 26
7 31
39 36
25 34
44 27
16 49
15 10
5 2
11 47
48 43
42 27
11 37
1 15
32 24
0 31
13 31
32 34
4 12
4 38
3 42
1 25
35 22
49 23
6 16
3 15
3 11
11 5
20 48
30 26
12 36
25 39
27 7
29 11
3 31
12 10
40 13
31 42
38 39
34 4
38 19
47 36
41 29
44 16
34 47
37 2
36 40
46 22
5 14
22 27
42 12
31 6
20 34
47 4
26 36
14 41
5 23
45 48
46 32
45 21
29 26
4 31
26 4
24 2
22 43
17 40
15 37
47 33
13 32
36 19
9 35
3 27
26 48
13 42
44 5
5 26
15 21
45 4
26 9
4 20
30 18
4 5
1 20
17 19
32 39
21 27
44 22
2 43
32 20
48 10
11 22
32 1
14 42
13 25
39 47
47 31
31 14
14 8
23 16
5 15
41 47
27 19
30 40
15 20
41 33
38 7
5 12
1 13
19 5
18 23
12 31
42 1
31 39
45 22
14 0
1 45
1 19
35 29
22 34
24 13
44 23
25 36
10 29
11 33
10 21
1 30
5 9
22 4
18 44
45 0
1 29
48 19
46 34
2 21
39 18
5 24
46 49
23 36
31 19
43 29
30 33
28 20
