50
855 10 854 587 377 167 591 247 922 498 806 207 787 679 902 121 202 355 63 129 624 103 829 574 849 945 363 441 335 701 390 20 669 544 154 150 562 207 852 248 252 191 763 768 727 158 937 538 935 142 
10
740 156 119 954 672 575 547 779 59 78 
500
14 37
42 45
9 40
20 25
23 37
23 10
6 13
14 45
47 36
45 29
16 49
43 47
29 16
10 34
8 10
46 30
35 2
19 46
9 18
33 1
30 31
44 7
48 28
36 43
2 26
41 5
44 1
11 37
16 19
49 12
34 44
18 0
3 14
44 37
37 8
44 39
10 48
18 48
19 11
33 42
48 34
27 24
28 25
19 25
41 26
19 22
28 18
44 2
20 24
2 40
35 34
38 30
49 28
35 25
30 24
2 41
31 5
6 33
32 10
37 43
0 27
5 12
9 30
46 10
43 24
30 23
14 39
2 23
44 14
3 24
43 17
7 16
19 20
12 32
44 3
1 24
19 40
3 36
21 42
46 15
31 32
29 13
0 10
39 19
29 32
5 30
33 29
19 21
11 44
17 3
39 49
15 36
35 13
21 49
16 42
7 8
30 44
10 44
22 46
30 26
12 3
22 11
33 3
6 42
27 39
1 0
10 1
1 35
49 43
16 45
46 20
23 21
26 20
39 21
40 1
43 45
15 30
44 21
41 43
2 8
39 2
7 38
0 16
25 32
31 16
5 15
6 10
35 9
18 16
39 6
43 31
18 29
1 25
9 47
1 4
13 38
40 26
11 39
7 45
4 30
28 11
20 3
43 5
9 3
45 12
35 22
17 21
32 39
39 23
11 40
38 2
22 16
27 14
16 34
45 13
5 44
30 36
16 35
6 38
14 7
14 13
26 21
3 40
6 34
23 8
29 38
14 31
47 31
1 21
23 3
37 32
34 24
12 23
36 18
34 40
3 46
32 1
11 5
11 17
47 41
27 37
43 28
40 14
49 37
38 26
19 45
4 11
39 30
32 4
37 33
7 10
25 13
24 8
16 13
18 38
7 31
40 0
4 27
6 19
17 31
38 4
6 8
48 5
17 32
12 43
32 46
48 7
43 46
14 20
32 11
8 17
12 15
25 46
38 8
36 0
17 48
32 38
47 20
15 29
30 13
42 7
10 29
26 42
2 29
3 18
7 21
46 29
2 6
30 19
18 49
12 17
12 46
36 22
45 34
43 13
0 11
3 48
2 42
19 0
7 18
33 14
43 23
48 26
41 3
5 2
12 16
31 24
14 0
35 3
26 47
48 12
2 34
36 6
6 22
34 25
25 6
1 2
6 14
0 49
45 36
9 19
39 1
8 4
18 10
48 39
29 7
19 28
6 46
46 0
24 2
24 14
21 10
40 20
4 21
19 27
6 29
15 4
8 26
26 46
4 10
4 31
29 42
35 38
2 47
25 27
21 16
42 27
41 34
21 6
22 42
34 38
32 35
18 23
41 12
42 1
29 8
40 21
49 30
6 37
5 14
38 39
18 44
35 29
16 25
17 42
43 38
30 17
22 4
18 39
32 44
16 38
48 33
25 38
31 1
5 13
37 47
2 49
34 11
30 42
46 4
33 23
45 8
6 47
1 16
46 8
49 31
12 11
9 39
24 23
6 7
9 1
19 18
44 43
26 10
44 23
22 13
20 30
11 41
35 4
23 48
2 10
46 44
7 33
25 39
19 49
20 36
29 0
9 33
17 7
47 49
13 1
20 4
41 7
36 37
36 28
42 12
47 5
18 22
39 35
18 4
11 25
14 29
19 26
21 30
28 45
41 25
21 5
11 20
14 2
42 5
25 26
43 8
25 14
11 29
1 22
17 24
9 31
33 45
40 49
15 19
49 32
13 40
9 26
3 0
17 22
14 11
36 9
12 19
34 8
3 45
47 13
22 27
36 13
23 22
7 12
10 41
15 14
22 25
15 44
45 30
41 33
2 17
45 47
18 33
45 18
17 34
24 33
12 9
47 22
45 37
35 31
28 15
46 13
13 23
31 13
43 32
4 49
20 32
11 35
43 16
9 32
10 19
46 23
20 31
47 25
17 15
13 15
9 41
27 2
37 21
15 45
10 25
40 23
43 7
9 43
39 46
4 23
26 45
36 1
35 6
11 38
38 15
34 29
45 23
27 45
22 48
1 20
2 16
27 30
22 45
40 24
31 38
0 2
31 22
18 30
41 24
2 12
28 32
15 31
28 3
6 1
44 24
28 42
29 36
5 17
40 15
48 9
20 7
27 40
35 18
7 19
40 41
25 49
9 23
2 7
15 27
40 37
25 23
48 47
1 30
33 38
34 30
48 4
5 9
27 10
22 39
16 10
41 46
41 18
3 30
29 27
8 13
24 12
29 30
40 42
41 30
8 9
45 35
45 25
49 14
