50
282 423 623 82 421 940 201 160 24 832 721 141 356 364 848 503 833 826 614 60 727 157 233 404 205 202 468 445 680 854 207 724 447 276 924 526 473 390 315 909 631 211 798 576 388 51 856 697 278 430 
10
204 454 3 894 707 664 874 477 956 603 
500
18 0
34 47
5 17
22 39
22 16
5 7
11 5
24 17
18 9
18 45
40 24
41 28
40 23
7 10
23 3
21 45
11 34
16 13
1 39
1 40
6 10
11 10
15 0
47 17
31 24
41 6
21 0
7 16
5 42
17 15
39 10
33 2
25 9
4 29
29 25
10 21
11 49
17 34
41 24
3 29
42 36
10 13
46 19
14 1
22 7
12 43
13 8
18 35
36 6
35 10
2 42
20 47
7 24
3 14
19 38
3 0
47 4
36 10
42 24
30 14
24 19
13 32
47 18
4 44
28 37
18 20
5 23
8 15
7 40
23 41
21 34
0 32
39 31
46 5
1 34
33 34
31 13
1 37
19 10
31 7
27 25
33 38
31 34
30 34
21 22
13 18
0 22
34 2
28 6
27 37
5 2
7 18
29 48
14 11
40 3
16 8
37 44
5 24
35 26
49 42
42 47
43 14
33 17
24 13
36 15
41 47
12 48
40 45
21 14
43 29
46 39
32 35
7 23
47 32
4 36
11 15
18 8
35 11
14 28
47 3
42 27
17 35
43 5
21 29
3 26
0 35
26 17
47 23
13 37
0 8
27 19
42 21
35 37
18 28
17 6
5 3
13 38
33 39
28 9
1 15
6 46
44 42
29 42
23 27
24 12
43 22
25 36
26 25
17 23
26 47
0 45
17 40
39 7
1 25
28 26
12 16
38 31
38 16
48 6
24 22
29 36
19 11
37 25
32 31
41 44
42 35
10 4
28 47
0 48
43 3
33 41
21 32
8 20
1 2
35 4
9 23
29 11
25 47
48 41
47 24
48 30
8 12
15 37
35 39
22 45
45 1
39 37
14 47
44 34
21 25
8 40
0 14
45 15
42 41
14 35
8 22
13 26
37 22
39 26
23 0
2 16
32 27
31 2
43 47
25 41
16 46
0 11
31 46
31 33
49 30
26 33
19 21
30 7
18 19
49 33
43 24
16 9
18 21
2 11
37 12
14 40
12 0
6 47
3 12
26 23
12 15
0 26
34 10
42 1
31 4
18 24
4 28
41 43
35 15
46 45
13 34
1 27
18 46
27 47
35 31
23 30
28 11
30 45
44 29
12 11
22 33
26 22
20 14
8 31
33 15
6 3
5 44
28 5
13 28
35 12
48 18
46 49
1 0
32 2
29 7
22 47
0 9
35 29
6 19
16 36
2 6
4 11
23 19
6 31
35 30
31 30
19 9
11 17
26 1
34 6
41 45
29 15
18 41
34 0
14 44
25 31
21 11
17 9
23 29
5 37
11 1
9 6
10 32
6 16
31 20
17 21
25 43
18 31
1 48
8 3
33 20
41 17
8 14
37 49
38 17
14 27
36 9
40 20
5 32
40 11
28 25
8 33
32 36
28 15
42 28
45 47
4 15
32 4
35 34
5 16
28 39
9 47
6 30
42 20
42 7
39 23
16 23
6 37
36 28
22 36
44 8
45 2
47 49
13 30
48 49
35 2
36 1
3 7
19 15
10 41
13 11
16 18
29 47
38 9
3 9
37 7
14 26
5 34
7 15
8 27
43 21
49 0
8 32
10 17
1 30
7 11
39 19
11 24
4 40
29 20
42 23
25 20
14 31
5 6
25 22
28 21
45 33
35 22
27 5
18 14
0 33
46 10
49 36
16 28
21 13
46 25
44 0
26 19
16 35
8 29
19 13
8 41
34 28
20 1
44 2
35 41
29 22
42 14
24 10
5 35
23 36
18 43
12 30
20 26
35 6
31 17
24 8
0 40
16 24
18 37
14 22
27 41
16 47
34 38
43 0
45 7
40 16
14 10
47 2
22 31
22 1
31 10
3 2
1 24
17 32
29 1
34 26
19 5
27 16
47 39
3 31
30 19
41 36
48 42
8 9
36 24
7 47
30 3
48 31
39 14
42 39
32 26
19 47
36 39
36 11
42 31
49 38
10 22
38 6
1 32
41 0
45 34
29 5
43 8
48 7
26 10
32 34
1 16
43 35
27 49
4 5
37 0
30 42
4 42
14 12
0 17
8 47
12 21
40 39
46 9
15 10
5 15
37 29
9 41
32 25
44 12
34 18
22 27
39 34
47 21
4 45
7 36
47 48
42 3
19 12
18 38
19 17
36 34
36 0
30 17
15 3
13 33
7 12
30 2
18 36
30 18
33 24
18 49
19 2
32 39
26 15
4 9
23 49
5 30
15 34
40 5
29 38
6 8
40 21
34 27
15 13
16 25
39 8
10 2
7 32
