50
616 428 988 881 742 477 568 147 610 139 31 419 544 806 279 280 59 984 102 589 987 603 253 899 897 461 859 277 245 520 175 609 458 136 986 878 112 325 614 277 308 602 309 482 385 114 900 141 137 662 
10
436 718 883 168 575 140 649 944 416 995 
500
28 48
35 12
36 22
16 4
33 35
21 37
41 43
44 11
49 18
41 32
19 40
41 11
22 28
21 22
24 1
15 45
45 30
47 34
14 19
29 21
45 18
0 34
17 8
16 49
28 18
28 40
24 5
12 18
35 41
49 38
13 41
47 31
39 47
25 23
36 19
34 27
28 26
8 48
30 3
33 18
35 45
24 38
38 10
38 29
26 49
14 7
38 39
37 47
32 36
27 36
47 49
5 30
6 13
49 12
43 29
0 27
45 9
5 9
3 40
6 49
30 0
48 18
36 33
41 47
34 29
8 6
5 0
18 19
39 40
20 17
2 10
48 26
17 4
34 46
14 36
15 34
47 15
40 35
23 36
15 27
39 17
46 41
28 21
42 22
11 19
14 20
22 37
12 28
2 18
48 1
26 33
18 29
16 27
7 44
22 9
26 16
21 39
43 46
18 10
45 39
20 33
33 34
37 15
18 17
43 44
30 47
19 13
46 40
9 0
23 28
30 21
31 2
47 2
39 6
26 9
42 40
0 17
9 30
19 27
26 40
33 10
18 36
39 28
35 1
5 42
9 28
8 49
25 21
24 4
49 9
23 47
17 40
10 48
7 10
49 32
8 37
44 31
28 3
21 7
45 4
41 1
8 40
30 17
23 6
17 3
15 44
7 28
19 4
16 7
31 43
15 14
46 3
21 5
12 32
17 33
30 28
10 30
10 40
18 42
38 20
38 12
3 45
28 14
30 25
31 28
4 23
21 26
19 30
0 29
27 22
34 44
48 30
26 43
43 45
26 19
35 23
21 4
33 4
49 15
40 15
27 28
13 36
45 41
31 13
33 39
9 33
25 24
33 31
0 31
18 41
32 3
22 33
1 29
18 6
15 38
25 3
40 6
37 46
38 36
29 2
1 18
22 34
25 27
42 3
29 4
45 34
17 1
46 20
30 6
1 19
16 32
30 43
33 46
36 35
10 45
8 38
3 15
31 3
23 17
42 14
43 37
29 26
24 47
12 4
14 3
45 37
7 29
12 6
20 21
41 31
27 1
0 46
10 26
17 49
18 38
11 40
15 12
35 8
0 21
1 16
39 37
14 32
31 21
44 38
12 46
47 28
20 1
7 25
7 3
36 42
32 25
41 39
49 20
7 47
45 32
15 21
45 22
48 39
48 19
24 8
25 2
14 46
11 18
14 0
20 7
38 45
34 32
12 45
12 42
37 31
9 36
1 6
2 37
17 14
9 17
5 34
8 45
46 22
24 0
23 21
18 40
8 18
42 48
47 21
48 44
29 47
3 44
1 39
22 11
37 48
23 16
15 31
27 24
25 44
22 19
31 34
39 8
23 43
7 15
16 19
29 37
32 48
1 14
16 22
18 24
44 1
32 17
2 48
26 2
5 35
41 48
36 40
46 7
15 33
38 5
46 45
1 31
12 27
42 29
2 44
25 35
17 48
12 48
44 8
37 20
9 39
40 32
8 26
10 3
10 21
35 7
42 1
31 26
38 16
7 23
40 48
18 39
47 42
18 4
17 27
37 6
16 31
43 11
8 14
0 32
26 37
42 11
46 27
8 19
37 36
40 41
9 12
6 11
42 49
25 34
48 3
6 33
37 10
30 42
42 21
9 8
37 3
2 15
14 6
17 31
16 17
13 10
49 37
24 26
14 30
28 42
22 5
10 46
23 42
48 22
10 9
2 34
8 2
7 19
2 40
2 49
4 30
19 5
3 36
14 25
27 45
34 35
45 36
27 9
20 25
7 11
37 38
23 40
40 33
24 45
1 7
5 14
16 39
16 0
4 48
25 42
35 6
9 4
45 48
6 43
12 16
9 16
22 32
45 19
0 4
18 14
21 24
40 27
34 49
5 45
21 34
46 38
25 41
46 35
13 44
46 25
30 20
45 47
42 2
37 17
49 29
38 48
13 48
45 1
22 49
24 28
20 8
19 3
21 9
6 19
0 28
40 25
33 49
28 43
41 38
28 45
19 46
29 16
16 46
39 0
39 29
22 30
5 15
3 35
30 49
14 27
2 21
38 31
33 16
45 40
5 44
1 5
38 27
6 5
49 24
46 42
13 3
23 2
49 45
38 19
17 21
31 24
9 6
22 41
21 6
12 31
31 25
2 5
23 9
16 47
36 44
30 2
35 24
38 1
8 42
37 7
13 38
16 34
19 29
0 38
27 26
5 39
17 44
0 12
6 4
49 19
34 41
21 38
32 5
28 34
37 9
30 27
8 29
36 1
19 17
