50
553 479 559 635 17 398 87 146 504 63 435 735 771 345 665 824 894 506 621 342 615 67 910 328 616 634 237 381 510 291 480 709 364 443 72 522 886 279 574 91 601 136 353 855 587 426 321 303 9 572 
10
877 335 459 223 816 560 88 447 984 167 
500
30 40
24 10
7 1
25 36
20 36
32 27
8 37
13 16
45 20
32 8
3 18
29 9
27 7
38 22
30 43
18 27
15 47
24 15
45 33
42 32
7 31
18 21
37 38
24 17
40 28
7 14
0 37
48 28
6 20
44 26
20 27
12 7
11 46
43 39
3 30
22 24
30 44
6 39
5 3
49 8
8 3
34 6
9 3
5 42
4 33
40 33
39 28
4 27
23 34
27 11
10 25
6 24
35 38
8 34
28 25
34 2
40 48
34 16
31 44
21 5
27 49
42 2
41 49
20 10
29 28
23 37
13 14
4 30
30 39
18 42
45 41
28 4
3 26
35 12
49 47
47 2
48 45
46 34
25 20
2 10
14 24
36 11
28 11
45 1
11 2
20 26
23 45
47 44
36 0
8 36
32 46
0 28
10 17
47 22
1 41
18 1
1 33
34 42
36 24
24 43
17 20
13 31
35 3
34 31
2 4
36 23
44 34
14 22
0 43
28 36
39 0
21 0
32 40
43 7
15 31
48 32
36 35
33 21
46 41
44 40
9 24
34 45
44 38
37 43
5 20
23 19
18 22
3 39
37 26
33 49
1 24
13 40
6 18
25 3
8 27
4 46
3 0
33 3
33 7
38 19
38 25
1 46
19 47
0 4
42 39
2 29
15 22
0 6
20 49
23 28
31 23
32 22
31 37
38 23
11 30
26 10
32 43
43 31
19 14
17 27
46 22
3 23
42 8
22 49
38 40
47 33
21 15
3 47
41 35
45 37
30 28
41 26
9 17
42 49
43 8
2 44
43 18
14 37
42 12
29 46
18 0
35 30
16 37
0 35
47 39
39 10
49 11
24 28
29 39
16 25
2 16
12 2
43 21
34 37
6 45
47 16
24 42
19 10
42 13
13 8
10 9
37 5
8 40
11 31
29 7
11 20
29 24
15 49
45 15
6 49
38 31
12 41
24 30
23 16
23 43
23 21
16 22
9 35
36 6
27 41
39 33
44 5
28 3
13 43
40 23
30 18
25 4
20 44
48 9
22 9
19 4
48 37
23 46
6 2
11 5
24 16
46 40
48 2
47 32
34 24
44 36
38 20
10 21
43 10
26 42
5 28
4 35
6 32
35 2
7 39
48 24
15 18
1 0
19 6
44 3
34 13
42 20
29 33
25 32
16 1
9 12
19 34
19 45
16 19
28 22
40 39
41 47
16 21
20 46
26 16
32 2
26 23
32 26
42 35
7 23
40 21
44 17
41 10
17 19
4 23
12 22
49 17
25 41
23 13
3 43
44 16
40 0
40 41
2 15
15 33
32 49
28 13
10 42
14 42
45 36
24 46
25 11
43 4
21 22
28 33
37 47
34 7
33 2
41 28
31 33
47 38
46 44
45 28
43 42
25 39
1 19
10 0
16 39
34 14
13 2
45 17
42 45
45 31
31 3
49 34
31 30
11 26
0 12
33 20
18 44
4 3
12 38
13 27
24 41
11 45
43 15
30 46
42 36
0 34
2 27
2 23
46 25
24 2
28 27
14 4
21 38
30 49
48 44
43 26
11 3
49 24
18 16
25 30
25 2
18 28
10 3
49 48
7 44
3 6
23 6
42 17
32 10
37 17
14 21
24 4
15 10
32 11
32 24
19 13
17 6
41 48
11 41
1 42
37 4
35 46
18 8
9 47
7 32
11 10
47 18
37 25
22 31
31 14
8 38
21 48
1 28
8 24
46 49
19 2
18 39
12 8
38 13
20 24
37 2
16 36
22 11
9 1
9 38
46 15
40 16
41 2
11 43
43 27
49 38
37 3
19 41
16 14
48 16
12 14
0 27
9 23
11 13
48 43
34 4
5 14
21 11
37 41
12 23
48 31
10 22
9 40
11 47
46 6
48 36
44 6
7 24
24 3
12 11
8 33
40 27
48 5
14 11
21 19
10 7
13 30
6 31
10 48
1 49
10 14
2 49
42 38
19 46
42 46
39 17
30 29
28 37
48 39
26 39
37 12
44 24
29 22
40 29
48 11
27 46
48 15
42 31
39 20
48 33
30 42
7 17
45 47
32 28
5 46
3 41
15 42
23 44
28 15
41 4
46 43
25 22
23 48
27 15
47 30
24 18
6 33
49 13
34 5
49 44
37 33
22 4
27 37
19 48
10 4
14 17
5 12
31 0
20 34
2 1
31 49
48 22
35 26
16 42
33 41
44 11
35 48
27 45
30 45
41 38
29 32
33 38
19 29
16 5
14 23
15 36
35 11
