50
871 72 71 846 277 166 61 439 635 623 682 537 690 651 215 440 279 775 481 135 447 971 378 112 627 778 124 27 375 900 903 312 947 826 617 815 629 157 211 497 16 951 135 741 406 833 885 301 381 416 
10
998 631 67 812 769 829 669 48 767 591 
500
34 36
15 25
36 45
33 23
47 41
49 25
8 30
46 16
9 13
0 36
33 25
38 16
49 35
20 6
42 12
10 12
22 41
33 45
21 5
37 19
38 31
46 2
18 15
23 8
21 4
44 8
47 24
34 6
12 17
28 10
38 32
16 26
26 45
6 47
7 19
12 45
19 21
19 8
24 48
12 36
31 22
1 4
31 47
7 12
43 42
1 34
43 19
23 48
8 43
42 6
41 34
12 39
41 40
42 49
25 45
45 38
40 28
3 7
49 31
5 27
8 1
29 41
6 8
44 38
9 19
32 14
0 9
48 39
3 34
31 2
48 4
21 49
30 36
9 46
8 12
31 25
18 40
42 35
46 1
33 41
29 36
5 23
30 18
21 26
14 42
23 26
7 47
45 29
22 26
31 35
2 16
19 11
47 39
46 12
5 35
25 26
12 37
43 45
41 48
49 4
19 30
49 22
6 10
5 37
34 47
31 37
16 45
3 29
45 48
9 28
5 6
34 7
10 36
14 43
39 26
4 33
33 18
36 2
13 5
21 15
27 18
27 4
17 31
10 35
32 28
2 14
48 47
7 42
24 18
5 39
9 2
45 37
36 43
49 34
30 34
33 31
15 2
9 27
29 14
15 0
42 37
32 8
4 39
43 27
20 0
23 39
23 40
38 28
44 29
27 39
23 10
28 13
1 32
39 44
28 44
43 16
44 10
17 45
35 40
19 27
32 20
47 26
22 5
23 32
3 20
47 2
1 45
1 0
5 34
46 3
32 46
35 22
6 49
40 7
1 27
32 37
4 32
34 8
5 24
35 39
0 18
13 39
41 28
43 1
31 19
40 16
14 17
28 26
11 46
18 6
14 4
23 44
48 28
29 28
44 5
10 3
49 44
18 2
29 15
46 26
44 42
43 46
24 28
16 13
15 11
35 46
25 3
12 38
20 5
18 1
13 21
26 37
44 34
1 21
33 24
39 21
36 47
25 23
13 1
20 8
44 1
18 25
0 44
46 29
27 23
29 34
43 13
27 11
14 1
11 26
47 4
46 14
41 46
49 5
29 22
12 13
48 27
43 10
20 26
48 42
17 18
22 48
43 38
36 15
13 45
1 48
46 24
13 36
34 28
43 30
30 21
28 45
1 23
10 17
28 11
32 36
16 44
21 16
37 38
39 16
32 47
48 20
27 15
34 38
33 29
39 49
30 33
35 8
15 22
10 11
45 24
27 21
24 6
45 8
40 9
2 44
35 1
41 0
0 23
27 49
18 22
25 13
9 26
2 21
40 15
39 20
35 44
35 3
1 12
17 28
46 17
47 35
29 48
41 25
40 12
29 30
30 5
22 43
44 14
4 40
5 18
40 2
20 10
33 34
38 29
21 41
48 6
10 26
2 24
7 25
6 27
2 34
22 8
21 42
42 16
29 4
24 21
31 23
19 42
48 25
5 40
44 6
34 23
28 35
6 19
35 43
18 28
4 42
38 48
40 19
14 21
34 32
34 39
48 10
38 47
34 46
10 25
39 24
30 26
46 49
12 48
30 44
4 5
1 40
41 9
16 3
29 25
39 36
47 27
27 25
1 37
29 19
25 43
47 49
4 23
38 13
20 13
2 22
36 41
24 14
48 9
36 38
35 16
0 49
0 32
19 24
43 32
25 16
28 27
33 42
30 23
15 13
14 19
47 3
39 19
33 26
44 47
24 17
26 6
44 11
13 7
41 8
28 3
23 42
47 46
18 43
2 17
3 44
41 14
41 43
9 39
9 24
10 31
41 32
45 10
7 24
13 33
31 0
19 22
29 47
36 6
26 49
30 13
43 12
47 16
43 39
25 34
3 23
18 37
9 29
11 23
28 46
28 43
31 6
41 37
22 37
22 40
5 16
25 1
8 10
49 33
46 5
10 0
4 30
22 11
40 8
20 42
3 12
28 19
0 46
15 41
38 14
8 26
37 8
47 23
3 15
15 35
4 17
15 16
24 44
36 1
6 37
15 7
25 35
28 31
21 40
22 3
37 46
8 15
38 1
4 22
29 37
22 44
15 33
46 15
49 40
0 48
30 37
1 6
41 16
49 19
7 20
7 29
18 35
12 20
16 20
26 40
27 17
15 14
38 4
29 0
28 0
25 21
4 35
26 35
40 36
32 5
13 17
38 40
39 30
18 42
31 16
41 2
21 32
40 48
35 33
36 23
7 16
34 12
13 46
1 11
31 39
23 7
17 49
19 33
29 12
16 33
42 13
14 34
30 46
