50
930 391 403 73 411 194 11 617 386 683 279 950 596 16 214 216 107 76 791 159 759 156 554 962 153 335 650 584 553 741 605 576 706 635 872 193 883 71 968 726 316 245 805 393 215 728 453 269 93 702 
10
196 583 492 767 99 770 313 127 982 482 
500
43 45
43 12
49 10
7 29
16 42
44 4
0 23
49 1
0 5
31 40
40 23
32 14
7 18
37 48
28 36
23 25
6 47
49 9
49 22
36 21
33 1
11 35
17 32
33 5
48 31
39 2
20 30
24 9
44 37
17 37
11 39
32 43
7 44
8 10
4 8
21 2
5 28
14 23
46 2
42 10
45 23
31 49
9 16
27 26
21 46
0 14
48 2
33 29
19 9
12 3
26 9
29 19
32 12
32 49
4 45
23 44
0 16
21 34
19 8
47 14
2 13
45 9
1 13
39 6
20 1
44 34
5 27
20 39
29 20
36 32
41 36
16 22
37 5
40 30
21 6
33 26
29 35
40 16
33 39
15 43
1 22
33 32
3 7
2 25
5 35
8 25
1 34
13 21
25 44
34 8
2 20
39 16
16 47
27 48
33 7
49 23
27 40
47 23
22 3
11 36
24 38
37 14
13 17
15 44
33 0
28 40
22 18
0 39
24 41
32 39
35 33
41 6
9 4
40 33
24 29
37 49
3 36
12 14
9 18
46 30
6 48
26 36
2 27
7 13
23 4
9 32
41 38
9 48
17 18
24 45
31 32
46 37
43 5
13 39
35 40
24 23
10 36
23 31
27 25
8 2
18 5
14 11
17 44
49 45
31 20
39 5
2 0
49 44
24 46
39 45
19 45
6 24
23 6
26 0
46 7
9 2
27 37
8 15
17 5
1 44
10 0
3 1
34 20
39 18
40 17
12 38
43 18
29 39
41 34
22 7
27 16
5 46
9 0
25 21
3 13
22 47
21 29
35 19
36 33
28 20
18 8
31 38
19 12
18 46
43 11
7 28
36 5
17 31
40 47
25 40
37 11
28 10
31 4
37 8
34 4
36 47
40 46
20 35
40 21
2 37
37 24
35 45
20 45
49 47
18 24
0 30
1 17
39 49
38 18
8 48
23 8
27 17
28 0
18 28
38 40
27 20
13 48
15 6
15 14
33 21
9 11
42 44
46 22
29 37
34 18
32 25
19 27
30 27
32 28
42 30
38 34
42 45
11 20
33 11
26 23
8 6
41 39
26 6
0 24
31 39
8 7
14 30
0 4
16 30
27 13
9 38
45 25
39 35
26 29
9 43
44 29
4 27
35 14
19 3
48 30
19 16
17 41
4 16
20 47
6 28
26 46
35 13
48 35
1 43
17 21
22 21
21 12
3 35
38 20
45 6
20 43
28 4
11 1
35 47
44 16
38 45
32 35
28 38
38 0
28 42
7 16
19 47
39 21
3 25
32 41
28 37
17 30
8 14
21 44
19 25
20 7
28 11
38 10
23 38
4 22
19 14
23 9
45 2
37 40
35 38
45 32
15 11
46 6
4 47
20 9
34 7
29 6
41 31
2 42
22 48
30 44
39 37
5 29
45 16
12 44
46 20
31 46
44 43
46 19
16 12
31 27
43 14
41 7
43 33
18 20
18 36
46 41
2 35
39 24
25 41
47 44
12 40
20 41
47 5
15 25
3 40
30 15
23 34
11 13
23 10
44 45
29 4
34 31
5 32
11 0
39 40
25 37
9 46
48 32
42 6
0 36
33 19
32 3
1 35
32 24
37 4
34 5
39 47
24 40
18 30
10 4
3 43
12 24
7 12
13 16
11 31
22 34
1 6
46 25
49 33
13 44
11 29
27 15
2 19
45 28
33 38
12 36
23 27
42 47
5 49
3 21
11 21
39 30
33 22
4 46
49 42
2 4
48 42
27 21
6 4
8 44
1 16
49 41
8 29
21 43
9 7
38 2
7 43
30 35
30 24
36 13
42 9
39 10
3 14
3 45
28 43
32 44
27 14
39 7
7 21
33 46
20 5
33 3
42 25
49 2
15 46
16 2
29 45
49 36
14 26
3 41
6 33
10 25
12 27
3 48
12 8
8 20
16 35
18 32
44 48
18 35
4 7
47 1
19 22
23 28
37 26
23 22
13 33
20 15
6 0
21 14
34 49
42 31
30 41
36 22
24 14
8 39
14 44
5 10
15 7
46 49
22 44
48 15
3 28
44 39
13 45
24 25
43 26
2 17
15 34
20 33
20 26
40 44
12 4
8 47
48 12
6 7
19 10
22 8
41 14
36 8
34 6
47 25
20 19
27 29
11 27
45 48
13 30
47 26
14 49
25 29
22 14
0 42
30 34
4 48
2 26
38 48
29 28
6 32
22 2
1 27
42 5
25 11
19 6
32 22
13 8
15 36
27 28
47 45
16 38
