50
892 17 853 498 513 494 270 249 961 560 120 804 271 225 242 715 619 808 159 22 7 520 895 385 772 660 234 513 277 680 414 336 952 787 725 750 51 490 272 360 519 905 813 769 81 100 670 91 877 511 
10
473 599 943 251 511 655 899 557 976 224 
500
2 48
12 23
45 2
8 45
44 11
12 32
8 5
8 0
9 16
37 34
40 2
27 47
3 44
17 42
2 32
40 13
44 9
38 41
46 0
2 3
37 35
40 8
37 17
29 10
26 21
25 46
6 45
4 48
0 10
0 38
30 31
15 7
25 9
11 2
6 34
22 19
28 42
30 47
32 34
40 4
36 32
13 7
20 6
10 24
49 33
48 26
25 41
20 29
18 21
40 25
38 3
14 13
38 28
38 21
18 35
35 47
20 31
12 7
32 41
29 16
25 19
36 22
2 35
7 4
28 18
38 36
27 23
39 10
34 35
16 32
0 14
38 47
17 4
11 22
48 23
16 5
2 39
23 6
33 45
38 5
36 16
47 8
37 29
43 46
22 49
2 17
30 13
8 49
15 19
23 38
33 6
13 2
41 40
34 33
47 2
45 49
13 25
40 38
49 18
42 15
16 23
16 47
37 21
3 41
4 24
40 3
10 9
9 11
30 19
2 43
18 30
33 16
37 44
28 27
24 48
26 4
11 7
41 7
33 12
0 33
28 48
35 17
19 0
32 13
47 43
44 28
0 16
21 45
34 26
45 0
11 13
18 6
46 35
1 21
39 20
32 6
45 44
47 32
11 32
42 2
38 20
10 26
0 13
13 16
4 2
19 38
33 44
42 35
49 43
13 31
40 44
10 35
19 49
47 40
9 18
13 12
34 16
5 6
36 40
21 31
12 24
17 46
11 25
17 21
17 20
10 23
45 39
43 28
25 3
41 34
0 15
4 44
14 40
34 0
32 22
27 33
35 9
11 40
2 8
10 30
42 30
43 38
20 10
31 37
37 18
10 25
42 11
20 26
39 43
15 47
22 9
41 31
31 19
22 45
41 16
22 2
8 13
7 37
42 5
1 41
3 42
28 40
41 48
1 31
21 15
12 35
31 45
22 23
23 34
26 11
37 46
10 49
31 5
35 48
36 7
6 12
48 44
29 42
0 20
48 22
27 11
10 40
42 7
22 13
40 49
18 8
19 26
17 3
34 22
15 45
32 24
7 21
31 43
16 11
34 8
37 26
45 29
2 29
34 13
29 40
12 26
27 14
42 22
15 22
19 13
46 39
17 24
16 28
32 5
27 38
17 30
47 12
44 41
40 9
49 2
16 17
4 46
36 33
39 7
37 1
25 7
43 10
44 2
36 15
13 24
25 34
25 37
5 3
23 29
36 0
41 22
11 12
19 4
18 13
25 14
46 7
30 14
5 46
42 4
39 3
26 30
8 31
12 40
20 24
37 30
6 9
40 33
45 34
49 7
25 33
18 34
9 19
44 1
34 9
45 40
16 49
19 46
30 11
16 45
21 12
46 44
10 32
41 20
34 21
15 23
10 19
40 43
25 20
1 15
20 8
3 10
5 14
15 25
49 3
44 39
15 31
7 30
26 24
30 20
23 14
13 23
32 4
9 38
36 19
5 19
39 32
12 38
30 8
2 20
15 30
41 35
11 1
44 47
26 42
14 6
26 3
1 18
26 0
24 44
35 45
18 0
1 34
48 19
43 34
20 9
11 34
32 42
32 17
33 9
6 2
10 31
32 48
6 36
35 38
32 1
27 8
38 33
45 7
42 1
6 1
23 42
0 29
2 0
46 8
44 15
0 49
32 9
25 30
18 10
41 14
9 43
11 36
33 43
22 43
23 8
12 18
11 38
28 24
49 47
13 35
7 1
9 39
30 23
44 20
1 43
16 22
3 23
2 38
5 9
37 3
47 48
14 48
27 32
40 30
16 43
1 30
48 21
19 14
8 11
27 44
5 34
39 34
23 25
7 31
46 23
33 8
19 40
3 24
0 44
30 12
33 3
46 6
20 28
47 39
5 40
46 32
0 24
4 16
44 43
24 49
38 6
7 16
33 4
47 10
41 6
1 26
27 42
42 6
9 21
6 27
9 37
33 30
25 49
48 27
5 47
26 40
16 8
49 31
22 44
28 12
11 43
5 18
7 3
40 37
32 8
1 23
19 43
41 29
32 14
35 49
33 5
15 3
42 49
12 3
4 18
42 12
14 49
14 8
27 18
20 7
10 17
24 30
45 11
33 23
18 43
40 24
13 43
33 46
25 8
8 35
13 45
39 0
9 1
29 8
2 5
12 39
30 4
17 19
27 37
10 46
11 10
12 1
49 28
28 34
31 0
21 40
21 41
14 7
10 28
3 1
20 13
29 43
21 2
0 35
12 49
16 15
4 37
16 48
21 42
47 26
