50
294 234 472 541 845 199 632 541 706 802 592 377 699 786 190 671 404 778 114 159 236 973 577 400 588 47 380 959 737 190 365 694 40 973 651 817 481 357 141 547 871 288 542 749 630 868 157 749 26 417 
10
983 266 105 388 349 916 603 702 928 53 
500
34 6
45 1
14 35
35 17
40 1
6 2
6 44
20 1
24 28
33 15
0 9
13 26
32 48
14 19
32 45
2 40
46 40
46 29
24 43
28 7
8 10
10 20
43 25
36 29
1 3
46 26
34 17
40 35
13 40
8 22
20 25
18 4
4 38
27 43
49 44
17 16
44 18
39 20
24 44
12 47
22 31
36 38
30 33
0 13
14 49
31 41
29 15
8 0
14 17
34 47
5 27
35 21
16 11
20 42
43 1
35 22
13 4
48 31
37 25
27 32
37 43
40 34
2 37
22 34
10 22
6 3
48 8
36 33
38 18
23 35
20 32
1 23
0 18
15 37
47 31
27 14
4 36
4 23
20 45
25 4
20 28
5 16
18 10
25 49
13 18
35 3
46 16
2 49
49 43
48 49
39 22
3 48
6 49
10 34
23 11
44 4
7 1
20 34
8 2
31 27
42 9
14 30
36 26
27 11
28 18
44 21
38 3
2 31
47 41
34 33
36 1
41 42
21 46
12 15
16 48
5 1
26 0
19 42
40 0
4 37
35 25
3 8
40 6
40 33
3 34
32 41
18 20
37 12
16 15
32 21
41 12
2 33
24 39
19 1
14 36
30 25
10 21
17 3
31 45
28 3
19 16
35 10
11 14
31 36
6 15
11 25
8 40
40 28
39 10
0 45
18 5
14 34
37 36
41 26
15 39
32 14
36 48
34 28
42 10
6 9
3 23
3 27
47 38
2 44
21 36
24 19
21 48
29 18
40 19
42 4
6 27
28 41
32 39
15 0
49 22
3 21
11 17
35 1
32 38
15 18
23 28
30 29
46 27
43 10
34 11
47 19
20 0
23 34
19 30
21 30
40 42
32 47
33 6
13 19
9 34
29 43
41 19
20 13
23 0
9 20
20 40
9 3
18 43
9 18
9 45
39 43
35 47
33 42
34 1
26 47
22 36
10 0
4 10
40 38
16 22
16 21
37 34
2 39
28 26
24 25
6 29
32 7
44 14
37 39
12 20
8 21
7 41
12 45
2 21
28 35
26 45
22 12
31 21
26 49
3 46
13 2
39 21
14 8
34 2
37 48
20 30
8 43
35 0
16 9
27 33
49 17
48 28
38 44
30 32
11 15
36 9
26 4
25 1
22 9
27 26
42 43
25 48
16 30
0 5
5 14
38 10
1 8
14 40
13 41
12 7
2 45
33 39
24 21
17 21
17 26
3 32
36 40
31 13
1 9
3 29
38 11
45 11
21 33
45 48
42 35
23 19
33 5
40 15
36 28
0 42
13 37
40 41
1 47
18 1
17 48
14 24
14 28
6 38
45 5
43 38
43 14
6 32
5 44
36 49
19 3
25 10
47 45
35 12
41 49
8 25
21 41
41 9
36 7
44 29
26 14
37 14
2 41
12 30
32 8
32 22
7 44
39 31
43 33
7 29
42 49
6 18
47 13
46 48
49 16
15 25
11 2
8 20
14 6
41 44
44 34
39 49
39 35
25 29
44 9
7 11
25 0
4 14
10 15
25 19
41 33
16 18
2 38
38 9
24 18
48 15
9 33
22 25
12 27
3 24
25 38
4 12
46 36
9 43
44 10
27 36
38 14
11 36
24 16
26 43
48 35
13 25
36 17
24 42
15 26
30 44
35 16
48 42
31 18
1 29
8 47
47 18
31 25
30 28
46 23
43 16
24 8
48 6
40 4
43 7
46 8
27 18
39 26
3 25
33 45
34 38
20 2
44 27
34 27
5 26
22 6
10 23
3 47
42 14
32 46
45 23
20 41
4 49
1 2
33 28
47 29
32 43
41 10
30 4
31 7
19 29
42 28
0 24
7 30
46 38
5 41
0 47
30 24
43 47
27 40
12 19
10 13
27 29
27 38
28 39
42 27
47 30
11 49
23 24
39 40
30 23
45 6
37 24
11 46
17 22
26 32
0 46
2 35
42 38
29 45
2 42
5 37
18 49
10 33
31 15
18 22
26 12
46 18
37 42
4 34
20 23
42 32
28 5
37 17
23 31
17 41
31 17
7 38
29 39
23 14
13 32
3 18
18 34
21 38
33 25
32 9
12 49
38 19
10 7
4 47
36 43
9 14
9 25
15 2
31 43
4 19
42 34
26 6
20 37
24 22
11 1
23 42
47 9
13 49
16 42
13 38
14 48
46 12
6 37
38 8
48 30
24 2
12 16
22 5
5 31
1 46
4 32
2 26
26 38
20 4
34 7
44 26
22 30
20 11
41 3
31 24
