50
937 925 941 189 773 698 24 277 190 893 823 492 625 537 710 627 881 678 553 722 900 949 740 199 567 422 949 607 899 926 945 381 194 870 281 508 872 858 275 498 916 180 41 485 872 323 552 974 649 187 
10
526 84 572 503 291 890 79 901 995 827 
500
45 3
18 12
24 6
31 49
5 39
48 34
42 36
29 14
15 19
36 49
31 23
40 13
26 17
21 6
11 32
28 24
29 24
17 25
9 39
48 1
6 10
3 14
8 30
38 23
4 11
21 36
21 25
21 42
14 27
17 6
41 37
12 41
21 34
29 43
30 43
31 45
22 37
29 28
9 14
39 17
23 18
44 5
1 10
39 35
45 44
12 31
42 29
48 13
43 14
9 38
13 1
1 41
12 19
11 21
19 42
40 48
17 9
43 13
31 17
43 9
15 6
18 17
29 6
2 20
13 9
43 25
14 4
32 49
31 20
18 28
11 3
42 23
48 17
40 1
19 33
6 18
37 20
49 6
40 33
31 25
30 42
28 4
35 3
6 34
6 35
37 36
18 35
36 26
16 1
43 46
45 43
9 42
10 16
0 34
31 34
4 33
10 19
42 11
31 19
27 35
38 5
32 19
12 33
6 9
36 47
41 7
25 20
45 9
16 33
16 20
0 20
32 2
22 19
21 22
43 16
23 0
20 30
20 49
44 14
22 24
40 43
4 5
7 48
47 48
4 35
0 45
38 16
12 24
30 7
25 0
34 35
49 39
7 47
19 14
13 37
38 32
3 23
11 9
29 46
12 16
23 9
49 23
10 47
47 26
46 39
12 4
37 30
28 49
15 12
18 5
45 20
21 17
48 9
36 23
17 35
32 18
21 31
22 4
29 8
47 24
27 7
29 0
6 31
8 13
38 30
21 15
34 26
25 27
41 0
29 19
15 36
41 20
15 26
6 12
41 31
49 8
17 24
32 44
29 1
32 21
43 34
19 16
41 2
35 46
23 6
10 7
10 32
31 9
42 45
1 27
20 44
19 8
47 41
5 31
35 29
42 32
36 2
45 40
26 37
36 39
47 19
7 31
23 24
25 6
39 24
27 33
12 23
30 14
18 26
11 28
40 34
29 33
47 17
45 29
30 41
8 47
4 36
25 13
25 9
0 6
35 26
11 12
47 40
40 12
7 1
11 22
37 46
13 10
7 17
34 27
33 5
4 20
17 14
37 28
13 12
28 43
18 21
42 35
27 29
25 18
44 23
35 40
49 7
7 28
15 38
39 40
9 8
46 13
3 4
29 41
33 11
20 39
33 36
34 12
46 36
47 6
24 3
37 40
43 38
47 33
2 31
2 39
33 3
0 19
46 19
47 3
19 3
40 5
20 28
48 25
14 25
20 43
24 1
34 49
49 0
27 15
24 7
5 28
34 29
17 49
14 11
34 24
36 32
43 26
8 23
30 15
24 4
21 0
0 46
40 7
39 16
37 49
1 25
8 48
22 3
26 3
2 17
24 43
41 32
44 13
14 47
10 3
33 30
31 42
46 45
11 27
43 2
29 7
47 35
10 25
42 10
2 46
34 14
3 1
5 14
9 46
5 37
5 20
11 26
29 26
11 5
37 6
38 41
22 15
13 24
20 9
26 30
33 43
22 31
3 34
12 48
14 37
35 7
41 22
26 20
21 47
36 3
23 15
27 32
11 40
38 39
26 48
1 46
13 22
35 24
45 15
23 41
31 30
47 32
19 26
47 23
23 27
36 9
29 38
38 37
12 46
28 17
47 34
20 17
27 18
14 12
47 38
28 47
15 10
36 14
13 18
4 38
39 31
21 5
34 30
36 10
33 37
32 12
39 22
4 10
13 20
38 36
3 40
3 15
9 32
25 16
29 20
42 39
37 8
5 2
19 36
20 15
33 14
43 8
6 39
10 18
10 28
24 18
47 11
15 24
8 14
37 47
22 48
34 23
44 15
27 48
6 41
46 48
3 37
32 20
8 36
47 5
1 17
41 39
47 49
12 47
4 17
36 7
38 27
7 2
37 18
45 12
2 49
35 41
2 23
17 42
0 15
49 41
36 29
7 4
8 6
28 27
25 19
23 22
13 16
36 24
17 40
40 19
2 40
9 35
39 25
1 6
19 28
23 39
18 20
7 46
42 8
31 24
34 20
31 44
20 8
2 1
43 22
38 17
32 14
21 37
44 24
12 8
33 34
33 45
27 46
34 22
37 15
39 15
9 26
39 12
45 25
44 16
23 28
41 10
34 11
31 38
21 9
35 45
44 37
14 28
28 42
33 31
1 8
0 8
16 23
38 34
21 19
34 44
37 39
17 41
49 14
34 41
23 43
4 6
43 12
36 35
15 7
37 32
10 2
0 36
16 6
38 42
35 19
46 11
26 12
17 46
7 6
15 5
5 46
