50
833 38 361 150 51 222 88 356 400 632 760 76 756 778 645 443 539 345 298 653 495 943 416 91 565 390 358 70 151 328 810 519 120 317 98 719 861 970 119 370 836 460 621 250 634 622 44 183 465 823 
10
739 97 976 868 735 951 314 268 920 911 
500
29 1
27 13
32 42
48 5
36 31
20 11
43 1
31 8
26 19
36 48
35 4
20 45
42 6
40 18
16 14
14 20
34 35
34 30
39 49
41 18
37 45
49 17
13 45
30 13
7 10
25 31
4 15
32 9
43 44
43 2
41 5
44 12
32 47
28 11
7 2
28 44
37 15
31 6
29 31
22 19
32 23
10 40
6 4
22 27
47 2
34 37
4 23
33 27
24 42
7 25
26 28
1 33
37 40
42 26
44 14
32 12
14 26
49 4
23 47
18 29
23 49
49 1
1 12
29 10
16 45
36 35
10 24
28 1
26 33
33 32
10 19
11 15
15 30
25 15
21 46
7 44
12 3
11 17
47 12
48 25
48 33
11 6
22 21
42 14
33 6
19 45
33 22
23 30
2 3
41 21
4 44
2 23
14 2
29 33
8 15
33 4
17 48
7 35
16 21
20 28
39 47
4 28
5 46
31 23
7 47
21 14
38 32
8 46
16 6
43 37
26 16
32 34
41 31
18 25
7 37
33 24
29 11
8 36
35 2
7 32
10 43
17 25
43 19
0 23
43 28
10 26
18 6
24 36
1 36
31 35
15 41
18 11
6 28
49 8
2 10
39 21
28 48
38 49
39 24
30 49
23 12
30 41
9 15
18 47
27 2
5 27
7 20
27 41
26 47
49 10
16 49
6 32
39 28
4 13
22 2
38 20
16 42
19 3
30 16
15 18
21 20
45 48
39 32
34 44
5 36
16 1
25 38
3 13
19 28
18 8
39 41
25 11
37 12
0 43
2 26
10 18
8 43
26 24
1 0
15 7
15 2
31 34
0 26
39 8
37 30
46 1
22 16
12 16
6 36
2 46
2 4
8 14
39 38
34 1
47 20
4 37
9 49
34 13
34 18
49 24
33 31
28 17
44 19
1 3
5 11
17 30
20 23
11 35
36 13
44 33
6 10
7 31
22 4
43 31
34 6
38 12
1 31
9 43
23 10
28 24
37 20
10 4
21 13
36 37
29 4
19 49
44 2
15 49
34 43
38 45
11 48
40 3
27 1
44 23
27 26
34 46
36 9
17 5
24 41
26 31
38 27
2 49
42 27
5 24
3 34
45 49
27 35
28 49
21 42
45 40
9 25
12 28
12 19
45 29
44 27
47 11
39 17
19 21
21 12
1 35
37 35
35 40
43 18
33 11
45 33
44 3
7 18
29 19
36 2
24 47
33 43
37 39
34 17
19 35
43 42
8 26
15 23
42 36
23 45
33 46
13 48
39 25
46 43
32 19
14 1
47 10
24 21
0 8
15 29
5 31
16 18
2 24
14 38
40 49
12 4
30 20
32 29
47 14
44 47
41 45
12 39
7 8
5 3
0 30
31 30
23 18
39 35
34 21
1 17
3 7
41 40
9 41
14 35
6 39
4 38
44 16
24 3
35 28
45 10
30 9
31 20
28 16
19 34
3 16
16 10
17 32
29 44
2 28
48 46
43 49
11 14
32 15
19 4
46 41
49 36
15 3
24 48
7 1
36 32
14 9
32 10
15 6
4 41
49 41
32 49
49 6
32 37
40 43
5 25
20 36
34 42
19 37
33 7
48 20
36 4
44 17
2 12
6 30
13 5
18 13
15 20
4 43
14 43
17 46
21 26
13 19
11 43
27 28
43 27
42 37
38 11
12 8
42 22
41 10
1 18
27 31
25 26
35 30
42 47
28 5
26 1
38 43
33 9
45 36
30 38
24 43
3 11
36 44
47 43
23 42
5 40
17 40
10 27
40 21
5 14
29 41
38 33
39 48
18 28
21 9
38 6
5 1
18 2
39 5
40 26
32 31
23 37
9 0
10 22
35 42
28 32
24 37
26 3
45 8
30 7
38 21
47 35
3 4
40 14
29 42
38 24
3 33
34 12
39 1
9 27
3 45
32 0
29 12
45 28
49 14
47 41
13 10
22 35
18 36
38 16
7 34
44 26
12 13
15 45
9 19
40 38
10 12
15 24
43 30
7 40
45 27
46 26
8 2
47 19
45 12
1 19
7 24
2 17
1 32
25 24
39 30
42 28
13 46
47 13
23 35
47 36
15 48
29 16
31 22
7 41
6 37
25 49
15 36
9 5
7 39
27 48
9 46
23 29
14 29
41 35
32 41
36 22
34 24
16 19
5 12
7 9
10 5
24 31
40 8
22 12
21 44
23 43
6 48
33 23
42 49
5 18
12 42
6 20
22 24
8 17
37 13
9 20
9 8
0 33
34 9
