50
234 944 58 819 301 688 515 344 898 66 93 509 781 707 706 24 189 616 486 67 780 566 391 111 23 581 854 5 283 659 186 772 105 111 664 454 100 881 586 470 552 352 2 408 252 443 14 320 861 106 
10
671 675 353 991 389 913 370 138 934 577 
500
13 19
48 26
21 46
1 37
32 1
37 13
9 35
25 41
47 3
29 44
11 49
45 35
48 24
34 22
0 37
14 10
23 0
40 9
0 14
47 43
36 30
17 49
41 37
24 43
7 18
17 0
12 45
8 41
4 48
6 25
6 1
25 31
35 46
3 13
48 49
0 24
20 0
22 39
32 43
21 35
45 38
19 5
29 17
4 12
9 32
16 22
28 8
24 46
31 12
4 38
32 39
32 21
48 45
37 6
31 11
5 9
47 39
36 41
9 23
17 43
28 47
18 45
22 7
12 35
29 2
49 41
21 18
1 47
19 33
43 13
46 3
5 32
12 32
39 26
42 18
43 45
29 20
48 12
19 31
14 36
7 39
46 16
7 41
45 16
43 35
7 31
43 6
4 32
31 42
8 43
20 36
15 6
10 39
49 36
8 7
10 37
26 42
5 16
20 8
15 0
13 11
8 49
31 20
43 18
48 17
37 31
5 49
2 25
42 35
11 16
38 26
16 4
34 9
48 10
22 43
5 13
35 15
19 41
27 28
46 37
4 33
46 20
19 35
44 2
22 4
41 35
3 0
40 3
47 24
37 22
43 48
13 1
2 35
34 23
9 1
8 30
15 44
49 12
28 13
3 42
18 26
12 8
34 19
2 18
5 36
35 26
40 10
48 19
2 4
36 2
30 3
29 3
40 11
2 14
49 21
17 6
13 0
7 13
42 2
40 15
15 20
2 34
41 4
47 16
27 49
43 14
7 6
9 39
13 10
38 1
35 18
19 7
17 9
25 5
43 15
48 29
27 16
35 27
37 9
15 30
22 29
2 49
37 27
44 3
37 28
21 19
40 13
18 6
44 42
23 4
19 26
32 42
31 32
29 33
7 42
30 29
45 39
11 27
1 11
39 41
26 30
1 49
15 1
5 41
27 34
21 24
2 0
0 6
29 25
39 15
30 23
3 14
36 3
32 35
46 6
23 35
7 16
47 14
23 5
29 39
25 20
18 41
41 38
10 7
12 19
41 27
40 44
42 17
30 22
25 12
32 6
11 42
26 27
36 6
31 33
31 5
2 48
49 29
3 18
22 10
40 30
13 12
33 24
28 40
29 31
44 8
5 46
1 45
31 35
33 5
45 13
37 2
30 11
22 21
14 35
33 11
23 48
36 21
23 10
24 3
34 38
15 24
38 48
30 42
22 9
42 12
48 3
2 45
49 24
46 1
5 40
46 2
40 47
48 46
23 16
8 24
33 38
17 30
39 28
1 10
8 3
13 26
3 11
26 8
42 39
23 17
13 20
16 8
0 31
44 10
1 7
24 45
3 2
17 31
24 14
28 31
37 8
36 0
13 14
0 11
32 44
10 15
25 36
44 28
9 26
22 35
23 42
47 6
11 25
16 29
16 37
19 10
46 18
12 26
11 38
48 44
42 38
24 41
26 0
18 8
47 31
42 14
18 15
24 23
29 19
25 49
23 13
10 46
33 13
35 11
2 32
1 4
24 1
41 44
30 46
49 23
46 25
21 45
11 41
3 34
29 43
41 16
9 27
22 19
45 23
10 2
27 29
26 14
49 32
32 23
24 30
30 20
7 34
22 36
17 22
44 34
46 39
45 10
27 24
29 9
46 34
33 14
38 5
26 25
47 49
3 37
40 17
46 13
34 42
47 7
35 47
14 19
17 21
25 39
3 21
23 40
45 25
43 28
1 33
1 22
34 16
19 23
47 38
19 0
17 26
29 47
37 12
21 12
15 3
35 8
25 1
42 15
41 33
40 29
1 21
40 2
0 8
37 17
25 30
10 31
22 15
35 28
5 11
4 7
20 40
12 39
8 17
8 2
33 20
7 35
4 17
45 37
44 1
48 5
44 27
33 9
6 20
12 16
33 21
28 32
48 40
39 43
19 11
28 22
8 34
25 7
27 32
19 24
49 34
22 26
11 28
15 9
49 18
20 38
45 28
45 15
44 9
29 28
38 0
17 7
39 33
9 16
34 26
49 26
23 18
47 0
25 22
40 0
34 48
22 2
0 28
48 8
32 13
28 46
4 34
21 13
47 42
14 15
14 38
36 34
9 11
25 14
21 43
16 1
36 9
40 16
6 12
35 6
12 23
35 16
39 0
13 27
26 40
6 9
13 48
24 38
13 22
1 18
30 14
42 48
45 31
18 12
38 36
37 24
0 41
27 10
14 44
6 30
44 24
11 12
38 35
23 15
2 5
34 25
21 10
36 37
18 30
14 21
17 18
6 29
