50
7 50 270 484 811 866 157 764 732 114 414 469 273 767 295 603 96 456 858 332 89 413 884 868 462 255 268 749 927 354 277 451 528 266 391 66 693 776 55 518 385 583 686 437 169 642 662 46 49 564 
10
944 944 187 636 828 983 914 922 378 606 
500
0 22
27 36
18 11
39 29
17 38
23 43
29 34
48 20
36 5
8 37
16 25
47 17
20 42
10 39
17 30
39 36
15 5
30 24
8 13
13 40
1 12
8 23
28 29
47 18
27 30
3 36
34 44
32 19
39 37
14 11
41 15
48 7
5 26
42 38
46 38
36 18
24 5
13 24
18 7
37 1
7 4
41 24
43 30
5 35
28 0
26 19
37 6
9 46
45 7
40 23
44 5
28 4
0 7
3 21
31 0
13 45
16 27
29 35
12 26
42 6
32 1
46 14
12 27
45 2
44 19
34 19
15 46
18 12
31 49
2 27
26 28
15 24
19 18
27 19
31 32
43 16
48 30
10 37
41 30
18 45
22 28
26 15
28 33
40 39
13 47
12 42
25 3
7 19
44 49
13 23
42 30
37 18
30 15
29 27
32 26
40 37
3 20
12 6
30 13
3 17
16 5
43 31
17 7
48 18
15 0
13 26
19 15
7 47
6 38
2 30
37 14
6 5
28 34
41 44
16 20
14 47
24 12
27 11
12 16
10 0
39 27
32 24
20 29
28 23
34 16
27 5
7 40
12 14
43 20
29 48
13 42
6 40
43 24
1 23
40 43
38 21
13 2
43 10
29 26
46 6
43 19
39 0
10 44
6 3
7 43
29 14
34 18
48 34
14 30
11 46
36 26
28 11
20 6
30 29
9 5
33 43
17 37
5 40
20 47
43 25
38 12
41 14
2 31
40 3
38 25
0 1
27 3
28 49
29 3
42 19
9 0
36 22
10 46
45 27
37 24
35 20
6 24
42 44
22 46
45 49
23 31
14 28
4 18
32 13
7 9
3 46
36 46
2 20
41 42
17 5
42 49
17 36
21 5
11 34
33 0
40 30
13 46
37 25
34 33
36 34
42 31
15 28
6 39
11 36
33 2
4 21
41 49
46 7
21 0
39 7
32 39
25 46
19 33
17 10
37 33
1 8
36 0
4 42
3 39
35 3
8 16
2 18
40 27
9 47
35 6
24 46
46 23
45 36
14 1
31 48
12 45
15 36
10 45
38 34
36 37
6 18
28 9
47 5
37 43
49 24
38 28
28 46
4 17
39 46
38 44
44 47
5 49
36 20
24 7
43 34
3 7
35 43
18 1
20 17
0 34
25 36
7 16
17 19
47 31
28 45
32 25
46 1
4 36
0 19
5 0
45 16
1 6
31 45
42 29
48 49
6 0
30 35
5 18
44 9
27 0
13 35
48 41
35 19
22 47
17 24
29 1
20 9
6 49
27 43
43 11
7 36
8 36
22 19
36 31
36 9
47 23
19 47
8 45
1 38
48 22
43 26
6 41
35 49
34 24
25 15
34 42
33 13
11 8
39 33
36 12
44 32
23 38
33 49
33 26
43 4
3 32
15 42
12 33
22 41
46 26
48 17
45 11
31 11
45 48
46 5
26 38
33 30
24 25
29 21
29 49
33 14
7 20
27 15
5 33
27 9
13 21
23 33
1 3
25 18
6 15
14 39
9 2
11 39
21 17
38 40
5 14
44 11
24 3
23 12
44 43
40 9
33 31
7 31
2 37
47 21
30 4
14 24
40 46
1 4
45 17
25 14
11 33
21 41
31 5
20 25
18 8
35 28
25 19
44 15
12 17
4 0
29 18
39 2
15 2
31 39
8 21
10 32
19 40
28 7
15 43
22 33
31 10
38 15
34 6
44 3
47 3
3 30
19 24
44 7
30 21
20 41
15 13
21 15
41 5
18 24
34 10
44 23
26 10
41 35
3 49
5 48
15 3
13 44
26 37
9 12
11 26
8 30
35 37
43 47
15 47
27 41
48 28
21 31
31 41
21 19
10 3
0 47
10 28
21 40
21 45
29 19
42 17
48 14
45 38
6 45
24 16
10 20
48 23
19 10
11 12
33 18
24 42
13 10
34 21
8 34
20 5
18 3
15 8
19 11
8 10
38 9
22 18
43 1
36 35
15 14
29 46
29 36
3 11
26 31
43 32
42 46
43 46
16 21
9 17
7 25
16 26
18 40
29 24
18 43
4 39
25 4
39 49
3 22
9 11
47 34
41 46
5 42
16 29
17 16
1 26
7 12
20 12
47 46
5 45
2 48
42 43
12 29
1 24
40 31
32 30
26 18
6 7
24 0
44 2
27 20
44 21
4 11
45 25
25 13
13 27
5 2
25 35
41 9
38 33
35 23
16 37
45 1
18 44
4 41
42 23
16 10
29 31
1 10
8 48
0 16
