50
720 845 143 626 791 423 142 392 823 528 475 653 311 939 387 349 859 290 54 483 706 240 447 256 4 438 642 253 65 168 853 7 49 474 325 737 379 5 334 876 636 536 573 173 440 555 70 733 9 250 
10
212 941 370 389 122 718 92 560 899 234 
500
41 18
4 15
3 12
20 44
48 28
40 19
22 32
41 45
47 49
48 6
14 22
1 41
22 2
47 20
10 49
38 31
9 25
16 14
45 2
9 17
20 21
8 46
4 27
8 13
1 38
25 26
33 2
0 47
46 20
44 47
42 25
39 9
17 18
5 26
8 33
42 13
48 43
49 37
33 23
41 47
32 35
39 17
22 43
21 44
37 40
0 39
21 32
38 45
20 33
28 36
1 46
31 29
25 23
32 43
35 39
42 21
23 45
49 39
35 49
11 38
41 4
1 16
16 20
23 34
11 9
15 40
28 29
32 25
19 4
20 22
6 3
6 5
26 30
20 17
44 10
2 30
43 49
14 45
47 25
23 35
23 29
5 17
1 30
10 47
32 19
39 31
25 31
35 44
5 8
1 27
26 47
7 49
7 3
14 5
6 37
13 48
30 13
10 20
28 45
21 39
21 31
10 25
36 4
40 1
0 17
22 15
39 29
27 34
15 20
28 49
47 19
47 15
10 35
47 29
32 15
38 14
4 3
42 47
48 4
13 10
8 15
9 42
12 41
35 20
27 24
49 19
22 42
9 8
42 2
49 4
40 18
24 38
22 24
46 40
8 41
21 27
24 16
40 36
49 25
42 3
21 49
16 10
47 34
26 36
28 33
33 9
6 0
23 15
7 1
21 47
43 9
49 11
49 44
37 8
44 38
20 49
30 36
37 14
29 10
0 46
3 41
46 7
23 32
18 22
44 41
48 32
14 42
0 38
26 46
38 10
39 10
29 26
35 47
37 34
32 12
19 18
41 2
30 4
38 27
10 21
39 18
43 40
3 10
30 16
32 17
27 32
7 27
10 34
7 36
34 14
38 39
25 43
45 12
30 33
32 46
39 15
42 1
17 49
11 33
29 3
12 0
26 18
34 41
27 49
19 22
25 35
22 1
1 31
13 27
43 6
48 1
19 1
45 1
44 22
19 30
6 19
42 43
16 11
44 25
17 47
39 48
29 35
5 12
14 44
12 28
21 22
29 40
35 26
44 29
49 30
2 1
6 1
23 19
23 22
30 38
37 10
23 30
1 29
45 44
48 38
14 48
27 5
33 32
30 45
12 10
14 29
13 11
5 2
17 25
9 21
42 16
15 13
32 44
37 35
3 47
8 25
5 0
6 14
46 5
2 20
0 35
16 15
33 39
36 39
0 1
38 29
11 37
1 43
10 26
23 43
20 8
40 14
0 45
44 7
28 30
33 29
28 9
15 44
15 17
35 36
21 3
9 6
48 34
4 40
7 30
27 35
36 23
6 4
18 48
6 11
48 10
11 4
46 44
34 36
41 48
41 19
46 15
2 31
8 12
49 38
12 23
24 18
30 11
38 19
36 49
12 11
39 27
48 12
40 27
12 29
14 4
29 4
41 5
3 39
14 3
10 1
42 39
6 45
7 12
23 4
2 25
43 38
4 28
37 21
46 29
43 2
15 33
19 44
29 6
31 6
16 47
14 28
14 8
34 32
31 49
43 36
17 43
2 48
22 29
46 11
3 48
5 47
33 1
0 13
45 35
3 28
19 25
25 5
44 8
20 34
8 11
2 46
40 38
31 43
39 37
13 16
44 39
41 36
48 19
16 34
13 26
33 17
37 31
34 19
8 27
5 19
37 45
38 18
17 36
32 45
12 21
17 2
42 12
2 10
37 22
40 39
23 26
21 13
36 18
16 35
16 23
40 0
10 18
33 12
11 10
15 30
24 33
16 8
9 38
28 24
3 40
0 33
17 8
30 12
26 4
14 15
46 47
47 40
2 6
32 1
49 24
2 26
34 24
45 42
18 49
43 4
2 24
31 47
32 10
20 39
16 27
26 12
8 7
17 41
36 42
43 19
35 6
44 42
28 41
32 42
45 47
31 14
24 44
22 28
8 3
41 49
47 48
36 19
27 47
49 3
18 30
17 13
45 19
27 22
5 44
11 17
2 29
10 0
37 42
40 45
16 26
12 24
21 6
37 44
21 5
0 16
3 0
42 17
3 37
25 24
32 49
17 19
48 42
1 37
5 35
43 34
7 37
16 6
40 26
10 43
14 32
43 15
29 43
33 7
34 45
2 49
22 35
39 41
48 7
0 9
38 22
38 4
43 13
28 13
45 10
28 17
31 28
29 15
3 35
20 30
6 27
23 20
29 48
28 8
31 15
14 23
29 9
21 8
14 18
24 9
11 39
44 13
4 10
24 14
0 49
7 20
34 33
43 20
7 9
48 37
