50
144 957 302 823 919 702 419 308 344 172 38 583 592 115 745 564 701 428 945 133 958 689 610 116 814 160 879 234 180 784 244 283 200 600 479 134 294 307 585 380 267 514 799 402 602 609 197 212 399 127 
10
392 854 42 636 481 450 919 225 976 935 
500
18 4
10 23
37 13
21 18
20 26
44 40
7 39
31 32
20 27
38 36
20 14
9 27
5 11
35 17
46 36
16 24
7 32
15 14
31 44
5 40
11 34
49 35
20 11
14 38
2 12
42 39
10 16
19 2
4 24
27 28
7 45
46 10
23 12
16 3
1 22
33 35
3 17
25 2
47 17
13 8
39 3
26 14
21 39
5 37
22 0
33 12
25 42
28 48
7 10
33 14
31 45
42 48
17 34
14 11
28 21
32 9
40 45
42 20
24 22
24 21
10 49
29 32
26 30
21 30
27 3
17 18
41 47
49 24
44 2
41 37
7 33
46 45
24 31
44 37
47 43
12 15
22 7
10 9
15 49
33 47
38 22
17 36
25 30
10 27
9 25
15 3
35 13
31 0
19 23
48 4
6 16
6 46
25 29
23 15
13 42
27 12
2 42
36 29
43 16
16 38
27 46
19 27
27 6
13 0
25 15
3 13
0 12
29 11
39 22
10 21
40 22
13 45
5 35
8 25
49 3
26 44
8 7
45 34
1 30
8 4
14 6
10 4
46 13
29 5
6 40
41 46
43 2
32 35
46 32
28 5
39 48
12 36
16 49
4 25
30 49
26 46
1 40
46 49
20 49
10 28
21 9
40 13
32 28
20 31
48 34
46 18
45 24
9 22
39 38
40 49
28 29
20 19
46 35
22 25
9 30
33 44
48 23
44 11
5 15
18 32
31 14
47 3
22 11
1 19
45 3
42 16
8 18
14 45
37 45
30 36
47 34
49 38
21 4
24 34
5 7
16 41
27 1
18 36
3 35
19 43
38 9
28 40
29 8
28 16
49 48
24 33
41 48
26 36
11 28
42 11
42 35
40 17
11 2
5 38
21 23
13 29
12 3
12 44
49 44
18 1
39 16
33 5
36 33
19 0
42 40
24 5
15 46
20 23
39 4
31 47
9 23
47 29
1 3
5 48
49 41
1 42
6 33
31 36
40 24
39 2
33 46
49 12
40 14
40 26
18 33
29 31
43 38
32 36
35 1
30 27
41 26
12 7
0 36
6 26
31 21
22 37
45 48
32 23
27 2
42 21
13 1
29 44
33 4
20 33
48 24
0 27
28 8
14 32
15 16
32 43
19 5
18 14
49 11
36 14
9 12
26 33
34 9
0 23
44 42
2 28
32 49
45 30
44 19
38 24
35 23
41 27
45 18
39 35
31 48
8 46
2 41
17 29
1 6
25 26
44 13
24 7
32 4
25 39
33 39
33 19
4 15
7 14
28 15
7 6
35 47
43 0
20 36
6 19
35 29
39 28
46 42
40 4
23 22
41 30
29 26
34 25
14 49
7 15
47 38
8 6
19 24
44 46
17 11
37 42
31 15
41 11
7 40
31 2
6 15
40 36
41 28
14 34
34 4
5 18
2 18
0 37
2 0
20 3
38 19
18 29
36 13
41 18
45 17
31 26
37 39
49 6
14 44
43 25
44 47
15 27
6 3
44 48
35 40
37 26
12 10
9 29
0 17
16 13
20 18
26 45
38 3
4 45
45 12
34 15
2 33
44 23
41 6
12 29
3 11
46 40
40 37
40 21
36 22
7 47
43 48
4 22
7 30
29 21
37 32
25 41
26 49
1 38
21 3
9 42
29 30
47 13
25 19
40 10
22 31
40 27
14 16
12 21
17 23
46 47
2 26
27 48
8 45
20 15
24 20
39 9
29 14
11 15
36 45
36 8
49 9
37 19
1 5
30 11
16 9
14 28
8 40
31 8
23 8
47 19
38 20
37 33
17 12
36 2
45 41
26 19
12 40
41 5
43 7
43 15
5 0
10 42
28 30
4 44
7 1
38 48
18 23
27 42
47 14
14 24
27 21
26 3
23 49
3 18
12 8
6 2
11 24
30 12
26 17
12 32
46 39
27 16
9 31
8 26
23 3
16 47
39 20
34 27
27 37
13 11
18 44
7 25
4 43
22 34
46 9
16 31
28 31
27 47
41 36
11 48
10 29
44 17
6 23
31 5
34 46
15 0
27 32
2 3
29 1
16 23
15 40
33 30
22 29
12 43
44 35
23 46
9 26
9 19
26 21
15 47
35 28
14 37
23 25
44 25
8 5
8 2
16 46
1 43
20 7
38 7
1 26
32 6
18 24
38 25
10 11
4 11
32 25
24 1
32 19
30 37
17 13
49 1
1 36
47 5
39 30
5 4
0 39
9 20
2 1
29 19
1 17
2 15
23 2
27 43
21 37
35 36
