50
83 188 643 267 394 727 241 42 706 708 708 791 790 341 32 457 425 395 502 578 244 254 485 982 430 620 958 457 915 346 106 95 925 66 851 562 512 576 52 251 323 569 902 994 421 928 20 298 828 233 
10
708 598 995 750 176 50 694 465 143 865 
500
29 26
2 6
37 2
12 11
45 7
45 0
46 42
45 19
18 35
22 18
19 18
32 25
40 38
35 10
14 47
42 44
5 33
40 6
7 38
7 9
18 2
17 0
43 49
37 7
9 17
7 8
0 25
1 41
15 2
49 10
23 11
34 25
31 23
30 9
45 44
26 12
11 4
33 24
10 31
1 17
9 18
48 27
47 26
14 24
29 8
21 25
7 18
23 28
25 26
0 39
5 32
28 49
1 34
16 36
29 17
17 36
22 16
7 28
33 25
35 21
42 23
25 38
34 16
30 12
14 4
9 22
49 19
19 4
30 42
22 34
6 16
14 42
10 19
48 40
10 20
6 49
41 14
19 42
39 24
17 21
30 8
2 1
34 47
46 45
32 43
4 49
17 48
15 7
35 8
43 1
31 30
33 9
46 26
23 40
8 46
34 18
39 18
1 33
3 34
34 8
8 22
29 28
2 19
24 20
37 17
43 29
32 33
44 40
18 24
41 35
9 24
8 28
20 40
15 28
44 16
27 34
10 36
8 47
40 27
47 43
3 30
11 46
25 13
15 5
17 16
28 44
8 19
22 25
15 29
3 19
44 18
20 48
19 46
20 12
21 23
9 47
15 34
11 22
12 38
5 45
46 28
35 5
7 6
11 37
42 17
6 11
1 7
17 12
3 16
19 14
12 28
11 5
24 3
16 45
16 38
30 32
8 5
47 41
7 41
11 3
26 44
31 36
4 9
2 28
14 31
35 17
24 45
9 8
17 31
27 35
11 30
4 30
30 37
34 5
28 43
1 30
17 30
22 31
21 34
32 15
2 49
37 49
14 45
19 40
12 36
22 7
35 13
31 20
13 11
30 14
29 41
15 35
45 37
6 12
25 30
35 38
11 25
49 18
30 20
42 33
47 19
48 18
6 0
30 19
23 18
42 49
17 43
31 34
3 28
49 38
21 11
7 24
27 11
15 46
28 16
37 28
49 22
45 20
22 19
36 47
23 47
38 28
48 46
43 10
40 46
14 9
47 5
38 37
29 48
21 42
29 11
28 34
25 20
40 4
20 44
48 24
49 0
10 4
29 30
8 44
44 3
39 16
3 4
3 46
49 33
10 9
34 11
25 2
22 38
15 45
40 33
41 26
22 14
0 47
39 36
42 27
13 48
38 36
14 34
49 7
24 41
36 34
43 25
9 28
21 44
14 40
20 9
5 13
35 48
46 34
32 29
10 45
3 40
9 34
48 36
24 17
21 29
19 29
14 39
16 19
6 39
14 48
27 13
14 21
23 33
28 1
39 27
0 8
3 8
35 2
11 20
34 2
26 32
47 20
14 8
28 36
2 20
21 48
14 44
1 0
18 8
36 0
26 17
44 37
29 1
23 10
3 9
5 1
31 11
44 7
2 3
40 41
41 45
26 6
23 24
1 15
13 36
15 19
12 24
13 21
35 42
29 27
37 18
37 5
19 6
15 0
36 18
8 37
5 38
26 19
17 49
31 45
40 18
44 13
11 48
28 6
40 36
46 21
26 4
33 36
33 39
14 25
49 36
23 48
18 16
21 8
12 15
20 15
20 23
0 46
25 19
45 23
7 47
49 30
48 12
35 40
41 11
25 27
26 30
31 21
41 31
8 33
4 20
19 34
45 2
2 27
5 20
18 30
3 0
32 3
44 19
45 12
39 47
17 38
16 21
2 9
36 37
14 35
16 46
45 49
0 11
13 0
48 26
29 7
8 36
8 39
24 34
35 49
9 44
49 31
46 47
16 23
1 13
49 32
18 43
42 26
24 49
36 41
10 44
10 28
12 1
14 46
31 42
35 16
31 18
40 8
41 43
3 33
41 32
45 8
45 27
29 2
26 33
19 7
27 28
27 21
36 7
15 21
45 33
36 27
39 15
35 33
16 1
21 2
25 18
44 24
6 8
18 11
28 22
10 42
21 20
27 37
41 19
18 17
34 17
8 1
40 5
7 40
24 35
24 16
13 9
38 46
37 39
18 15
23 8
13 7
26 11
20 17
38 0
10 38
40 30
7 31
22 2
18 38
1 26
23 22
0 42
6 38
5 31
2 43
32 13
21 49
25 48
41 27
16 42
20 42
33 2
41 10
8 49
13 40
18 41
20 33
39 2
32 23
46 41
18 0
34 49
30 43
41 2
20 36
43 13
22 20
21 9
17 14
41 16
34 7
43 8
47 35
31 40
0 7
20 35
15 42
17 25
26 0
33 15
36 25
17 5
1 19
32 39
13 39
