50
60 341 210 582 420 101 455 222 968 103 539 68 828 436 914 802 568 132 394 215 112 144 970 815 462 635 759 951 389 714 179 311 884 629 445 379 312 479 205 979 354 584 414 696 465 564 932 876 836 9 
10
669 615 358 54 594 915 980 126 677 799 
500
19 10
20 12
18 38
27 33
35 22
22 1
29 3
2 41
5 24
8 44
12 44
43 30
31 2
20 5
32 47
25 31
3 18
25 41
35 23
41 20
34 10
20 14
43 2
36 26
41 43
30 5
10 31
29 41
49 33
28 9
9 46
23 42
19 17
36 9
6 35
37 48
6 14
36 7
46 43
9 32
13 11
49 31
20 43
49 5
20 21
48 41
30 7
38 49
44 14
7 37
34 33
8 31
35 27
40 2
33 4
8 22
36 31
16 17
44 43
39 1
17 49
24 34
49 23
11 29
7 14
29 36
28 30
31 16
47 8
46 10
41 11
32 29
13 44
30 9
41 0
37 12
27 22
26 8
13 8
33 14
0 35
19 0
26 27
33 11
45 40
31 45
1 9
7 23
12 28
14 28
3 6
3 16
0 25
25 20
25 26
27 37
31 6
39 26
47 41
37 33
5 25
49 1
23 21
17 35
39 20
23 37
7 1
46 31
4 47
48 0
47 45
18 23
9 7
22 40
12 5
15 5
25 8
47 40
21 5
49 16
15 34
3 23
20 28
32 27
42 21
14 32
47 7
32 0
15 1
6 11
41 40
26 24
8 17
42 17
9 39
43 6
1 38
21 1
6 12
32 8
25 24
29 44
30 27
31 41
41 34
38 8
33 41
6 48
22 38
48 34
43 34
25 32
19 11
10 21
21 38
14 2
23 6
13 15
35 31
19 28
7 17
33 16
1 29
49 43
22 32
44 36
11 24
42 10
35 14
5 32
9 11
12 26
8 41
42 44
31 0
18 29
16 40
25 4
40 26
6 47
30 46
26 1
16 13
33 7
34 2
31 29
10 26
46 16
17 47
29 46
42 40
45 33
19 40
10 11
4 16
36 12
31 33
21 17
39 45
17 4
21 0
14 10
36 42
23 5
17 14
8 40
0 8
35 5
14 21
26 35
42 30
28 26
31 15
20 29
45 24
24 2
12 11
3 22
6 46
15 36
32 42
15 41
7 29
37 32
16 43
22 14
45 23
12 15
32 12
18 43
37 18
25 42
22 28
18 1
40 18
32 45
32 24
28 44
7 42
5 34
15 8
27 39
27 24
25 17
7 45
39 18
22 25
45 37
25 38
3 8
16 20
45 0
3 46
27 7
8 1
40 6
28 23
5 36
34 22
16 36
39 47
2 16
23 43
43 28
9 17
38 7
27 29
36 21
45 25
0 28
9 34
39 3
5 28
37 26
42 6
25 23
9 16
11 15
22 46
47 15
30 13
49 10
38 12
15 26
8 29
11 14
16 28
43 38
44 5
13 48
22 41
1 25
20 19
35 10
26 19
14 15
5 19
40 39
39 19
17 46
5 16
46 1
2 47
36 41
30 15
6 34
13 24
10 33
47 31
14 30
1 2
20 26
22 10
19 1
0 23
30 0
23 14
25 40
18 15
1 43
27 9
45 28
33 9
3 24
5 10
45 49
32 44
22 43
39 21
16 42
8 35
4 30
10 17
36 39
29 45
8 16
35 45
48 32
31 12
49 7
43 12
31 27
49 34
43 45
0 34
2 9
3 44
7 31
43 9
39 35
20 33
48 2
18 16
38 17
48 29
33 46
18 46
21 6
5 29
39 22
33 5
32 1
48 17
37 9
18 28
22 19
5 9
17 43
32 6
2 36
42 29
23 40
21 37
14 25
13 1
9 13
25 10
18 12
9 4
16 29
28 36
24 20
11 8
35 13
37 31
25 43
15 23
23 31
5 47
7 43
23 10
13 0
29 23
31 38
44 45
24 12
37 34
16 48
19 18
35 32
31 42
18 21
14 19
6 18
40 44
18 27
44 31
46 8
7 20
3 47
7 48
32 2
35 29
4 29
5 48
9 21
35 20
6 20
49 32
47 24
37 25
19 9
17 37
4 15
44 21
40 28
46 11
21 46
4 39
40 43
32 40
36 4
12 41
27 23
38 2
1 12
35 48
4 44
7 25
32 4
43 36
21 41
4 20
12 8
35 38
46 26
45 13
32 41
48 23
25 9
33 18
41 37
11 3
35 37
42 18
25 16
12 10
15 25
28 41
48 25
4 5
28 34
41 42
48 9
47 20
37 44
45 15
49 21
19 8
34 11
32 20
3 40
9 24
42 0
21 32
17 22
26 17
27 3
14 4
49 20
21 12
16 41
46 27
38 27
7 6
49 12
24 18
26 43
4 23
37 19
1 10
8 39
35 15
24 33
11 36
19 29
28 27
17 23
22 30
13 46
