50
915 293 130 288 806 449 941 271 129 832 762 100 423 864 123 865 501 480 836 906 18 593 66 937 485 106 466 543 977 780 89 734 387 559 296 961 624 660 795 84 78 352 2 326 496 280 282 294 124 376 
10
52 391 706 120 998 934 64 987 423 184 
500
36 0
22 29
6 47
36 4
41 26
17 15
30 44
16 32
29 40
17 44
4 17
14 23
13 7
6 20
42 39
16 39
37 1
12 45
6 0
47 15
0 24
23 49
11 45
18 30
9 14
8 19
16 48
3 21
12 9
47 46
13 20
25 41
39 27
25 47
38 17
4 0
10 25
32 3
8 21
3 2
2 5
13 17
29 0
9 17
9 44
38 20
43 12
8 4
17 33
15 31
41 9
42 27
39 5
41 40
44 23
38 10
35 11
28 38
31 22
11 47
18 45
1 18
9 13
1 9
41 44
31 34
10 15
8 25
31 4
1 36
14 31
37 31
37 19
7 47
2 40
41 39
45 17
41 21
4 7
48 6
16 31
46 33
23 13
46 19
31 2
26 42
32 8
21 44
44 15
6 14
5 38
10 37
34 43
17 18
6 1
21 48
31 38
7 27
27 16
13 41
2 8
49 9
1 42
11 4
46 35
29 30
49 40
29 45
48 36
19 3
10 45
40 7
36 13
30 28
8 14
48 39
16 18
17 29
32 24
1 41
2 23
47 13
14 19
11 38
27 1
18 8
1 43
36 47
39 14
0 7
28 43
30 1
49 25
21 33
13 29
36 24
47 0
36 28
21 31
2 34
25 14
18 28
49 20
8 48
11 3
49 30
37 23
20 17
26 18
11 16
1 25
22 23
28 22
35 6
36 12
15 20
25 20
18 3
12 32
45 4
34 30
5 14
7 14
24 41
44 5
2 28
8 22
8 38
41 36
25 18
2 14
28 45
3 49
17 24
9 43
8 29
31 48
5 35
26 17
0 42
45 49
39 32
4 39
13 42
7 38
10 21
33 24
43 17
36 26
45 23
33 22
43 35
12 24
0 49
11 33
30 48
0 1
21 12
37 3
11 5
8 12
39 7
6 13
43 6
5 29
6 15
27 45
9 35
5 34
48 11
10 5
38 36
29 43
28 31
19 27
7 2
46 41
26 13
8 45
42 20
17 0
29 34
21 6
31 18
46 49
4 2
44 39
25 9
40 26
27 28
19 21
44 10
10 31
42 33
37 4
23 8
7 43
33 19
16 3
45 48
12 13
28 46
38 18
46 8
41 23
34 15
17 35
9 30
40 33
19 30
14 48
24 39
28 8
41 2
5 49
15 16
47 20
14 49
6 36
17 31
0 23
17 12
44 0
13 38
41 10
22 36
28 5
47 43
3 7
40 31
8 20
6 3
11 36
27 36
34 24
26 28
7 11
39 12
34 36
19 34
38 16
26 47
24 1
31 29
31 12
5 43
36 10
47 41
26 49
28 32
45 9
38 0
36 5
47 40
34 22
22 35
19 7
49 33
45 22
17 48
38 25
46 26
42 12
28 37
40 28
40 19
44 7
3 22
32 14
26 14
25 12
32 5
42 36
28 15
49 11
39 20
8 33
2 6
37 21
28 35
10 48
42 2
45 5
14 18
42 30
43 42
3 13
2 43
21 40
17 42
33 31
33 37
24 9
40 10
18 47
29 39
14 4
35 26
29 10
48 46
15 24
42 40
10 13
12 16
5 0
0 15
21 22
48 40
8 27
42 31
24 38
5 24
2 35
27 11
15 22
34 21
15 41
30 33
14 44
35 41
18 42
30 13
26 31
10 24
47 29
26 43
20 46
18 19
40 8
4 28
2 10
49 19
48 29
2 49
4 42
8 35
27 29
29 44
31 6
43 32
29 12
13 46
49 47
38 37
9 7
12 7
24 27
26 27
28 14
1 35
30 5
16 5
45 6
30 7
23 42
49 48
43 23
42 8
37 45
20 7
20 35
40 11
18 22
45 14
39 23
41 29
10 9
34 37
22 44
15 25
0 8
39 11
17 3
5 23
12 37
2 36
18 24
32 25
31 36
20 1
41 11
12 33
27 25
15 26
28 20
49 13
23 15
5 42
42 44
20 2
48 3
26 8
11 22
44 27
42 38
7 35
32 31
29 6
31 45
7 48
44 28
19 41
30 16
28 24
41 3
8 10
36 20
30 6
39 28
7 26
13 45
17 47
24 11
7 41
25 39
4 20
42 6
7 24
25 36
46 38
1 3
46 18
21 47
2 11
43 19
15 29
24 23
15 1
28 41
0 40
22 14
18 4
16 8
17 23
5 46
2 38
4 29
38 21
43 20
11 9
48 28
45 39
46 44
12 11
24 2
27 10
45 19
17 7
32 2
2 22
27 13
47 8
36 44
0 11
36 17
15 21
22 6
19 24
45 40
49 18
