50
256 656 324 712 953 540 419 313 10 156 955 497 595 458 98 220 969 806 110 861 954 146 816 121 813 130 442 163 491 645 958 798 664 211 957 796 559 750 927 190 544 684 55 518 28 343 535 912 254 291 
10
991 944 103 550 44 539 512 358 602 690 
500
9 31
46 11
36 18
30 13
49 8
47 23
21 14
10 0
45 4
22 23
42 9
12 15
23 5
36 8
33 36
34 43
20 30
46 48
17 1
16 38
17 13
47 3
46 0
28 27
35 9
15 43
30 19
26 30
13 43
13 22
39 30
44 7
32 29
30 6
4 6
13 3
8 0
44 28
27 46
41 24
30 0
44 45
24 32
2 49
48 23
27 33
31 13
15 35
24 8
16 13
49 40
3 35
49 16
38 26
29 8
45 32
29 15
13 8
45 17
43 26
9 34
8 26
34 37
6 2
21 17
8 20
34 45
41 4
20 1
32 11
20 25
18 29
49 43
46 30
41 40
36 21
35 20
7 38
33 7
2 19
4 46
30 12
47 22
40 14
15 22
48 30
8 30
29 25
0 3
38 1
5 20
10 44
48 9
2 35
33 0
31 38
8 6
13 47
16 9
45 12
4 12
30 49
35 13
23 17
21 32
29 40
24 19
37 48
15 45
30 36
0 18
43 41
33 17
6 25
31 2
4 27
46 40
19 26
4 1
31 43
44 41
23 1
45 48
19 12
24 36
18 32
40 5
16 30
33 22
18 39
13 1
6 49
11 13
29 13
22 37
40 45
25 0
29 42
33 34
21 28
44 2
2 17
32 30
0 40
46 2
0 34
42 41
27 18
7 16
39 2
9 46
8 25
46 17
17 11
47 16
18 30
14 35
28 25
26 7
42 26
8 3
19 13
28 7
21 2
6 12
26 44
31 27
7 0
45 20
14 10
18 7
14 2
1 26
20 47
20 7
8 14
39 42
15 39
26 21
19 44
13 6
9 5
47 19
5 25
44 0
18 41
36 42
41 39
11 37
39 40
45 21
32 10
39 28
24 28
6 32
8 5
5 36
27 35
18 11
30 47
13 2
12 24
2 10
29 2
37 2
4 24
19 23
45 6
30 33
24 18
39 20
47 15
32 44
7 13
23 21
23 29
48 40
12 10
41 13
40 35
45 46
27 14
27 29
27 38
39 32
15 44
35 11
21 30
17 6
41 5
18 47
3 39
28 15
37 41
29 20
37 44
1 46
19 41
20 40
7 9
14 37
10 24
8 22
35 0
3 40
31 28
8 39
28 30
6 3
19 49
25 38
26 32
9 22
9 25
19 21
19 46
3 5
14 20
15 19
18 46
18 48
10 9
34 19
13 40
34 23
18 38
35 34
13 25
39 48
25 36
44 1
21 33
25 40
33 26
31 4
17 44
5 17
38 4
2 41
5 1
13 26
22 20
49 33
8 33
10 43
30 2
29 31
3 33
32 23
38 14
11 36
27 10
2 0
7 37
37 35
12 5
48 28
44 16
21 47
2 32
5 26
3 45
38 30
18 42
36 4
42 17
46 8
7 39
7 1
19 9
18 16
13 0
31 32
38 42
45 11
39 33
39 1
43 33
21 35
38 10
39 38
42 33
43 35
24 40
34 13
24 37
3 36
12 3
22 19
16 46
4 43
8 11
48 47
24 5
31 35
12 37
15 30
31 46
38 22
12 0
21 40
43 3
34 10
16 4
1 22
15 3
34 18
15 4
43 27
42 12
31 34
7 48
28 43
19 18
34 29
44 20
18 12
5 45
21 8
26 31
43 37
1 48
30 4
5 49
2 12
34 14
39 35
3 32
24 20
31 44
44 21
38 20
17 24
5 22
31 7
49 28
11 4
6 19
24 43
49 14
20 49
28 14
36 1
16 21
36 31
25 17
17 32
41 32
26 39
35 48
17 31
23 37
47 11
42 27
8 27
18 43
27 16
47 14
14 33
37 25
9 30
38 0
41 35
23 15
17 16
24 33
39 31
12 41
22 43
12 49
10 21
42 13
12 25
7 46
43 46
40 10
17 12
26 23
32 27
23 16
31 41
8 2
10 15
22 6
33 20
0 42
32 15
48 17
41 1
20 46
36 37
23 42
15 25
46 44
32 20
6 48
37 13
30 3
18 33
1 10
48 13
13 5
4 48
1 14
9 24
40 30
24 47
40 38
32 48
17 10
8 41
26 45
0 15
29 21
47 41
34 28
6 29
11 26
49 0
31 11
48 42
9 29
0 36
28 8
21 3
17 9
26 15
47 42
40 18
33 10
8 7
2 47
41 28
5 14
17 14
5 19
37 29
11 27
24 2
31 15
23 35
10 35
27 34
49 35
19 3
11 25
12 21
30 37
4 26
1 47
44 3
9 8
30 10
44 42
42 28
7 19
28 32
34 2
18 14
40 7
