50
265 319 692 710 942 923 435 346 568 579 448 544 640 409 582 741 932 179 622 893 551 497 63 403 767 592 375 405 599 930 192 839 50 887 329 252 411 659 686 927 242 660 901 439 82 504 472 332 921 853 
10
780 93 310 22 946 92 895 449 480 233 
500
23 44
27 23
43 29
38 32
7 31
3 7
28 24
7 44
36 37
39 8
37 24
37 44
15 29
21 30
10 15
36 38
11 28
13 40
6 7
48 6
22 4
24 8
37 28
49 25
16 31
20 4
29 13
21 25
47 45
17 8
48 9
23 8
36 28
1 20
26 46
9 33
44 40
31 17
29 10
5 14
2 47
4 23
20 47
33 16
42 16
46 49
3 41
5 32
1 27
45 41
17 30
21 24
40 46
0 26
19 10
3 46
8 45
27 8
41 26
25 30
23 28
44 20
3 15
27 3
38 4
15 38
32 9
47 36
19 1
8 14
40 29
26 11
37 3
41 39
26 20
25 29
3 43
17 20
33 26
31 14
20 27
17 12
39 42
26 12
34 10
40 15
14 21
3 23
9 30
49 2
45 35
20 41
44 34
34 37
2 20
41 47
48 10
23 25
47 17
45 27
20 3
18 37
13 5
48 19
40 32
20 46
14 44
0 10
14 33
4 30
29 19
49 47
45 44
4 24
26 37
13 27
34 43
3 18
16 9
47 10
3 16
16 14
1 38
3 36
19 34
7 24
48 44
0 3
40 30
43 5
29 22
46 19
15 16
36 39
48 30
16 46
46 18
10 23
5 9
25 19
23 46
34 42
22 48
48 28
10 13
24 22
4 43
45 9
6 38
49 39
34 30
2 3
43 38
25 40
37 40
11 16
35 11
35 24
40 41
2 26
39 21
48 45
47 43
37 48
39 35
43 1
13 34
34 33
2 4
38 12
8 9
46 13
1 14
18 33
38 0
40 9
49 34
17 2
19 15
46 24
48 26
20 38
13 41
3 33
11 14
47 33
9 6
13 6
31 3
32 8
42 27
36 21
6 8
17 45
1 46
25 34
36 46
32 12
10 16
9 46
12 23
10 30
42 15
33 11
34 23
49 32
24 9
15 21
13 31
49 33
3 48
39 34
18 44
25 28
21 43
44 10
30 12
18 49
28 35
46 22
49 45
19 11
42 44
38 39
37 25
0 23
37 42
11 31
47 6
20 24
33 10
42 21
25 6
6 4
37 12
25 31
38 13
0 8
25 0
43 36
15 5
38 28
11 41
41 31
30 41
49 28
42 0
31 35
21 33
7 15
47 23
30 23
12 19
43 0
49 23
33 13
35 2
27 34
45 20
32 10
18 5
38 7
7 5
27 39
46 30
15 32
47 44
19 45
28 46
37 5
30 31
41 24
8 13
13 26
28 15
1 3
12 44
19 22
33 20
12 18
0 39
15 8
23 14
39 22
49 17
19 17
20 25
30 3
22 42
4 5
40 47
33 15
37 22
45 13
47 30
2 46
14 34
32 47
31 36
31 22
26 14
36 33
41 22
39 5
17 44
41 2
14 38
5 1
10 42
11 29
9 4
7 48
32 23
17 41
47 0
16 8
19 24
2 7
15 39
37 35
19 9
1 29
0 44
6 3
24 45
42 24
5 2
48 5
17 36
34 26
10 37
48 38
45 37
10 7
2 27
48 23
18 38
25 46
21 44
8 28
40 26
35 14
45 12
35 10
9 15
37 15
14 10
42 18
25 22
14 9
10 27
44 16
32 20
41 14
45 40
42 14
29 38
43 13
11 49
7 30
19 3
3 10
4 25
40 18
2 22
14 17
12 16
34 32
24 26
1 25
9 1
46 34
22 33
36 49
6 30
3 26
45 46
8 26
37 43
30 29
35 27
40 49
18 16
49 35
37 29
43 22
42 40
46 33
17 34
35 21
27 41
29 6
28 1
44 19
47 19
24 48
4 12
40 14
18 7
43 8
28 29
18 6
16 36
46 6
27 5
19 36
47 8
32 42
22 20
10 18
27 33
4 42
6 28
19 16
18 47
34 7
33 0
16 23
3 8
13 7
23 26
5 45
45 42
6 37
24 12
20 6
44 25
49 19
19 14
34 35
18 23
48 33
32 36
20 40
5 8
7 37
15 34
28 21
7 47
33 25
31 37
0 18
18 20
19 5
7 35
49 5
39 23
16 30
49 26
45 16
19 38
36 26
43 28
1 40
7 27
19 37
24 5
11 8
17 9
28 5
39 32
48 1
27 36
38 40
14 22
11 4
13 24
31 32
26 18
26 5
19 28
22 13
18 19
36 4
6 14
43 46
19 35
1 35
29 41
22 45
28 7
15 4
49 10
45 29
3 45
21 6
44 13
2 29
1 24
12 43
12 42
1 26
17 11
9 10
39 12
7 43
6 15
2 24
48 13
47 13
