50
985 63 414 971 86 655 104 30 151 184 580 525 19 198 425 937 277 77 200 992 55 887 618 89 367 552 182 185 232 111 539 365 301 255 60 481 284 263 203 928 111 945 178 970 486 55 653 54 771 864 
10
252 48 742 460 116 280 815 214 223 998 
500
25 40
28 19
5 45
0 48
7 30
5 28
6 39
10 16
22 36
22 29
41 3
26 48
16 44
1 0
17 49
20 14
49 34
42 0
19 47
49 36
16 23
2 26
22 8
43 19
36 35
29 41
30 34
6 30
29 36
38 34
33 29
10 3
4 46
40 47
12 42
40 29
15 34
7 43
11 34
3 35
5 26
22 10
22 19
47 21
41 33
3 7
15 10
36 18
14 2
17 6
5 30
1 33
8 42
23 19
39 17
8 45
33 4
38 30
9 15
40 1
20 41
35 40
31 25
40 22
18 28
39 36
5 37
5 15
2 20
36 5
37 41
5 13
1 31
10 47
9 3
11 31
48 14
35 49
49 21
37 15
11 33
10 1
41 13
40 44
7 17
30 48
12 40
35 2
24 19
36 2
23 30
27 14
18 15
24 36
19 34
27 43
38 29
35 38
1 34
12 38
35 31
23 2
3 26
3 30
39 2
37 25
1 3
43 5
21 5
6 10
15 30
43 44
32 15
18 35
20 28
46 24
44 41
11 17
15 3
7 41
0 33
45 1
34 20
19 27
48 16
0 2
13 10
14 33
36 23
23 46
24 4
47 22
48 20
0 24
39 45
36 46
37 45
25 13
30 0
36 11
21 16
31 46
35 42
25 8
45 13
43 13
30 41
33 2
20 49
12 29
6 37
6 1
3 2
49 19
7 42
5 16
48 25
33 36
35 24
3 21
24 48
26 18
13 3
46 7
23 5
2 7
27 34
44 1
12 16
7 45
25 1
5 32
23 7
36 28
46 33
5 2
35 27
38 6
22 41
15 47
18 6
15 26
39 10
12 4
4 16
39 20
4 11
37 47
37 14
5 40
40 37
11 30
32 34
33 16
43 47
46 28
3 28
12 18
2 4
40 16
8 4
13 12
25 39
1 5
29 26
29 31
18 17
20 45
38 21
8 15
27 29
27 42
18 16
34 41
1 27
21 26
13 33
0 5
12 25
0 34
39 42
9 6
43 48
36 1
41 15
28 45
3 17
27 8
48 27
38 26
3 14
43 23
15 2
9 45
11 32
29 6
26 13
4 20
23 20
7 5
42 44
44 26
3 27
45 19
14 25
24 8
4 19
34 46
0 18
23 45
10 45
42 34
39 3
20 10
49 37
2 47
7 12
48 41
15 25
30 46
0 12
47 3
3 33
32 41
3 29
0 23
40 42
34 23
41 6
9 48
9 8
32 48
27 37
6 13
10 7
37 7
29 28
30 25
34 2
1 49
24 43
7 29
16 20
46 12
41 8
36 3
41 9
21 8
35 14
25 36
28 22
37 38
8 7
32 33
45 35
7 27
9 39
45 47
31 26
9 13
33 10
17 20
48 39
28 34
34 31
47 0
40 15
3 6
4 39
18 48
42 45
14 40
15 14
48 19
40 13
31 24
22 48
27 36
0 29
33 15
28 38
16 11
13 30
16 14
35 44
1 28
19 20
21 6
3 34
35 20
10 8
10 40
13 35
11 35
48 28
37 22
8 29
23 29
44 45
24 14
34 6
14 30
35 10
12 44
45 36
28 13
0 17
40 49
10 11
15 43
9 40
40 32
26 20
38 0
3 48
5 34
41 36
41 17
18 21
1 9
3 38
34 7
8 49
25 29
32 8
37 20
25 45
24 7
16 3
22 33
34 4
4 1
3 43
19 16
29 45
27 31
22 5
12 27
8 34
25 10
3 20
25 33
16 15
42 46
12 8
45 22
35 39
0 15
2 38
30 9
6 7
29 19
39 37
7 38
7 48
23 49
42 11
49 32
37 13
6 16
43 14
37 29
19 5
29 11
10 27
28 39
9 42
35 1
39 18
18 47
46 3
11 25
24 9
41 4
24 49
8 20
0 20
38 11
11 26
33 23
35 0
11 45
37 28
2 44
24 34
38 13
40 20
12 34
28 44
18 3
35 33
29 32
4 38
25 28
33 27
11 28
7 44
1 16
44 38
8 16
32 45
5 46
17 23
0 43
20 29
7 21
43 31
21 39
9 46
34 36
13 16
34 39
49 4
39 31
0 27
48 40
9 0
30 35
15 49
22 44
22 25
29 48
9 38
18 38
43 22
20 22
2 17
6 11
15 20
11 41
0 16
45 43
2 10
16 29
17 28
46 48
1 29
12 43
31 49
27 44
28 12
31 48
3 37
1 46
6 40
41 23
37 8
27 23
2 6
15 27
27 16
40 30
2 24
37 21
16 45
39 30
33 45
2 46
13 46
39 19
