50
722 776 100 632 430 90 465 280 145 822 889 311 756 520 607 82 218 70 707 984 225 286 158 286 791 861 870 489 980 830 502 488 907 372 625 850 390 937 701 802 258 378 596 791 639 339 238 925 984 247 
10
266 543 269 893 187 106 837 883 569 986 
500
46 16
38 25
36 18
17 2
47 41
49 32
46 48
49 28
10 25
5 18
35 40
3 14
1 33
2 49
27 23
10 29
36 46
27 0
30 33
39 22
46 11
43 29
0 30
4 39
1 9
27 47
39 20
19 35
36 37
46 25
33 45
30 7
11 33
32 9
16 14
38 7
28 47
4 13
0 46
30 23
48 9
30 6
6 48
12 0
30 44
29 36
29 40
17 24
10 44
17 15
48 14
0 7
30 26
27 44
15 40
17 35
1 28
14 27
44 13
37 2
21 46
7 44
47 39
40 11
34 15
0 3
0 38
40 32
31 4
33 44
43 30
23 16
47 19
41 39
49 7
21 7
9 43
27 41
14 41
1 20
45 38
30 29
13 1
45 14
17 28
22 42
32 44
9 47
30 3
26 21
7 36
1 30
32 28
24 26
46 13
28 35
20 12
13 10
32 31
31 40
11 6
31 15
29 31
8 37
14 21
33 12
6 17
32 23
18 38
34 4
33 40
44 43
41 16
46 38
26 19
42 3
22 34
33 14
48 10
41 37
7 33
30 39
20 2
0 11
2 33
21 16
47 29
36 28
0 4
37 35
10 26
30 8
10 11
26 12
40 25
20 34
29 27
34 3
25 47
12 25
0 45
26 23
12 43
10 39
49 23
48 26
32 43
22 46
43 21
49 8
30 20
31 23
6 1
44 37
26 38
29 0
10 28
4 44
27 31
19 34
29 15
11 43
19 9
35 32
35 14
35 13
41 48
41 17
8 33
42 14
28 31
32 18
28 27
28 16
8 46
13 27
18 12
33 20
12 37
35 47
9 2
26 49
13 31
5 35
25 5
17 13
7 46
28 14
45 36
30 25
17 36
31 33
37 6
42 27
4 23
39 14
22 16
49 47
23 43
12 15
17 49
35 33
24 31
16 42
18 3
16 34
21 39
29 22
49 1
42 45
34 31
29 3
27 26
22 26
37 1
0 41
5 48
18 48
48 40
34 48
11 26
38 28
49 48
33 49
27 30
27 43
28 13
19 45
33 5
24 10
12 7
47 7
30 12
33 18
8 43
36 1
0 36
33 3
14 25
20 31
46 3
13 8
16 6
14 10
14 12
7 14
46 45
24 46
1 0
29 8
19 15
44 38
48 38
9 36
8 23
4 12
3 39
30 31
20 14
43 22
49 40
46 39
5 30
27 5
43 31
2 43
45 28
35 44
17 21
3 6
19 48
42 13
22 15
19 21
29 17
45 22
2 40
46 27
18 35
25 2
32 46
16 31
27 19
16 4
1 19
17 38
45 30
42 29
43 48
39 33
16 9
39 36
38 2
27 7
12 34
5 45
35 11
36 10
0 17
17 11
47 45
12 49
13 48
43 26
28 12
21 44
15 45
18 0
20 38
27 34
1 26
37 30
1 45
34 21
10 45
1 10
12 22
35 16
32 16
13 33
38 34
30 24
44 17
23 36
0 33
29 11
48 15
24 25
14 18
5 42
37 4
11 38
46 28
2 5
13 16
32 42
0 26
5 21
43 6
14 9
34 43
32 37
38 42
35 41
23 2
37 0
7 9
23 3
37 18
21 32
24 2
13 7
46 30
24 42
4 21
31 35
4 9
15 0
13 21
19 42
3 28
44 9
28 48
18 13
47 34
44 28
2 48
21 3
32 30
1 11
14 49
26 41
27 11
1 27
24 6
5 31
22 24
45 6
6 34
5 9
28 24
15 9
1 15
34 8
26 2
0 42
43 24
40 16
11 28
35 2
38 43
35 34
29 18
28 22
33 21
18 23
37 38
39 1
11 2
34 29
28 20
0 48
10 2
40 44
10 22
6 39
43 49
22 17
20 26
29 1
46 31
3 41
16 0
41 4
46 41
5 14
5 7
16 18
41 5
20 21
25 7
41 34
2 28
25 4
19 16
21 9
33 36
46 17
25 31
36 2
24 33
8 12
29 26
42 11
9 31
4 28
19 24
2 6
21 31
19 49
2 0
30 18
3 27
42 20
40 20
7 18
26 13
17 1
19 32
5 34
19 2
39 31
44 31
28 39
0 13
43 33
39 9
32 20
20 44
45 41
16 27
25 27
16 33
22 25
37 5
38 12
6 25
13 37
40 4
46 42
22 1
6 22
17 42
39 42
22 40
17 20
3 8
10 23
39 27
7 22
48 3
20 25
21 35
0 23
14 17
47 33
49 4
43 4
7 39
24 41
39 49
18 25
20 37
4 22
1 48
33 23
9 3
8 28
18 21
31 14
