50
57 855 849 680 752 483 931 748 810 455 566 62 842 583 917 505 675 270 129 922 689 5 26 45 620 482 137 105 837 620 523 645 457 846 808 221 744 394 48 708 749 373 624 746 136 495 928 670 446 797 
10
274 13 55 639 112 516 689 392 639 939 
500
17 38
36 14
27 22
29 38
25 48
11 9
41 17
7 11
33 46
37 31
38 37
8 37
42 11
36 19
45 15
41 11
32 31
35 31
13 22
25 49
16 17
25 21
6 16
9 22
24 10
20 33
15 20
12 49
9 34
3 1
5 23
15 41
9 45
14 17
43 31
47 45
14 35
43 47
36 31
48 6
30 4
1 45
23 7
15 17
30 25
28 20
24 5
1 49
30 5
4 39
22 20
22 45
12 5
44 23
11 24
8 24
28 15
17 39
14 15
6 0
13 31
41 35
23 36
29 8
45 29
31 41
46 0
12 48
6 38
10 48
20 24
14 13
41 38
14 0
44 4
24 41
22 26
35 33
22 35
10 27
39 3
38 14
49 34
35 47
32 47
18 34
45 31
32 7
29 36
39 38
32 18
11 38
18 29
40 48
15 8
38 43
4 6
49 3
11 48
42 47
5 10
33 28
39 19
17 3
47 30
48 1
1 32
7 28
20 39
3 4
45 24
30 37
16 26
49 19
37 1
14 16
22 1
42 9
21 29
31 27
15 18
0 17
8 1
5 13
46 35
44 6
40 26
34 46
6 45
19 43
15 4
5 2
6 1
12 28
15 46
45 13
26 28
33 7
49 33
29 28
1 5
44 3
2 37
46 42
33 5
49 28
25 34
31 21
38 13
39 46
42 31
9 13
5 42
8 48
35 6
27 5
15 36
6 3
20 35
49 6
45 26
35 30
25 43
16 29
22 42
24 9
35 34
10 46
28 5
31 4
8 45
41 10
10 20
35 15
24 16
10 35
4 26
35 45
42 27
3 15
19 27
41 19
1 38
33 0
23 29
44 31
45 20
1 33
21 30
0 19
13 10
19 23
8 30
39 48
28 44
40 42
9 33
12 23
33 48
14 9
4 29
1 19
16 40
23 26
45 25
23 31
36 17
48 20
38 21
36 8
19 42
7 47
11 16
40 6
28 11
21 24
17 21
3 16
37 25
36 39
46 43
40 35
38 20
40 19
23 25
18 4
37 13
4 27
32 12
34 29
6 12
38 16
44 16
1 27
3 47
45 18
42 44
23 47
35 29
1 15
25 27
26 35
13 44
10 43
2 15
46 48
14 44
7 19
45 42
18 47
2 43
1 10
23 46
23 14
20 47
17 26
42 48
16 37
2 8
41 21
29 14
8 44
35 38
43 48
1 0
2 14
48 32
49 29
20 18
45 27
47 0
47 29
8 10
14 5
44 49
47 36
3 40
14 30
35 42
25 42
11 1
30 31
34 28
20 9
7 36
34 44
46 29
12 38
49 23
32 40
1 43
31 34
19 10
19 17
39 9
33 39
28 17
10 30
40 30
34 7
19 38
24 32
24 44
7 26
8 13
44 46
2 44
35 19
34 0
16 48
1 21
5 41
24 30
30 29
1 41
11 43
46 30
6 29
44 9
42 43
11 37
17 33
8 12
11 15
29 40
9 0
13 48
18 12
27 3
13 17
5 17
44 32
35 37
1 9
40 46
36 44
11 25
19 24
13 42
31 9
3 21
37 32
11 47
30 36
0 5
17 45
15 31
14 1
34 33
41 37
5 26
8 16
33 31
0 32
3 26
40 13
28 18
44 40
22 8
21 22
4 43
20 36
0 3
11 23
16 49
43 23
35 21
2 17
27 37
41 29
1 16
43 49
31 40
3 45
49 30
36 35
23 6
32 42
41 47
41 30
38 23
27 28
17 43
14 18
20 12
29 20
44 33
6 39
20 16
48 45
42 16
37 46
5 45
8 39
5 34
7 3
9 2
27 33
34 11
27 13
16 39
44 47
43 35
43 14
13 28
2 20
34 12
14 7
24 25
19 9
49 17
18 26
27 7
13 39
23 8
33 22
20 17
24 39
37 47
17 46
9 15
17 9
13 11
0 37
19 8
28 23
9 4
13 21
43 9
17 37
48 30
47 5
10 39
7 39
31 0
6 9
3 35
35 13
46 19
31 5
36 43
30 13
47 14
0 49
22 6
29 13
2 23
42 33
9 23
22 41
19 48
34 21
40 24
5 37
17 24
36 16
20 23
27 21
13 18
35 12
36 3
46 3
40 9
9 16
30 16
15 44
30 20
30 23
8 20
39 31
31 25
13 32
40 25
23 40
17 10
25 46
36 0
21 39
22 46
40 20
25 44
23 1
31 3
40 11
12 40
42 10
15 5
40 27
14 41
2 22
37 26
33 6
49 40
27 49
14 46
22 49
10 4
38 8
21 37
9 10
