50
59 115 885 102 380 881 287 687 760 689 690 209 51 397 144 260 292 265 494 796 856 946 960 178 784 639 548 270 433 520 918 521 244 352 471 7 298 881 159 690 554 788 264 442 815 127 173 876 83 523 
10
549 312 370 809 156 443 92 841 952 987 
500
46 8
3 9
31 7
10 5
26 47
40 49
36 9
16 8
36 3
29 10
36 2
2 18
3 31
44 5
22 16
15 42
37 22
25 19
21 43
4 21
14 30
21 41
8 32
45 43
47 22
3 22
3 28
19 30
8 29
45 47
0 44
5 3
33 27
12 16
39 48
9 11
48 37
32 33
23 25
37 43
14 43
0 34
15 40
46 40
13 1
39 43
1 31
11 4
46 17
43 10
41 27
4 1
37 38
14 32
41 45
19 28
5 25
12 14
15 27
33 18
15 14
34 44
20 47
43 16
48 1
30 33
10 35
10 4
20 13
21 19
5 16
38 48
20 18
8 10
11 22
27 4
44 8
10 22
5 26
39 29
10 46
4 12
41 6
41 49
15 24
6 19
29 0
34 10
38 23
25 9
39 25
22 46
20 37
27 45
25 22
26 22
25 34
13 8
30 18
13 10
32 20
20 31
21 34
36 25
30 25
6 39
33 29
0 13
14 16
39 31
36 38
15 41
28 33
39 10
6 2
38 31
17 37
47 40
45 29
44 16
15 20
10 31
6 44
32 19
40 28
10 41
3 44
28 0
44 36
16 42
6 33
25 38
36 31
22 0
17 34
36 35
35 48
6 11
16 41
33 39
31 37
46 37
47 31
25 0
39 47
38 18
18 21
0 17
31 28
24 36
23 37
35 28
11 12
26 11
16 10
49 0
21 0
17 36
42 14
41 7
6 26
4 37
21 5
30 12
37 39
4 25
11 31
4 18
32 35
12 26
4 16
25 40
18 46
31 15
11 25
37 11
46 29
35 47
33 38
15 28
13 18
34 18
14 48
7 40
1 25
12 45
15 29
10 1
11 47
42 21
48 45
6 10
49 35
17 12
42 24
44 26
32 39
5 4
34 23
0 40
13 40
32 46
3 38
49 10
40 8
38 8
22 4
31 44
10 24
44 13
20 14
19 48
33 12
5 33
25 45
37 13
15 39
33 21
43 40
2 42
41 44
11 15
18 28
33 23
35 18
12 31
30 3
1 18
46 31
39 40
48 27
18 16
8 7
3 24
31 29
4 46
44 24
13 9
12 3
24 34
2 16
45 20
45 31
16 29
27 40
42 29
10 37
5 31
1 3
3 10
35 8
8 9
26 18
44 12
40 24
3 23
45 39
48 8
3 34
42 31
40 21
16 21
35 21
27 18
20 23
15 49
16 35
47 25
33 43
8 25
26 27
13 15
6 24
39 0
29 11
46 44
35 4
49 29
48 33
20 28
40 2
9 44
23 8
24 28
47 19
29 24
11 20
17 13
38 34
37 49
11 46
1 27
13 12
11 19
11 41
41 8
14 27
13 29
11 27
27 2
23 41
22 33
1 5
3 2
31 2
37 24
44 37
1 35
39 5
9 16
47 14
39 2
30 39
36 22
32 16
5 6
48 26
24 12
12 18
32 43
20 34
49 14
16 17
36 11
34 32
29 19
15 6
14 45
29 25
35 24
41 9
40 38
46 30
32 25
9 47
23 36
23 14
31 21
37 42
48 28
15 0
32 47
42 48
15 2
8 14
48 22
47 3
6 14
25 6
40 33
41 13
28 13
43 13
9 48
5 36
41 39
3 46
17 7
13 14
38 16
27 49
15 34
19 23
29 23
39 23
22 39
20 17
15 36
33 45
4 41
15 5
12 39
41 24
9 5
10 18
32 6
14 10
10 45
44 40
36 18
32 5
35 27
41 2
1 41
24 25
38 22
4 9
41 14
11 3
26 25
25 41
0 30
29 14
40 4
41 22
36 21
44 25
36 37
37 33
46 49
7 12
44 47
21 49
35 9
27 31
17 29
0 7
34 40
43 35
5 45
21 11
12 2
49 23
19 5
11 49
12 43
28 21
44 42
39 44
3 21
0 48
26 39
44 7
29 7
36 42
46 43
8 11
35 37
25 48
23 35
39 13
49 4
14 7
17 39
34 39
25 27
36 45
15 7
0 14
1 26
36 43
42 5
13 11
0 37
36 1
8 6
43 47
2 29
26 16
14 19
17 28
23 1
15 25
34 26
42 9
32 0
18 14
12 41
26 0
8 21
48 13
25 10
40 9
6 22
13 21
43 2
6 34
42 11
26 43
3 13
33 31
12 47
25 21
19 41
33 26
7 33
23 26
40 1
33 9
1 39
31 49
9 0
44 10
38 17
26 7
35 11
15 12
32 21
40 29
17 19
49 17
15 47
0 24
2 47
46 26
38 47
31 32
42 18
15 33
27 19
