50
195 505 80 792 500 611 630 917 547 287 314 867 881 811 621 151 224 791 833 762 683 221 741 989 234 891 187 791 6 283 655 115 197 788 981 826 598 299 792 757 502 69 682 166 298 757 452 697 275 667 
10
523 108 301 291 194 254 976 998 241 682 
500
27 26
41 23
21 47
25 9
41 13
35 44
3 8
42 13
38 19
3 18
47 15
20 22
47 38
39 14
32 40
49 9
5 1
34 14
46 43
46 20
38 23
42 37
12 16
23 7
44 37
30 0
34 32
47 11
30 42
40 42
45 30
26 7
24 37
46 16
24 6
10 48
3 12
5 10
0 44
39 43
31 48
11 42
42 29
31 47
46 4
43 45
24 3
38 44
15 1
30 24
33 0
38 27
45 38
17 36
40 13
33 49
32 33
31 6
29 49
23 17
41 28
18 5
35 48
42 39
44 29
0 23
42 0
19 45
26 21
5 40
47 43
36 22
30 39
0 15
42 19
7 49
5 25
29 0
20 5
11 3
4 48
39 31
0 26
43 4
49 36
30 20
7 29
29 46
22 29
6 1
2 12
34 45
48 39
18 14
6 0
3 0
31 34
18 11
27 31
21 45
29 32
26 41
33 35
8 10
47 7
30 11
38 24
1 16
25 39
48 44
36 12
31 35
48 3
21 9
27 19
29 25
33 36
48 42
39 26
10 27
37 29
11 5
18 37
47 49
19 37
28 19
46 5
5 38
1 33
10 32
21 14
4 29
5 21
2 8
39 4
22 24
2 32
27 1
43 14
31 10
3 37
28 7
46 41
36 25
36 1
7 44
44 46
40 34
19 6
10 30
2 20
48 5
7 3
16 6
7 34
37 1
43 36
37 4
16 44
24 0
41 33
26 22
10 11
5 37
45 9
5 28
6 11
24 4
35 37
1 7
39 16
45 11
12 46
47 35
35 9
46 28
37 43
23 3
46 17
17 1
27 39
8 9
19 16
34 43
30 46
15 34
23 33
26 12
11 13
33 10
21 25
43 27
18 17
11 0
30 32
46 10
47 13
17 49
22 33
35 5
34 33
3 27
35 4
2 29
10 16
12 43
0 36
23 2
9 13
31 16
8 17
24 12
44 10
30 2
9 4
42 31
15 20
41 7
8 46
13 20
26 35
13 38
35 22
8 40
40 43
45 16
7 18
9 43
42 17
32 22
10 7
8 7
9 31
1 28
9 48
43 18
14 12
0 8
18 27
1 3
31 45
39 49
21 40
31 46
49 48
27 35
42 25
9 7
41 38
42 35
4 34
19 2
18 26
13 10
1 11
19 17
35 43
48 40
48 45
14 48
49 24
41 2
43 0
18 36
46 25
30 8
16 24
27 28
46 32
0 49
29 27
23 12
36 7
38 37
28 48
0 28
23 32
28 3
14 28
34 28
15 3
25 37
22 8
44 2
7 35
14 10
22 43
46 14
15 49
45 0
8 1
32 12
25 6
38 9
43 33
10 49
45 29
36 13
23 9
26 24
6 33
6 8
18 15
37 45
30 35
42 27
34 9
21 35
29 10
25 41
25 26
9 32
32 26
2 16
27 5
21 30
28 26
30 19
18 1
20 26
28 38
44 22
47 33
0 40
42 45
11 4
8 26
2 28
44 8
27 20
6 26
47 44
10 45
27 11
29 19
2 38
25 3
1 2
3 17
17 2
44 33
16 21
33 46
36 37
29 18
32 28
34 13
15 35
25 0
33 8
23 16
16 11
48 47
45 32
2 34
45 18
1 31
47 9
48 1
49 32
15 16
16 27
0 19
15 26
25 40
37 26
47 10
34 21
15 5
34 46
3 2
24 23
49 44
15 29
47 28
20 9
18 21
4 47
33 12
41 17
37 7
13 30
19 35
37 49
9 41
37 33
45 25
34 24
2 24
19 20
15 13
10 40
44 24
13 19
15 37
5 22
16 42
39 7
45 8
38 7
43 2
6 17
25 33
27 32
47 12
20 7
0 20
29 9
18 22
16 48
12 18
14 23
0 22
32 48
44 20
21 44
39 46
4 19
42 2
28 42
25 11
27 24
39 2
13 1
6 22
8 36
28 33
39 20
42 6
16 4
32 8
9 46
34 6
47 41
23 36
33 17
4 21
25 16
23 27
11 23
44 1
5 4
48 34
3 9
30 31
29 41
15 43
28 6
1 46
4 1
38 49
17 48
42 15
31 5
5 33
29 6
19 31
48 7
42 41
10 6
12 48
33 11
45 27
12 9
21 28
34 38
25 44
10 43
6 2
37 28
20 18
39 21
29 28
47 6
18 47
1 26
24 21
42 24
10 24
14 49
17 44
5 23
11 38
32 15
17 40
11 40
45 15
2 4
17 32
0 1
14 4
47 26
25 23
23 49
17 15
30 1
38 42
44 41
48 38
34 3
