50
274 199 171 543 323 320 512 556 801 1 210 572 660 903 470 508 789 560 80 857 42 621 474 351 297 623 797 335 782 805 334 233 766 411 857 721 370 332 844 60 270 377 388 341 645 566 175 528 154 770 
10
8 810 734 639 308 542 993 881 558 200 
500
39 32
2 27
13 35
38 27
40 27
3 5
12 9
18 34
21 22
49 2
2 1
25 1
0 25
37 27
42 20
7 14
30 25
27 8
49 8
32 24
34 19
14 31
30 46
4 35
28 35
33 42
32 20
48 23
12 15
27 11
36 15
30 2
28 24
26 1
45 9
7 37
28 31
30 29
39 19
49 39
37 32
30 33
28 13
19 3
15 16
28 49
18 8
38 29
17 0
40 31
34 32
22 2
23 35
46 0
16 29
37 40
41 25
18 26
18 43
38 21
40 35
5 14
36 26
35 21
41 15
44 33
23 21
5 40
43 0
17 48
48 44
11 40
25 17
35 26
21 10
0 11
1 14
29 17
15 13
14 17
27 26
12 45
33 26
14 39
14 12
40 29
43 29
20 49
17 22
30 42
11 38
44 23
38 25
37 3
31 12
6 8
34 14
36 48
11 25
25 43
20 33
26 3
4 33
26 9
39 6
15 32
17 4
33 46
35 49
34 20
4 40
36 37
21 30
0 29
49 38
35 45
6 25
34 46
44 40
8 22
18 16
7 46
40 18
39 38
17 6
30 39
18 1
1 23
31 13
47 31
31 1
49 36
16 42
31 9
18 37
2 43
23 34
28 20
16 48
7 33
17 35
20 0
1 28
25 39
28 9
31 48
46 36
19 38
30 41
4 37
38 16
47 43
21 8
10 27
38 12
46 26
23 19
4 12
36 44
35 44
34 30
25 18
39 21
13 3
9 38
9 42
43 5
37 25
46 3
19 14
15 34
1 33
36 23
11 30
2 20
32 28
38 26
20 43
28 26
9 35
39 9
8 25
7 15
35 6
12 23
29 44
22 20
33 34
25 34
46 39
23 7
9 2
22 1
6 44
21 19
38 2
9 3
14 8
19 37
49 6
33 48
40 32
12 24
48 5
14 36
42 39
32 47
6 32
49 16
29 3
31 26
10 18
21 40
16 31
15 6
27 23
20 10
19 1
1 5
18 39
41 23
8 29
25 46
43 46
9 44
17 9
33 22
41 26
6 34
42 28
39 47
0 35
22 9
10 16
29 33
16 36
42 6
3 0
44 17
40 34
12 5
43 17
41 20
48 39
14 30
6 18
1 41
48 38
37 34
18 12
35 29
32 8
23 29
6 29
7 8
15 20
28 33
35 48
3 48
14 0
35 47
16 4
3 31
46 11
5 26
48 18
24 33
11 44
17 33
25 44
22 36
5 39
24 25
12 49
3 36
43 40
37 17
7 5
42 1
10 37
49 9
43 13
30 7
39 40
45 4
15 0
5 9
41 39
46 17
45 38
21 17
40 38
6 46
14 9
28 14
38 31
37 29
16 39
1 20
20 17
4 21
45 18
21 7
17 19
29 41
30 44
43 4
49 15
26 43
14 11
35 30
44 28
23 2
20 12
41 19
18 14
37 20
38 42
26 37
30 24
19 27
26 15
30 27
3 15
29 49
13 44
40 19
28 45
15 2
46 4
24 4
33 32
13 9
15 9
19 48
0 48
31 37
7 13
9 34
41 43
25 33
34 2
6 48
27 41
5 23
28 48
9 18
10 1
43 1
16 25
31 46
0 18
4 30
30 8
4 18
14 33
47 29
2 28
38 22
27 13
23 32
15 4
21 34
10 48
19 0
34 49
43 8
15 19
5 49
11 1
17 18
20 45
49 26
7 38
33 43
15 44
22 41
11 7
46 42
14 38
3 7
45 0
42 4
45 26
18 7
26 24
22 0
33 2
24 11
32 25
10 15
34 13
38 10
3 8
4 27
8 39
48 30
15 1
13 10
39 2
42 44
43 11
9 0
17 12
13 8
43 31
26 48
2 4
33 10
6 41
40 6
36 34
16 45
10 6
8 38
41 4
24 37
47 6
30 5
4 19
47 4
38 33
28 10
40 26
11 48
5 6
45 19
47 15
44 3
4 11
1 21
3 23
20 8
5 24
5 0
15 22
14 21
40 20
32 42
9 33
41 14
35 1
17 2
2 5
36 10
21 46
31 20
5 20
47 5
40 16
30 6
14 13
21 43
42 12
40 15
32 49
41 11
3 1
38 44
19 46
12 40
17 5
31 42
16 17
8 16
7 47
28 18
11 39
43 7
46 38
39 35
39 13
2 12
21 9
32 2
37 33
15 45
32 30
31 8
37 39
24 8
9 41
27 35
0 31
40 17
28 11
6 4
11 26
20 38
8 12
33 13
38 41
2 3
34 12
39 26
22 30
4 49
12 26
7 19
45 14
