50
840 488 132 848 642 255 843 246 96 605 720 369 898 285 763 495 614 535 469 237 406 39 672 931 721 256 329 94 925 297 510 218 517 210 226 411 195 747 28 441 177 831 151 380 556 127 221 12 436 309 
10
370 586 860 360 369 797 432 832 959 75 
500
24 37
6 14
14 37
20 33
24 12
46 22
30 45
39 6
10 6
11 35
27 1
34 35
21 30
0 10
30 27
45 27
32 12
28 0
21 9
27 23
14 19
29 10
48 29
48 20
25 8
21 6
5 32
0 45
46 13
2 45
8 16
2 3
10 39
48 24
14 31
13 43
39 15
43 37
33 1
9 43
48 41
14 7
38 6
25 33
34 29
21 25
35 3
17 10
6 13
41 3
49 36
38 32
22 4
28 2
19 0
22 38
45 37
32 39
27 44
40 36
44 12
5 10
4 16
24 23
2 39
27 32
18 14
40 28
22 45
8 40
17 28
37 44
21 26
46 49
47 23
43 24
25 28
35 38
49 6
20 40
49 7
49 1
24 20
21 45
20 35
14 17
27 19
12 16
41 43
45 31
3 21
22 40
3 28
6 33
5 12
29 1
42 19
27 41
48 35
27 0
43 32
45 24
32 42
29 41
46 16
31 0
19 16
30 31
7 4
43 22
19 15
18 45
32 41
36 5
28 18
10 38
14 24
15 27
3 47
42 49
7 44
25 10
8 4
3 22
1 23
6 46
21 28
20 11
0 36
18 6
32 7
25 15
47 18
43 33
5 4
20 13
15 2
44 43
47 21
41 12
35 6
30 12
3 34
38 5
4 10
45 17
33 40
21 12
6 17
4 30
2 12
23 43
5 40
30 49
9 18
14 40
31 37
27 28
43 7
26 34
13 19
31 1
48 9
14 29
38 43
27 29
40 39
34 2
6 12
42 48
29 19
15 14
18 41
4 34
1 20
12 18
49 0
23 18
18 30
43 18
17 42
47 0
29 7
44 36
14 12
39 35
43 34
27 33
19 45
12 17
25 30
28 9
11 15
39 0
25 7
22 10
42 20
40 16
9 22
43 21
23 39
1 41
48 40
27 4
35 22
34 23
23 37
40 31
42 39
48 45
28 37
27 13
36 4
42 33
47 17
40 37
12 45
23 7
19 6
15 40
15 36
4 21
45 15
12 47
31 18
1 19
31 26
48 49
2 47
34 17
15 44
14 32
1 4
38 19
7 40
38 0
0 2
30 15
16 7
18 0
42 13
37 47
1 3
9 20
41 0
40 35
39 27
28 23
26 33
32 10
4 15
21 18
10 15
44 1
31 5
26 11
15 16
34 7
23 11
9 45
29 44
43 25
34 42
43 31
5 2
23 0
48 37
13 8
2 43
45 11
48 46
43 17
3 39
21 16
7 20
39 16
19 33
49 37
30 48
4 41
36 27
4 28
29 33
34 39
12 35
20 38
11 28
26 28
37 15
15 47
32 37
27 31
29 20
13 31
11 43
47 49
16 3
27 46
4 44
24 44
28 38
33 37
44 38
48 44
47 28
2 40
39 12
40 24
41 36
42 24
6 34
44 35
0 44
46 23
11 4
32 9
46 12
23 15
20 3
16 33
43 28
21 2
37 6
19 36
44 45
25 34
10 7
15 0
31 32
13 37
49 10
43 19
20 26
1 12
28 29
36 31
16 48
8 18
17 19
24 49
17 48
45 13
7 3
21 38
39 37
21 31
0 34
36 22
49 25
26 3
15 38
32 26
42 22
2 30
18 20
44 21
14 25
15 22
37 38
42 18
35 47
49 27
37 27
49 32
11 17
27 21
24 34
31 3
29 39
43 15
17 26
17 44
39 9
47 13
49 2
13 7
32 18
23 21
49 22
7 11
15 3
26 12
27 48
17 40
46 19
0 16
10 46
11 22
15 9
8 38
28 49
34 1
33 0
4 32
2 9
12 23
48 38
26 48
28 24
21 42
2 17
1 22
14 34
27 24
28 1
20 41
0 30
14 36
10 19
45 42
16 5
34 21
28 46
18 35
15 28
46 17
32 19
35 37
34 31
35 30
20 43
29 9
39 36
35 2
25 35
27 40
31 16
22 14
34 32
34 30
1 30
7 31
6 7
48 11
47 14
17 9
42 36
24 35
0 40
46 44
25 40
13 21
42 1
13 10
8 28
19 40
42 8
44 16
8 21
1 15
30 3
37 34
38 36
43 30
18 25
1 7
46 45
20 17
23 44
25 47
35 16
45 35
49 35
9 14
13 5
36 6
26 44
39 20
39 24
36 7
7 2
44 18
13 41
31 49
13 2
49 4
29 6
22 29
40 13
40 26
49 15
45 5
37 18
27 11
37 2
8 22
24 16
33 35
0 35
7 30
7 35
36 29
12 19
30 41
16 11
6 48
18 15
18 34
25 41
36 2
