50
16 889 177 264 934 712 460 701 254 313 551 407 784 397 833 606 80 586 240 565 980 820 513 602 132 595 926 742 257 494 272 463 600 426 27 309 258 109 190 850 920 12 641 829 663 195 348 274 650 631 
10
999 650 448 273 515 259 895 384 148 891 
500
9 46
21 10
43 34
49 33
32 24
13 24
35 16
34 18
29 23
8 24
16 40
1 9
38 10
1 38
13 25
39 46
25 11
40 10
15 32
39 7
10 1
0 8
19 1
31 46
11 14
15 43
20 11
20 30
29 33
28 32
3 24
23 17
14 48
5 30
23 46
41 22
45 16
16 22
28 23
3 18
34 41
22 11
41 30
36 16
31 5
0 16
2 15
35 11
39 48
27 1
6 1
36 1
38 34
1 30
26 11
15 27
10 34
17 47
8 34
13 4
31 12
36 10
36 39
10 25
36 17
2 20
6 41
39 26
6 17
34 33
24 42
24 26
5 41
13 44
11 38
14 32
3 9
42 29
24 11
39 37
2 9
9 24
46 27
8 9
15 25
20 0
28 14
15 5
38 7
12 26
46 13
19 10
47 8
34 45
38 19
7 42
22 15
17 20
32 16
4 34
3 28
24 6
13 6
22 14
28 5
17 39
8 33
19 37
43 38
45 36
24 14
24 5
37 11
23 6
46 12
32 22
11 3
2 7
27 0
7 10
25 41
32 5
10 16
39 8
0 9
18 37
21 24
12 8
1 12
43 36
25 26
26 48
12 9
16 34
24 4
27 37
7 3
11 33
45 26
23 47
44 27
3 46
17 35
45 42
38 22
10 13
7 40
22 29
48 47
43 9
5 2
33 19
11 47
8 7
48 41
0 37
25 37
11 8
2 27
8 41
34 27
28 24
10 39
14 27
3 13
4 28
36 12
12 41
18 16
35 0
5 44
15 35
20 38
20 36
48 21
21 31
18 13
44 7
43 1
40 44
1 20
23 34
18 36
22 49
45 11
42 8
33 38
23 24
28 36
30 2
12 10
9 37
13 38
38 46
39 40
0 23
20 29
25 5
11 19
13 21
36 40
10 44
35 27
42 32
33 13
31 41
3 4
27 13
37 38
4 23
46 21
47 38
28 12
31 45
3 5
28 46
22 26
17 40
30 4
1 49
48 13
34 26
16 47
37 14
38 4
1 24
13 11
24 33
47 19
37 15
6 28
40 18
30 6
6 11
14 45
21 19
11 30
46 37
5 4
5 11
42 6
28 48
0 17
4 49
17 5
24 2
27 12
4 26
8 1
27 5
48 31
47 27
31 6
25 22
35 13
41 32
12 42
25 38
22 0
0 38
35 29
12 48
41 47
42 25
21 49
4 44
16 8
3 43
28 35
22 46
19 27
40 15
35 36
43 7
6 45
13 32
18 4
47 26
33 39
48 11
30 9
18 24
2 41
33 21
14 35
31 17
6 39
37 13
45 39
6 22
26 13
38 21
33 10
0 41
40 35
9 15
29 36
9 10
47 43
9 40
8 13
17 34
40 49
36 24
3 49
10 29
49 0
48 16
30 0
3 12
6 3
32 35
21 40
21 12
8 26
29 12
39 38
40 30
29 16
44 23
39 41
13 5
36 22
22 19
8 15
6 20
44 1
43 6
33 40
21 30
4 41
18 10
48 35
8 3
17 25
4 47
32 7
4 0
42 34
5 18
19 48
29 3
44 14
15 12
24 35
43 16
8 19
31 42
17 7
40 13
30 27
41 42
49 23
7 20
19 29
31 26
30 18
33 12
6 12
7 31
6 26
12 32
8 28
8 22
16 33
32 10
29 26
46 4
0 32
43 20
18 31
6 46
46 36
19 9
36 31
22 40
49 42
17 21
5 20
5 49
47 25
49 39
20 33
16 37
13 29
35 5
14 10
19 26
47 1
27 26
49 35
11 10
4 25
41 43
21 6
25 33
34 21
22 27
1 13
17 1
39 16
15 10
32 45
17 30
22 28
31 37
31 20
32 37
15 45
42 40
5 36
12 22
0 31
17 41
3 32
13 39
44 6
30 13
23 37
18 12
42 9
13 17
41 13
29 11
27 45
16 2
10 17
40 5
18 8
23 33
32 4
42 16
7 48
2 22
30 22
6 36
3 22
35 38
37 36
31 29
6 35
42 14
33 45
47 2
9 17
48 22
22 39
35 23
7 29
35 30
43 5
21 11
34 6
41 27
42 4
46 26
40 3
39 9
44 8
38 14
32 18
15 42
27 11
31 14
36 49
13 47
18 49
21 44
45 0
16 49
40 25
12 30
43 17
42 22
4 43
38 2
3 31
49 9
4 39
30 33
7 13
17 48
39 27
6 38
28 1
30 47
38 16
19 2
13 15
38 26
3 36
4 36
7 14
41 49
47 10
2 35
15 30
33 46
2 36
23 15
