50
121 221 721 454 119 270 775 66 43 939 852 158 690 737 754 389 845 916 797 350 299 137 599 24 195 907 148 753 166 433 720 461 402 504 359 801 869 836 374 669 156 37 87 665 449 29 266 724 163 296 
10
318 388 995 352 465 908 481 990 257 560 
500
34 7
28 48
26 46
10 15
7 37
27 29
16 47
12 31
18 25
17 5
48 16
30 9
45 32
0 10
25 9
45 16
35 7
18 48
20 8
41 22
1 36
18 7
17 41
48 30
16 20
23 38
46 40
2 38
35 21
13 20
6 25
40 19
2 39
45 19
35 48
22 44
45 47
45 48
25 37
24 17
0 17
31 42
9 48
46 43
14 36
36 25
16 17
23 31
43 34
7 28
21 9
5 13
27 43
25 11
24 20
45 33
3 7
4 12
48 15
44 47
41 38
14 8
48 17
34 15
8 15
12 16
0 43
22 39
2 10
34 23
48 13
25 29
36 38
34 5
31 49
14 40
43 39
19 27
14 18
7 4
36 7
5 16
7 20
28 20
2 9
42 10
24 9
46 12
45 6
42 19
35 42
24 0
21 4
21 18
32 20
1 15
12 6
44 1
35 9
46 27
47 25
34 32
6 37
48 47
30 15
28 31
33 42
34 19
5 48
12 48
49 7
11 44
31 11
6 0
26 10
29 22
3 29
42 5
1 16
16 10
0 48
9 40
16 33
46 30
0 25
13 43
2 14
29 34
22 17
1 2
18 45
24 21
10 19
26 41
17 34
2 7
5 18
2 40
17 27
12 1
31 24
21 49
39 38
2 18
3 2
0 42
28 3
5 23
16 22
26 4
30 21
34 40
38 32
19 22
19 8
27 26
7 45
1 32
49 40
17 4
41 39
42 3
28 14
20 27
20 45
8 34
47 46
24 23
49 22
6 30
38 18
28 37
5 22
42 40
6 36
13 22
21 44
4 20
26 6
11 6
6 9
23 15
5 7
22 21
42 20
18 6
6 3
27 9
26 21
25 2
5 36
35 19
42 27
19 36
15 45
49 5
23 32
17 49
30 36
5 0
44 9
0 34
28 34
18 41
10 33
24 13
34 30
14 25
39 6
45 29
33 18
49 27
31 25
8 41
3 25
15 43
8 32
33 21
43 47
0 19
0 32
5 24
21 36
10 30
14 21
10 29
40 18
33 31
45 26
31 47
28 49
19 21
19 7
41 23
27 21
44 41
30 49
2 6
23 8
43 10
5 10
47 18
8 28
27 15
0 3
20 17
1 42
16 11
44 28
38 14
11 45
26 14
49 6
22 31
27 8
19 33
36 32
49 41
44 37
42 29
41 43
1 7
11 37
31 21
19 28
24 46
30 17
41 25
43 30
21 7
10 41
35 37
6 32
33 43
25 1
13 16
24 18
30 39
9 15
8 6
4 47
4 41
38 42
10 11
40 26
17 40
19 17
39 35
27 7
4 39
12 22
30 23
16 32
13 10
36 33
29 5
11 0
41 21
21 47
42 16
14 10
22 42
30 7
2 4
31 45
23 19
31 44
24 36
29 18
38 37
46 13
9 42
43 17
37 45
49 43
9 38
38 29
19 3
35 26
37 46
49 12
39 47
14 29
14 0
30 12
32 39
40 41
25 39
34 22
32 11
4 35
5 30
41 13
2 33
8 16
7 11
48 37
2 0
44 32
3 36
28 35
27 10
46 2
24 37
43 11
35 2
40 25
3 31
6 7
18 16
26 29
27 34
1 23
40 36
34 31
16 25
1 38
21 46
44 48
9 19
35 45
4 5
32 3
44 16
14 45
9 1
13 2
37 12
36 39
29 43
28 10
40 11
12 2
17 25
3 33
2 45
46 49
32 22
23 12
35 18
22 8
20 2
36 42
35 5
36 16
13 9
48 25
30 44
29 11
41 47
38 48
42 7
2 29
31 26
15 14
8 38
22 3
1 0
43 2
24 27
45 49
32 29
26 48
34 24
1 17
32 37
5 12
7 17
39 5
31 40
23 40
27 33
5 37
18 36
18 31
39 42
36 46
3 44
26 20
12 8
35 49
47 32
28 4
3 11
28 21
25 12
10 48
41 24
35 32
4 44
18 44
45 13
18 30
3 23
15 31
28 9
9 20
30 40
42 48
0 47
18 4
36 13
5 40
22 15
40 44
13 27
13 11
1 45
20 12
17 36
34 25
25 23
34 11
23 18
37 41
4 40
32 4
9 46
39 13
37 39
0 44
26 34
44 10
32 13
19 20
15 21
13 3
7 41
24 10
5 45
3 17
48 20
12 40
7 23
4 36
30 2
23 0
0 31
5 1
17 9
16 38
4 22
22 47
42 41
47 37
20 39
31 8
26 15
36 37
43 12
44 33
46 11
20 44
14 1
30 38
48 19
28 5
12 28
18 37
14 9
