50
936 492 162 588 278 967 755 514 675 554 43 878 512 767 684 570 937 188 469 124 896 347 930 312 91 107 76 554 764 661 193 593 82 351 226 447 78 229 188 559 522 618 555 107 929 437 790 46 320 392 
10
5 284 21 359 253 228 957 897 975 251 
500
7 33
28 17
3 13
35 42
27 40
38 47
40 18
15 46
21 40
0 3
3 1
22 24
27 31
19 28
46 11
36 40
13 4
47 37
3 46
26 11
22 42
33 22
32 43
26 47
4 32
44 5
6 34
42 39
24 33
8 26
49 18
1 49
43 45
45 22
38 36
23 4
39 36
9 47
22 25
37 36
44 43
17 41
12 0
25 14
31 36
39 7
27 24
28 6
10 9
21 39
6 26
24 44
18 30
2 29
16 31
43 29
26 45
4 49
21 23
49 21
48 19
37 39
9 5
31 47
2 25
5 35
48 39
19 20
39 38
27 33
11 48
44 48
32 36
31 2
29 36
26 28
19 17
13 33
33 5
48 34
41 39
3 2
34 46
12 27
14 19
28 8
31 10
32 41
37 8
11 8
14 35
35 41
25 17
36 2
19 39
35 30
7 42
27 32
6 31
12 36
4 36
44 7
3 34
14 48
32 47
37 29
41 29
17 14
9 12
43 11
4 0
32 26
27 48
30 17
23 12
20 0
2 0
15 44
6 20
13 37
6 11
14 37
3 7
30 24
13 34
23 0
7 41
13 20
15 7
8 17
48 45
38 1
45 32
14 10
43 3
48 26
9 44
28 31
34 41
27 29
36 42
7 22
24 20
24 42
38 24
1 44
15 0
26 1
2 27
36 46
33 9
5 7
23 31
27 4
22 6
7 20
37 28
10 34
35 8
41 14
10 47
40 19
5 23
25 13
28 12
22 36
25 10
2 18
36 14
48 30
12 8
30 49
2 20
4 41
43 2
4 19
47 35
37 4
21 25
31 45
36 7
9 24
21 24
40 44
22 13
4 12
42 9
12 32
22 15
12 42
9 46
33 41
9 14
41 10
49 13
37 23
35 45
28 44
41 11
49 11
32 23
18 34
26 18
18 17
16 5
44 0
8 40
43 10
34 26
15 33
10 16
38 49
41 37
20 40
12 33
4 28
14 33
28 27
3 40
8 10
24 16
26 29
43 26
25 9
49 5
15 17
0 18
31 42
47 3
26 33
12 38
9 17
11 32
15 5
16 48
19 49
5 20
10 39
7 24
17 46
9 8
29 15
12 7
29 3
42 0
6 49
25 18
11 40
47 39
24 36
29 4
6 9
43 4
7 27
38 31
16 46
42 25
33 35
11 2
7 13
33 20
4 40
19 2
3 18
15 30
2 15
19 42
46 7
5 10
24 32
16 27
25 24
40 5
3 16
45 0
34 37
25 20
38 17
28 43
32 3
45 36
11 21
48 8
28 34
0 43
33 3
39 31
20 48
40 22
8 18
13 41
31 14
35 0
44 47
31 15
30 44
1 42
42 3
29 7
18 19
13 47
6 4
2 22
4 5
29 38
27 34
34 23
44 37
38 35
5 45
20 44
16 6
21 4
26 40
30 22
10 4
31 11
41 19
46 35
44 29
30 26
12 19
4 22
43 7
7 31
32 38
16 29
3 12
1 22
21 15
47 15
11 3
24 45
7 40
48 13
35 44
47 8
19 5
15 16
31 22
0 34
18 32
33 32
0 11
3 4
25 38
1 25
49 14
33 17
32 2
3 20
29 42
6 18
43 14
18 36
19 10
6 24
16 2
40 2
32 0
47 21
24 0
19 32
38 15
49 20
27 38
14 40
14 39
29 5
27 15
7 18
28 22
43 48
10 28
40 47
47 17
31 17
11 37
25 41
3 10
18 15
30 27
20 14
13 14
0 17
48 40
7 23
15 34
0 21
19 25
24 39
21 16
47 45
46 20
3 31
31 18
45 28
2 35
36 44
32 5
0 41
43 35
32 28
35 12
20 38
3 26
2 38
12 34
9 48
7 4
45 29
44 46
39 12
32 30
20 17
6 0
48 0
10 22
20 16
33 49
48 41
1 14
13 44
9 28
1 7
43 39
33 28
33 23
35 28
22 12
47 22
38 41
39 44
44 22
25 43
45 41
33 45
22 41
2 24
19 38
40 42
28 47
12 24
38 18
11 27
10 27
36 6
33 42
46 31
27 13
39 30
28 11
41 8
46 10
19 45
39 27
10 26
17 21
18 47
49 3
49 0
42 14
40 43
42 46
4 15
11 12
31 35
30 23
21 48
7 38
16 33
8 21
38 37
35 17
16 13
2 28
23 41
8 34
10 35
11 39
9 27
45 3
42 20
49 26
0 29
49 8
0 7
45 4
46 39
30 7
42 37
48 3
25 30
48 33
37 5
15 43
27 25
49 25
1 19
47 24
