50
2 389 942 76 806 286 430 946 647 571 766 893 407 627 557 712 60 431 87 715 261 368 872 469 745 840 658 315 34 721 176 745 814 772 177 959 524 629 203 305 61 588 570 682 428 930 445 570 724 326 
10
456 122 321 784 503 875 197 342 999 27 
500
25 32
20 41
0 34
22 1
11 46
27 17
15 13
41 30
19 14
37 33
42 23
16 48
43 24
32 8
17 44
43 17
25 39
37 35
41 14
33 39
33 18
27 37
35 30
11 32
9 40
9 18
34 33
15 3
23 13
46 23
13 6
21 5
1 43
45 5
27 30
41 28
46 18
23 1
11 35
19 8
11 2
43 30
12 21
9 29
8 29
48 18
48 5
5 16
14 12
5 14
16 37
47 12
6 26
0 10
11 12
26 30
17 37
35 21
13 39
2 14
38 47
33 4
10 17
41 33
3 9
15 11
15 27
9 15
8 31
14 29
23 29
0 42
30 45
36 34
14 4
1 2
21 1
19 33
39 49
28 33
0 12
24 10
7 6
24 29
35 8
3 33
32 27
30 9
18 13
45 3
8 44
37 40
25 44
34 44
44 33
44 18
30 20
14 0
20 39
13 25
47 37
38 11
21 48
8 2
32 41
1 8
14 34
31 18
32 18
22 48
27 41
46 40
36 35
3 5
40 35
42 12
18 30
39 0
5 20
7 26
47 19
6 28
16 12
31 21
43 16
32 1
40 25
25 42
17 16
7 43
32 48
36 38
33 25
1 28
31 15
2 36
0 1
13 37
27 20
20 31
30 16
43 33
16 35
41 2
24 8
45 1
22 28
13 21
35 46
43 14
34 49
43 39
4 31
18 7
3 21
24 13
16 42
47 7
39 24
3 48
39 40
4 18
1 39
14 32
13 27
44 32
33 1
34 6
11 33
25 3
1 35
13 0
39 4
27 12
10 5
47 36
9 21
7 19
38 31
16 0
13 46
23 15
3 12
48 46
33 6
16 32
23 12
7 21
34 45
33 10
10 34
7 29
32 28
17 42
44 37
33 49
8 11
19 18
0 46
14 40
14 30
29 16
39 5
0 27
42 36
38 26
9 17
27 44
40 0
43 37
43 27
28 36
13 32
36 7
9 43
48 44
42 20
10 14
8 15
9 20
8 49
11 18
27 2
49 22
12 41
10 37
44 4
12 44
20 34
31 11
30 3
25 17
44 40
10 41
38 34
0 28
6 42
30 33
7 8
34 43
8 38
28 16
38 25
20 32
14 31
30 8
42 33
45 11
0 30
31 42
27 10
29 48
48 9
35 22
21 49
13 4
38 21
37 1
38 37
4 49
19 16
5 29
13 9
46 27
5 18
48 11
32 47
1 34
12 2
42 48
9 22
6 21
12 36
35 3
30 25
45 2
40 38
36 23
8 22
35 26
35 10
13 40
23 19
33 20
6 22
5 28
17 2
29 0
46 12
18 16
37 39
6 11
15 32
15 28
32 23
39 45
49 27
30 12
38 4
9 45
45 31
0 41
28 46
22 5
25 47
47 5
13 30
42 40
31 47
2 49
32 38
46 20
16 26
20 40
41 3
2 29
4 48
29 46
3 10
4 20
31 2
32 7
26 0
44 38
2 23
7 22
34 18
48 35
24 14
44 9
21 22
18 26
45 20
43 45
33 27
43 41
40 3
34 24
17 45
23 27
16 24
49 7
33 16
15 35
13 29
49 23
4 11
18 43
36 10
4 37
24 25
28 26
12 49
24 1
36 4
44 10
38 43
15 43
1 40
8 28
10 39
6 49
1 46
49 40
11 0
24 15
20 15
33 12
20 14
17 47
27 21
33 35
23 22
33 22
3 49
46 43
26 12
17 31
6 29
38 48
30 46
13 20
19 2
14 1
21 41
24 40
25 9
5 6
4 34
16 38
27 35
13 34
33 36
38 45
44 16
2 40
32 9
43 31
32 34
8 46
7 23
47 1
25 10
34 31
7 0
22 30
30 10
37 20
5 35
20 49
35 9
41 29
2 20
1 44
41 25
44 29
3 36
9 7
41 37
27 39
28 3
43 29
43 49
26 20
12 20
36 45
21 44
22 43
26 15
19 11
11 44
7 17
32 17
23 20
12 4
42 1
4 35
29 45
3 4
46 21
5 17
26 25
34 22
3 44
18 0
47 49
2 22
21 0
34 40
26 44
16 11
24 45
4 10
12 5
6 38
29 1
15 36
44 13
31 5
25 23
47 9
39 21
14 35
41 15
23 26
0 15
9 26
31 22
3 22
19 26
49 30
9 19
24 21
30 21
13 17
13 5
0 37
43 48
7 44
18 35
2 9
32 0
11 28
6 16
35 31
24 36
46 5
49 15
8 10
41 45
47 6
23 24
17 4
15 46
12 8
29 22
2 10
22 46
19 4
29 42
