50
977 247 705 82 869 820 380 481 537 548 87 536 730 165 16 335 521 625 8 60 881 929 547 104 852 735 698 756 421 151 993 723 287 783 103 689 126 929 917 965 733 263 923 543 433 343 110 245 222 326 
10
999 125 410 124 135 54 878 454 525 310 
500
30 36
43 8
0 7
34 45
40 24
8 26
20 30
43 21
29 0
45 20
13 44
35 10
2 20
2 48
41 18
27 39
3 46
33 28
49 23
37 32
47 10
22 39
44 6
23 33
47 6
28 15
13 20
16 5
23 6
33 11
29 49
49 17
11 43
45 49
45 30
26 24
43 30
47 27
24 20
22 29
4 19
48 32
28 31
36 6
1 32
12 35
20 38
16 44
39 30
9 2
38 47
16 15
48 12
49 42
9 29
22 9
14 26
44 5
24 30
36 48
35 24
40 39
43 13
44 7
36 15
32 28
32 6
9 17
22 35
26 47
35 16
42 18
19 23
40 37
5 21
38 11
34 6
18 37
14 34
6 4
17 33
44 29
32 15
22 34
42 27
40 18
1 18
22 0
10 41
10 12
46 23
27 44
4 42
5 42
35 8
16 12
20 35
42 37
49 40
32 21
9 33
4 28
33 47
8 41
38 41
48 16
5 49
20 10
32 36
16 7
47 7
33 5
11 12
48 13
26 35
21 33
7 48
40 1
16 10
22 7
43 26
41 7
23 16
43 40
13 18
48 41
2 19
20 1
34 43
48 9
13 37
30 2
36 21
38 2
14 30
28 20
6 1
46 4
42 7
31 29
19 38
34 5
24 18
26 38
39 3
44 39
26 21
48 44
8 14
12 44
24 44
2 29
16 31
26 33
41 12
7 46
44 19
44 49
8 42
48 38
10 14
12 26
12 43
5 11
12 27
28 29
26 44
14 9
49 8
9 30
44 2
21 8
34 18
16 33
28 7
49 1
31 35
45 48
32 38
29 45
34 3
11 39
21 41
9 46
26 3
21 2
48 14
33 6
27 28
17 38
43 5
39 0
0 28
31 17
17 1
20 42
21 1
27 36
22 19
25 23
2 12
23 5
46 19
34 27
35 9
4 44
18 16
4 45
28 13
37 19
38 5
26 37
27 11
40 20
4 2
17 20
37 6
41 3
49 37
14 12
11 15
2 13
3 32
46 36
47 9
18 8
47 46
16 14
28 38
48 5
4 9
20 29
35 30
12 33
11 46
15 33
16 47
6 29
47 29
33 31
49 20
19 9
19 1
37 46
35 36
27 40
6 11
36 33
31 42
14 18
1 10
12 0
1 46
28 43
6 38
22 14
34 46
4 7
41 11
17 5
21 35
39 13
9 28
0 30
45 31
33 18
11 18
4 37
19 5
13 42
21 24
23 4
48 37
4 18
36 49
46 15
24 14
32 33
12 39
38 9
23 32
2 14
3 19
7 2
27 26
30 10
1 16
43 17
29 8
4 29
21 37
35 5
48 47
37 0
19 45
45 36
34 48
46 10
26 6
19 21
20 26
40 15
35 29
0 31
38 7
49 31
43 15
45 26
21 7
48 27
21 12
43 37
29 34
9 42
21 48
37 25
33 35
6 10
26 9
30 12
2 32
3 11
2 18
21 39
3 2
29 37
7 24
5 24
8 40
28 19
1 28
6 24
36 9
40 5
2 41
49 6
23 35
36 8
43 24
17 39
19 13
44 31
15 7
36 31
19 26
11 28
1 47
32 11
6 18
0 27
7 5
30 42
8 44
12 32
24 17
20 7
41 49
21 0
40 10
40 14
24 22
31 7
25 6
24 29
41 46
4 5
19 39
18 43
19 42
0 11
39 9
1 48
32 7
40 7
14 15
46 20
43 16
45 10
38 18
10 42
45 11
12 40
5 8
25 30
30 18
34 38
28 16
46 25
15 19
47 17
49 25
9 0
41 32
44 43
2 34
8 10
49 34
16 26
28 40
23 22
15 47
41 26
28 34
18 27
11 24
36 10
36 5
30 22
37 35
33 34
15 23
12 25
34 23
21 22
34 25
32 29
18 20
24 41
36 1
19 49
33 0
36 14
17 28
18 46
49 18
44 28
3 36
40 48
25 41
0 19
47 34
47 18
13 3
14 21
34 39
29 36
22 3
34 37
43 9
16 27
24 28
8 6
40 11
31 23
5 29
6 5
20 23
4 24
17 16
30 19
46 30
42 46
30 48
23 37
21 3
35 28
11 7
39 14
23 44
28 46
37 16
23 43
31 48
1 25
47 30
20 22
24 13
26 11
6 28
18 35
45 43
40 17
40 36
21 28
5 45
23 9
22 44
24 46
10 22
39 32
18 21
21 30
13 17
34 13
32 42
49 39
36 25
34 12
27 13
2 39
48 25
37 3
3 10
5 39
9 27
2 8
0 42
48 35
13 16
13 38
