50
265 9 915 399 61 34 286 421 457 574 112 283 206 607 771 127 884 128 903 270 694 204 186 92 329 476 137 467 290 330 437 920 814 231 869 649 290 423 526 443 289 950 242 883 921 133 898 145 662 258 
10
232 638 11 140 975 845 280 167 606 654 
500
1 26
5 24
43 35
27 42
49 48
41 14
35 12
38 7
18 20
31 29
34 15
49 5
33 6
43 4
7 24
46 1
18 10
25 16
27 31
33 18
13 9
19 1
32 36
19 22
23 8
31 22
4 49
47 23
42 9
11 21
21 13
6 17
34 13
1 34
10 36
12 2
27 20
1 36
9 17
15 25
3 30
0 36
20 45
46 26
35 22
18 32
45 5
29 36
10 0
43 47
7 40
9 32
28 25
14 25
12 23
3 12
2 30
37 33
22 39
37 48
1 45
6 22
21 42
40 2
49 12
46 5
45 28
17 14
40 46
15 31
25 46
3 24
6 16
3 7
49 15
25 35
11 7
1 17
20 39
4 8
18 5
1 35
10 8
19 30
49 14
41 31
35 0
43 2
28 40
31 38
24 20
43 45
45 10
45 15
40 14
16 32
41 45
19 3
29 10
0 15
16 5
34 46
12 41
41 46
24 31
10 46
14 27
34 37
46 15
43 13
37 21
9 20
23 29
41 34
30 7
38 23
21 48
30 4
33 24
6 9
43 41
49 11
6 18
31 6
8 12
49 30
46 29
4 41
29 42
8 16
13 7
44 26
27 3
0 12
25 2
18 40
9 3
15 8
37 27
44 43
29 35
29 30
44 21
6 11
11 48
13 3
43 30
4 21
41 40
4 1
40 45
9 39
43 20
28 16
2 19
38 5
40 34
2 21
42 33
32 13
45 48
31 32
10 38
25 32
7 25
3 2
34 38
22 41
22 23
6 35
0 8
43 21
19 5
20 11
41 17
16 22
27 1
13 8
26 35
32 4
48 9
32 22
48 10
27 35
46 42
27 45
2 18
45 42
20 22
7 37
8 40
48 44
15 5
15 33
7 36
24 46
33 49
23 20
10 15
20 3
17 45
49 24
43 9
1 22
22 11
5 7
29 3
46 16
0 21
46 13
17 28
18 31
28 14
37 1
17 25
34 11
39 16
32 0
21 40
26 17
33 21
6 28
12 5
45 38
7 49
6 46
35 13
14 32
35 47
9 0
48 5
10 11
22 0
12 48
29 34
42 39
26 19
18 28
49 47
17 32
27 40
48 13
9 28
37 46
18 1
41 24
44 45
0 3
46 47
19 31
18 11
42 13
20 34
47 17
12 28
16 30
22 12
4 22
15 27
48 43
23 3
3 34
35 9
36 41
44 5
24 25
44 18
2 4
33 36
4 17
17 20
4 28
4 14
49 43
15 23
16 34
26 14
45 26
2 16
6 26
19 12
5 34
30 35
3 25
0 14
1 3
12 26
17 27
29 47
41 47
12 16
16 20
16 35
41 15
30 32
46 11
34 42
17 16
30 15
0 26
28 2
3 40
44 29
45 35
25 9
45 19
16 37
26 38
6 2
5 25
37 22
32 35
28 34
14 6
14 39
3 33
21 39
38 36
10 9
38 18
19 11
12 15
26 22
22 42
14 44
12 44
12 7
16 1
37 36
2 29
13 38
30 26
7 16
49 36
3 47
25 38
10 22
14 22
47 16
37 4
14 34
48 14
10 47
18 46
3 31
49 10
20 32
25 6
4 33
24 37
0 5
19 21
14 36
39 31
4 38
23 11
29 1
40 13
17 42
6 5
14 10
15 17
13 1
36 23
36 46
10 4
27 18
26 7
2 9
44 38
2 41
3 17
35 41
47 20
19 27
18 47
47 4
8 48
26 36
32 37
43 10
48 39
12 42
37 35
7 19
3 42
22 29
43 42
47 28
0 29
36 9
2 49
10 28
8 45
42 24
0 47
28 0
23 33
23 49
43 26
8 34
43 36
39 43
13 18
32 3
41 18
9 4
8 21
9 24
37 20
13 28
31 30
18 25
32 1
41 39
24 12
46 4
14 24
17 0
34 2
18 19
46 17
35 7
47 33
30 5
45 31
1 7
44 31
8 27
10 24
32 12
15 37
48 38
9 5
5 13
15 16
30 36
31 4
24 8
45 6
43 40
43 34
49 9
35 15
33 31
19 29
23 18
11 36
7 22
33 13
9 11
8 47
4 44
28 22
33 22
26 15
30 14
35 44
45 12
19 34
2 26
3 6
44 49
12 43
15 36
39 19
34 36
11 37
28 24
20 1
18 43
8 38
27 6
44 24
29 43
26 29
26 37
21 32
7 0
5 29
18 42
15 47
19 20
22 27
4 15
35 42
13 30
24 43
0 30
18 49
9 38
32 33
47 24
22 48
26 13
8 18
14 13
23 46
45 46
37 9
