50
535 468 510 410 355 447 519 27 504 124 719 570 725 403 526 86 23 328 647 915 108 308 748 737 531 470 600 495 790 980 422 16 390 753 590 384 41 189 624 41 661 290 577 948 282 313 339 893 450 783 
10
414 995 911 878 653 882 512 784 102 51 
500
15 48
19 6
33 48
15 40
12 3
26 9
44 11
49 30
33 13
19 36
17 40
32 37
37 45
33 40
32 31
15 36
34 48
27 41
49 26
31 44
22 17
42 29
4 36
10 16
30 28
44 9
15 20
26 48
39 13
25 18
25 28
23 6
46 41
42 13
49 14
4 40
34 41
10 29
35 36
48 1
11 27
44 15
24 5
21 48
45 42
47 30
33 7
24 41
22 32
35 39
25 2
40 38
6 17
43 22
28 31
20 0
23 47
28 38
48 46
35 29
31 26
20 35
20 38
34 8
29 9
12 18
29 32
4 22
27 9
16 7
16 13
16 18
10 4
49 37
21 47
49 2
15 0
30 38
18 6
48 30
21 12
38 42
35 24
27 28
44 16
42 15
43 4
46 4
39 22
22 9
33 44
6 15
2 27
28 29
33 1
28 12
34 4
11 34
44 30
16 45
32 7
16 2
17 36
2 10
34 40
5 14
27 30
30 32
15 14
8 4
13 34
36 14
46 13
47 28
11 14
49 13
22 15
6 14
10 17
47 18
9 12
14 9
38 46
5 37
12 16
16 46
43 6
10 26
38 16
27 29
18 45
37 28
11 32
19 31
19 44
33 42
19 5
22 35
25 48
46 0
23 20
20 36
37 40
2 20
25 39
0 23
34 21
10 18
18 41
42 10
43 25
6 37
3 45
25 30
43 26
39 4
36 49
34 15
41 42
22 37
22 10
34 2
15 41
19 8
43 31
25 10
47 43
1 28
17 32
5 8
20 19
21 28
41 43
14 3
39 23
29 44
37 31
10 11
32 44
18 40
4 28
45 32
12 25
19 25
5 44
22 6
6 29
48 6
21 6
31 20
23 11
28 0
0 2
34 49
45 29
14 45
28 48
40 28
29 8
45 10
23 13
25 21
32 3
11 49
46 44
44 20
4 19
12 13
26 34
40 29
41 25
35 23
30 11
20 8
49 25
11 5
48 35
43 5
35 4
29 36
26 29
30 22
46 8
1 37
5 41
33 2
5 13
2 21
32 14
0 35
42 39
32 42
33 8
42 19
17 14
26 6
30 21
2 35
28 3
37 43
9 35
15 12
43 12
21 36
46 21
25 35
0 14
10 1
19 46
49 44
35 45
11 9
15 32
34 39
49 31
11 36
16 4
29 47
2 11
24 33
11 24
8 36
21 22
11 46
26 12
48 27
44 21
41 38
47 36
44 34
17 16
48 41
1 11
15 5
16 8
16 47
4 45
37 46
38 49
13 17
30 4
44 48
34 31
41 49
14 2
15 47
9 34
25 45
36 1
23 40
1 25
5 7
9 39
26 47
9 46
17 45
47 6
22 19
27 38
5 39
29 20
48 40
5 27
26 25
28 39
0 29
2 31
32 23
4 9
8 9
27 4
12 45
19 24
8 21
44 1
39 6
48 7
41 11
24 48
4 11
33 21
12 47
6 41
45 22
24 22
42 14
5 20
22 34
32 9
1 0
32 10
47 17
30 23
43 9
46 40
20 42
47 41
4 49
7 43
7 19
24 44
31 11
48 18
23 4
7 40
31 48
27 24
33 30
47 39
18 46
18 38
38 26
3 9
6 5
14 18
49 0
42 37
25 16
12 6
36 33
36 16
7 49
34 42
4 20
6 25
10 36
45 30
30 40
37 10
2 4
41 28
39 3
47 13
26 11
38 24
42 36
39 33
37 16
46 26
34 1
38 17
20 32
27 36
13 24
8 25
44 47
33 43
2 9
24 17
4 24
16 32
42 47
30 15
29 3
21 16
45 26
36 34
34 46
36 37
3 5
20 22
35 47
42 7
23 25
19 32
36 39
4 31
27 21
21 20
28 9
32 41
18 37
13 8
5 33
9 31
48 13
28 45
21 19
5 49
19 16
5 46
33 45
20 46
26 17
41 0
39 15
29 15
11 28
17 21
38 29
42 24
9 45
38 45
12 42
25 3
3 48
30 5
23 42
6 20
18 17
31 33
2 48
49 29
38 23
42 35
6 40
33 6
35 8
13 30
25 15
3 22
38 15
18 19
17 9
27 10
7 25
24 32
39 0
26 24
23 24
11 18
2 45
23 41
29 12
30 16
3 24
34 19
19 41
39 16
2 5
11 7
43 38
35 32
41 7
20 27
28 6
7 15
39 21
7 23
3 27
32 34
48 16
11 42
37 38
7 31
46 49
41 44
44 7
47 40
8 11
40 0
49 10
2 12
33 11
0 31
24 46
11 12
21 40
35 31
0 4
