50
807 750 151 412 201 397 824 874 267 529 751 79 87 537 51 822 382 961 417 515 816 60 851 369 445 591 155 822 944 206 304 410 296 835 792 176 969 732 50 46 474 557 159 506 397 578 515 434 87 793 
10
815 960 335 783 639 858 997 846 263 263 
500
12 46
20 49
48 21
14 40
30 29
16 33
11 27
17 10
42 11
12 16
24 22
0 41
41 19
38 4
27 14
37 20
39 32
16 48
38 7
10 26
18 37
23 3
11 20
32 40
31 26
4 47
2 31
30 31
18 45
28 36
16 30
16 49
44 5
35 41
31 18
26 4
45 2
42 33
42 19
47 16
0 31
0 49
42 14
44 31
11 40
25 1
49 15
31 4
27 16
9 4
17 1
17 49
34 19
41 42
26 45
1 45
33 22
21 40
16 5
0 36
46 7
44 27
26 36
41 34
3 38
48 7
39 14
24 35
27 47
12 40
24 34
8 49
29 26
6 42
19 23
4 27
8 23
18 28
7 45
25 29
0 23
39 20
1 24
23 14
22 16
32 23
29 31
41 5
24 30
18 30
14 15
36 4
26 14
5 4
11 35
4 13
41 47
6 5
6 17
49 24
12 17
39 23
21 37
6 41
27 21
44 6
26 30
41 37
25 48
8 24
4 37
39 7
23 9
21 0
44 46
15 3
20 45
3 22
42 22
5 42
14 24
28 19
7 8
42 24
7 1
43 0
8 33
0 8
14 28
20 44
3 14
36 24
29 19
44 15
25 41
48 49
13 0
38 2
14 34
19 16
25 27
28 2
22 15
1 13
47 36
31 1
14 41
3 1
31 13
5 39
22 14
4 15
10 44
31 12
18 26
42 10
26 15
22 0
24 6
43 13
6 39
40 38
44 25
34 11
42 16
0 2
8 10
7 21
5 13
27 24
3 9
17 25
5 31
37 40
17 27
10 28
35 19
5 28
40 30
1 34
49 22
2 34
18 36
15 8
43 8
29 37
45 30
16 11
22 18
17 4
6 12
13 30
35 43
25 11
47 37
6 23
3 18
40 48
31 10
47 28
19 7
21 3
15 17
14 6
3 47
12 2
10 3
34 49
12 41
7 36
35 8
45 22
40 31
25 45
34 20
43 20
20 48
49 7
38 14
38 17
37 45
30 3
17 23
2 43
36 12
17 40
36 5
6 20
26 35
2 17
44 29
17 13
10 38
23 28
35 44
47 31
7 15
14 45
32 11
8 5
2 7
33 25
22 27
11 38
1 38
12 37
42 25
12 48
21 20
19 4
47 30
6 9
26 28
6 27
13 2
46 3
18 43
19 48
17 42
37 33
49 30
28 38
42 48
37 2
34 27
5 18
28 4
0 39
26 40
45 28
5 10
6 19
2 8
10 41
23 41
46 36
47 45
43 46
33 41
33 20
22 44
49 26
6 10
38 46
27 39
27 41
32 37
21 43
13 46
19 44
17 26
38 45
27 32
48 36
3 0
37 34
13 3
5 35
0 11
31 28
46 15
39 26
39 11
36 20
48 0
37 30
38 20
13 10
23 5
18 20
13 37
6 40
43 36
26 3
39 33
27 38
45 44
29 20
24 21
40 4
9 1
44 13
36 29
18 9
19 10
22 34
10 11
36 32
15 6
18 25
3 19
35 45
6 33
27 9
11 30
2 3
6 35
20 0
26 2
4 33
36 33
15 10
17 36
0 17
32 45
44 2
29 39
28 20
20 16
21 28
35 22
41 43
29 13
20 35
49 9
5 47
34 10
34 13
11 48
10 22
7 44
8 12
10 43
37 24
24 45
28 25
49 32
37 9
7 34
34 31
24 46
24 12
29 34
19 2
28 30
47 26
8 37
43 28
4 42
22 36
21 34
23 24
9 28
1 30
43 44
1 37
49 36
41 44
43 4
29 3
32 9
47 10
19 32
39 22
26 20
10 45
19 45
9 47
0 16
27 18
38 35
44 26
39 48
36 39
34 35
30 35
43 22
5 33
27 33
19 11
13 49
37 23
14 47
6 30
26 12
40 28
34 15
44 17
16 26
29 12
49 11
4 22
46 0
32 22
7 43
33 18
25 31
3 25
23 40
10 20
1 18
3 40
28 29
46 4
25 46
41 18
33 15
11 15
12 7
25 10
47 18
41 4
21 45
9 31
0 1
15 0
1 6
20 23
38 24
13 9
14 44
2 25
9 15
3 6
35 14
26 22
37 15
36 13
4 1
35 40
35 31
33 46
22 38
5 12
28 6
40 9
20 22
28 39
8 19
2 5
15 23
7 26
23 47
42 44
36 21
45 33
9 42
19 38
3 32
38 33
47 19
17 41
2 35
1 5
12 4
43 38
6 26
27 5
24 44
19 40
11 43
45 42
41 8
9 5
31 48
23 36
5 17
21 17
30 2
30 39
