50
934 735 654 52 311 258 172 852 627 902 803 731 217 793 912 979 566 531 530 432 996 684 902 793 96 341 401 617 290 5 61 493 756 940 708 275 182 362 367 463 309 868 223 661 71 54 996 892 636 322 
10
24 998 78 507 142 404 631 296 252 812 
500
29 6
47 40
48 21
44 39
3 2
12 47
22 20
23 14
21 36
30 37
2 13
15 18
14 20
20 10
25 47
8 48
42 11
7 20
8 11
16 36
11 48
5 26
44 45
33 24
1 26
45 0
18 34
24 15
0 48
40 17
18 17
6 45
49 10
11 20
7 47
9 41
2 5
3 44
32 33
22 40
40 10
6 8
25 0
44 27
46 44
1 24
27 0
24 30
16 6
40 13
49 40
18 1
12 4
7 22
19 22
39 10
26 21
9 34
28 6
46 37
41 46
47 31
47 11
9 18
44 11
3 13
12 48
22 37
41 5
17 15
28 4
32 25
27 11
45 46
41 23
13 23
27 34
5 44
33 4
44 40
26 44
32 14
47 4
44 33
29 33
15 27
22 9
16 20
27 47
26 15
49 3
46 38
36 40
16 5
38 26
11 30
33 20
4 43
24 18
0 46
33 48
24 6
41 7
42 18
47 20
48 19
24 35
1 7
31 18
40 39
23 37
32 13
38 27
26 14
3 29
27 17
0 38
5 20
21 33
19 2
4 25
16 11
15 28
2 35
22 6
18 44
5 39
21 31
2 10
43 39
28 34
21 37
48 46
48 35
47 48
13 36
49 45
17 34
20 3
25 27
16 47
23 24
17 19
16 37
46 31
26 10
34 3
36 6
28 19
21 44
44 31
41 4
8 36
41 20
45 16
49 42
22 32
46 24
15 35
22 48
27 28
37 41
31 22
42 21
23 40
1 29
9 49
43 12
32 6
1 11
39 0
24 8
15 39
15 5
26 46
42 30
15 40
41 40
21 40
19 10
2 1
19 27
14 3
0 1
36 19
21 19
15 23
49 16
11 13
8 4
18 19
5 42
7 39
2 15
29 0
15 36
3 12
26 24
1 19
36 24
42 19
13 27
17 41
35 13
10 43
28 26
39 20
37 7
43 7
48 38
46 32
1 14
29 46
39 1
2 49
22 30
5 38
8 17
47 43
8 5
42 40
2 24
31 35
7 44
7 6
42 1
38 17
34 22
13 38
25 17
15 21
10 22
1 35
37 9
46 19
20 45
38 22
43 11
13 12
42 25
18 23
0 40
17 44
14 41
48 25
44 32
23 11
38 29
23 45
36 37
13 33
36 4
8 9
19 34
19 5
42 26
27 45
28 41
19 45
3 38
1 49
38 40
39 49
14 16
34 35
24 22
2 44
15 3
38 12
12 41
41 24
2 40
37 28
43 19
27 14
42 43
6 12
44 41
16 3
30 3
0 26
48 24
32 10
5 34
29 26
21 38
46 33
15 46
16 29
13 26
17 46
6 23
42 46
48 34
18 13
11 6
29 40
36 46
35 9
4 14
38 41
29 17
39 13
31 45
36 17
23 30
4 2
32 39
31 39
2 6
12 16
45 35
10 9
9 21
25 23
47 17
28 32
23 42
3 48
7 38
36 34
18 22
2 16
45 38
27 5
18 46
0 43
41 11
46 12
17 4
20 26
3 5
9 11
25 1
42 48
4 39
29 2
32 20
47 29
49 0
22 42
30 27
16 48
47 28
38 6
32 21
14 34
43 49
21 8
20 27
25 36
35 4
49 7
9 24
46 27
6 26
42 14
46 4
43 14
29 30
23 47
23 19
35 16
11 0
15 22
39 11
10 42
39 23
47 30
6 14
16 26
15 41
28 5
8 37
17 45
28 14
38 4
30 43
5 36
7 28
33 30
30 13
12 23
45 28
29 20
44 35
46 39
24 28
31 9
34 41
38 19
49 5
40 30
20 49
33 25
30 21
14 0
16 44
35 25
10 38
46 1
6 41
42 24
32 43
41 1
15 47
36 42
17 0
16 28
29 11
25 3
18 7
45 47
15 31
37 2
15 11
37 47
14 15
41 39
22 27
22 35
6 48
21 27
0 32
9 40
27 41
49 31
25 20
39 34
34 25
32 23
13 24
4 42
22 1
36 29
14 46
9 32
24 39
22 46
16 23
48 37
10 21
24 25
16 25
40 48
48 20
26 8
43 21
7 33
26 47
10 34
3 6
38 1
32 7
29 37
15 16
48 29
39 8
29 10
15 4
40 5
27 39
47 1
9 29
15 6
25 41
25 39
9 25
13 10
38 23
9 38
22 21
26 36
46 49
9 12
25 7
43 17
5 46
10 23
26 41
5 48
14 2
8 47
49 32
17 9
40 8
10 24
13 20
31 30
16 31
40 34
32 5
17 35
49 19
10 11
3 27
13 48
25 8
21 35
17 2
