50
206 512 575 880 534 853 532 722 752 884 270 419 537 328 644 163 448 328 564 557 900 567 934 709 223 894 427 810 578 482 19 302 782 840 915 479 486 486 614 563 346 942 220 645 578 754 875 10 320 681 
10
305 163 396 224 376 411 613 445 523 968 
500
35 34
48 9
25 11
0 8
33 32
5 39
10 39
29 38
32 25
12 35
24 49
17 5
13 5
49 40
7 5
9 20
36 30
17 33
27 2
12 29
14 49
32 19
4 23
39 2
36 3
21 31
5 31
42 40
19 40
25 26
49 37
3 46
47 38
44 39
18 43
47 41
45 3
6 2
17 12
1 28
1 12
11 28
23 6
22 27
14 18
34 29
48 44
9 18
1 6
40 35
28 26
28 0
41 24
12 47
1 2
5 43
42 1
7 27
21 20
2 0
47 10
47 23
17 2
36 15
17 13
10 13
46 37
0 21
21 6
49 36
34 20
35 33
4 0
33 42
13 19
36 9
29 35
19 35
46 6
32 47
25 0
33 8
0 30
45 39
22 6
34 42
43 48
18 45
2 16
12 39
40 17
0 14
5 12
19 17
38 6
21 1
5 29
32 23
27 14
14 30
17 11
9 22
4 10
21 24
7 47
26 19
44 35
29 20
32 36
43 11
19 7
24 20
32 2
31 34
22 31
17 46
11 10
37 48
10 46
41 17
5 44
10 37
27 31
32 5
1 37
1 13
37 29
44 18
26 9
45 40
16 45
38 19
39 42
15 22
23 20
11 22
15 9
16 8
13 32
15 12
3 40
21 17
15 37
15 40
48 30
39 3
1 25
40 29
39 20
40 18
1 16
20 15
28 47
13 39
45 47
13 11
18 27
36 11
45 43
18 21
31 10
13 30
48 13
21 25
12 34
33 41
48 15
25 40
38 37
4 45
12 19
12 23
2 49
24 30
15 0
49 10
35 23
12 13
20 46
49 46
30 34
9 39
21 39
8 35
5 22
30 27
38 32
13 24
17 28
23 2
43 42
49 28
7 30
31 14
45 34
36 26
35 42
14 33
20 2
4 8
1 9
2 33
12 46
47 30
3 28
15 34
47 39
43 33
6 3
39 31
13 4
11 44
3 14
41 46
13 36
45 31
34 27
40 22
48 35
35 49
13 29
5 0
13 42
44 34
47 27
8 36
17 20
21 32
6 33
5 19
27 24
0 3
6 30
33 19
42 0
22 20
5 14
43 24
34 38
0 31
23 36
1 15
41 15
13 23
10 18
33 7
39 16
27 49
37 36
2 4
12 3
49 11
16 14
27 41
37 25
10 45
31 20
2 10
20 12
9 43
44 2
34 32
36 42
8 22
37 0
42 46
4 24
9 24
8 34
23 16
45 1
16 43
0 19
40 11
25 2
43 27
27 15
47 48
22 13
40 7
6 39
7 12
37 20
9 34
9 38
35 25
38 0
1 40
4 7
6 32
15 33
36 40
44 38
49 16
3 9
14 47
32 10
30 49
30 20
6 28
13 33
7 26
4 20
33 23
5 37
41 43
42 22
44 43
3 37
28 45
7 13
26 8
17 49
6 47
39 37
47 15
15 7
33 26
43 20
10 41
29 14
39 28
24 25
33 31
20 42
37 18
21 29
0 9
33 4
19 41
44 19
30 42
21 2
30 33
1 34
44 7
33 25
26 44
11 31
6 26
34 3
9 40
35 5
15 17
20 14
34 4
31 9
26 39
42 32
6 7
6 19
5 2
34 48
35 0
5 26
38 28
3 49
48 3
31 29
6 17
0 47
35 28
1 4
12 14
45 8
31 30
1 33
21 36
23 0
9 27
26 48
20 41
37 17
34 11
28 10
34 36
13 44
38 13
46 2
48 27
25 13
24 32
26 4
42 25
39 34
32 44
9 6
30 25
3 30
23 49
45 6
48 25
8 32
48 2
38 20
4 37
7 8
19 10
11 14
44 31
47 2
48 5
32 17
0 10
9 14
3 17
19 22
9 7
34 25
12 26
41 34
40 44
9 45
18 26
37 7
31 38
37 12
23 7
23 45
17 34
35 11
21 12
7 16
33 38
21 35
41 5
24 2
35 26
19 14
13 43
30 5
24 3
11 26
6 5
35 20
10 7
30 29
18 29
31 37
17 47
44 28
17 23
45 30
10 12
31 35
26 3
39 4
1 29
17 16
44 17
47 34
8 15
13 35
5 20
15 16
5 49
38 10
10 30
24 17
4 47
30 11
24 42
32 45
6 20
49 9
36 31
9 33
15 10
2 12
8 13
8 19
29 28
15 45
32 46
25 17
23 46
14 37
13 34
36 46
28 7
10 14
42 19
23 19
11 7
14 45
13 47
11 1
35 10
40 12
38 45
2 38
36 45
43 47
22 21
48 39
17 43
40 4
35 2
44 37
14 25
