50
629 973 309 473 881 59 197 131 920 642 654 783 501 207 123 851 393 764 872 661 19 886 615 697 191 520 898 203 653 910 547 18 855 706 793 797 802 464 929 269 387 828 817 841 762 748 501 272 497 675 
10
660 390 406 990 113 83 764 511 979 236 
500
44 1
7 22
44 5
46 18
33 8
31 42
26 41
47 0
10 4
44 3
11 22
26 39
14 8
41 11
24 31
25 9
10 42
13 29
36 45
9 11
25 31
39 38
8 30
31 40
16 19
12 40
26 29
29 34
23 17
26 17
43 30
17 2
0 20
47 4
32 47
19 42
45 48
8 45
11 32
37 25
6 26
48 40
7 26
3 10
11 10
30 41
1 39
5 20
48 32
7 19
21 46
31 43
41 9
4 27
4 14
22 27
36 25
46 31
0 28
49 29
46 7
4 13
16 46
48 12
22 23
11 42
38 48
10 44
16 28
40 2
8 41
20 25
46 38
42 3
8 31
3 37
8 7
44 25
34 26
36 35
28 31
49 39
43 40
46 43
40 15
31 16
44 37
4 24
24 23
43 20
44 17
11 2
7 40
7 0
18 1
31 35
18 49
14 43
37 33
40 32
18 30
10 35
31 14
43 8
43 1
45 14
14 47
34 45
49 28
27 26
27 19
46 34
3 40
33 13
44 12
0 32
0 33
48 44
18 25
14 42
5 46
37 4
49 11
15 30
20 23
35 30
17 49
25 23
44 22
33 25
33 24
40 26
49 16
5 40
18 23
4 28
3 18
1 0
7 3
34 17
3 31
42 15
6 11
41 21
9 26
1 49
7 23
30 31
8 12
32 49
17 7
14 19
11 39
40 42
30 48
15 19
20 8
9 40
0 8
28 33
16 2
12 31
6 16
31 44
33 12
48 7
8 2
2 26
33 5
12 37
1 28
41 45
33 45
36 16
10 39
25 35
46 24
28 7
6 40
46 4
45 32
15 17
14 3
17 36
35 7
45 18
2 29
41 27
47 16
49 34
29 38
2 19
24 13
27 18
11 40
12 13
39 23
6 23
36 49
38 11
2 15
1 15
1 26
15 12
28 35
22 17
31 18
5 15
35 29
18 8
20 1
32 9
18 36
20 32
41 47
3 32
44 35
43 39
14 20
40 20
2 5
47 20
43 35
8 29
16 5
28 13
32 26
21 47
46 1
20 27
3 6
10 20
11 3
21 22
39 42
8 32
47 10
5 27
41 15
30 40
29 32
35 47
26 45
28 37
25 47
43 15
46 37
32 17
20 18
32 31
43 38
44 6
46 13
35 1
3 48
6 49
38 27
25 29
41 4
22 41
21 35
40 24
10 27
22 39
23 8
32 30
44 18
41 34
0 48
11 4
32 14
34 32
29 31
31 38
5 47
5 24
16 8
2 18
18 35
22 40
37 32
34 23
4 34
26 25
5 43
35 12
0 10
6 45
20 42
45 9
14 25
28 6
15 13
26 23
17 38
17 10
29 46
8 40
14 33
24 32
37 30
49 37
36 9
39 46
5 38
35 20
0 35
4 33
32 46
0 29
9 49
20 36
31 49
32 1
13 36
24 47
8 28
44 26
23 5
42 23
27 17
11 18
17 18
1 30
20 11
43 23
4 1
2 22
26 31
33 19
34 33
19 17
9 10
18 13
0 6
18 15
24 42
42 29
47 34
49 19
5 35
16 22
21 49
5 10
3 46
46 22
48 37
45 15
18 41
18 0
16 35
8 38
30 11
38 13
28 3
1 21
18 37
42 1
26 0
17 47
12 11
45 40
48 22
38 33
9 2
14 10
6 17
19 25
8 44
41 16
25 5
29 20
17 0
36 11
30 33
4 16
44 39
45 22
22 36
13 25
27 36
48 42
31 13
11 8
5 49
26 42
37 13
7 11
24 30
12 32
45 11
5 9
36 4
12 46
21 20
44 19
40 16
28 44
18 48
2 25
30 7
30 36
27 14
1 19
23 16
42 43
9 31
22 10
24 29
43 26
34 30
12 1
41 17
12 18
37 19
18 38
30 25
10 2
13 48
29 47
4 5
23 27
22 25
7 43
9 0
28 40
0 19
29 45
39 21
7 2
19 45
1 14
14 34
34 25
49 3
46 27
37 9
10 41
31 6
1 47
32 21
4 17
34 2
28 39
23 44
5 26
6 37
36 34
32 2
40 13
6 22
5 6
31 21
36 15
17 30
12 43
35 22
42 5
18 34
44 0
32 35
7 14
20 31
3 4
33 42
42 16
40 21
21 12
46 44
26 21
14 17
30 5
49 24
40 36
39 7
27 7
37 35
46 49
18 6
3 47
1 8
18 14
4 43
37 0
14 21
6 38
11 46
9 24
27 9
33 39
22 33
26 12
42 37
1 6
43 18
33 43
4 35
45 20
33 18
39 37
