50
265 523 435 543 214 391 851 745 937 721 53 49 682 849 194 91 164 692 691 750 33 89 188 632 438 637 939 423 75 715 463 752 417 737 200 353 346 178 417 530 687 512 561 812 702 74 31 412 121 951 
10
808 989 898 859 118 777 828 171 535 892 
500
39 22
19 10
5 13
16 24
32 6
25 24
42 38
45 38
28 0
7 1
32 35
4 42
34 35
32 15
9 44
8 0
8 4
3 7
21 35
11 27
26 38
25 28
30 6
31 35
44 34
8 43
39 37
16 43
40 36
45 7
16 0
2 22
5 33
2 11
30 16
3 34
33 26
5 15
31 29
46 27
47 30
31 22
39 2
6 38
2 15
5 20
15 8
31 13
47 29
4 11
35 0
0 48
10 23
48 36
16 36
7 37
13 2
30 43
17 34
35 47
31 17
3 4
22 46
11 23
48 17
38 10
30 36
37 9
27 24
9 23
17 26
28 2
6 25
18 31
36 37
10 21
16 37
48 34
24 11
48 7
39 40
27 45
48 11
33 17
27 23
23 35
41 19
4 6
15 41
25 39
20 31
14 34
27 22
38 31
32 17
37 17
14 2
23 18
1 39
32 14
20 46
10 16
13 30
27 3
12 39
34 43
24 35
21 49
45 4
14 13
2 24
39 31
12 23
33 37
11 7
30 19
36 45
35 18
19 32
26 40
34 41
28 32
21 41
25 7
15 16
13 19
6 45
24 6
12 22
7 47
34 21
43 9
44 4
21 23
19 22
13 27
46 30
9 21
25 31
18 40
25 37
44 15
1 20
12 33
23 43
3 47
16 32
0 10
27 49
47 6
48 15
3 19
23 32
16 41
45 44
34 40
47 36
1 49
1 40
10 26
36 1
27 7
34 0
47 15
30 11
2 19
39 27
18 11
27 4
35 2
13 33
30 12
38 47
31 7
30 27
10 22
20 34
46 16
16 8
40 10
26 7
4 28
12 7
17 8
3 36
12 46
9 40
40 31
8 48
11 20
23 26
0 2
27 33
35 16
33 19
20 29
0 47
0 4
5 23
32 49
6 42
1 18
22 11
29 39
43 19
11 29
32 47
31 45
29 36
9 3
3 30
43 4
18 20
33 45
39 15
46 23
21 32
30 25
13 46
7 13
26 3
35 49
31 4
42 44
37 35
0 27
22 4
47 33
39 44
5 47
4 1
31 23
7 22
5 7
44 30
16 1
36 24
32 40
39 7
12 0
26 19
27 37
20 30
46 49
23 39
46 26
45 9
7 21
22 49
26 2
5 30
5 37
9 16
16 45
0 22
43 0
30 4
6 11
43 37
1 21
35 17
21 12
0 14
35 30
2 30
40 22
10 34
45 5
25 21
9 7
25 13
18 42
17 49
41 31
6 3
22 23
13 3
48 1
43 46
42 49
12 8
6 17
43 13
16 33
13 41
40 37
23 8
12 10
26 24
37 48
34 18
21 2
41 35
1 32
42 9
43 22
19 0
7 41
47 34
7 6
22 37
26 42
30 31
33 32
43 11
13 49
19 46
27 6
27 41
4 7
6 33
33 36
29 4
46 0
4 49
6 0
49 7
38 16
22 13
41 14
15 29
24 44
33 9
15 31
13 9
3 23
36 20
26 1
1 12
45 23
30 18
34 4
46 48
40 47
28 36
18 49
49 5
23 0
16 39
22 9
33 49
10 42
38 32
26 41
37 30
38 5
34 12
42 8
15 4
20 21
8 37
35 14
31 37
6 46
37 4
25 45
1 19
2 16
11 34
46 41
49 2
41 48
33 38
35 22
43 27
5 42
32 2
21 4
36 21
9 27
25 3
19 8
0 38
42 7
45 1
5 19
24 20
32 9
9 38
14 49
10 27
43 48
46 5
12 17
15 22
30 49
10 30
8 2
29 37
8 29
24 3
41 39
19 6
6 18
36 38
9 0
16 17
36 15
3 32
28 42
1 17
49 20
38 46
20 2
41 12
9 4
40 48
32 41
14 6
35 4
13 17
17 46
39 8
23 36
20 43
4 13
10 18
36 22
25 35
44 23
28 24
35 10
42 21
28 19
28 38
25 9
13 45
15 24
19 4
36 9
13 29
35 7
12 32
38 12
33 40
34 7
3 1
10 4
46 24
7 10
25 23
48 47
44 3
36 32
3 48
2 1
33 29
23 40
34 37
43 5
45 3
1 46
11 0
38 25
43 40
15 46
45 19
17 2
22 21
41 43
13 28
38 35
6 37
24 12
13 47
8 27
4 48
44 18
46 37
9 24
40 49
3 35
0 24
8 6
34 29
31 12
14 20
35 26
20 0
46 47
24 4
16 21
29 10
25 49
44 25
26 12
44 17
18 5
13 39
36 13
40 30
22 3
15 9
1 22
44 2
49 9
26 28
15 37
44 21
3 20
