50
970 859 927 262 725 776 356 357 397 621 35 145 239 971 931 802 159 398 520 820 221 746 489 204 656 894 543 304 381 651 923 318 36 766 855 766 262 949 645 429 185 304 540 198 587 257 370 362 985 206 
10
502 993 281 648 934 61 785 428 855 323 
500
34 3
48 19
28 29
31 43
40 29
2 21
4 28
34 13
37 20
16 31
15 11
30 21
47 44
31 44
39 47
29 5
30 13
42 35
19 24
46 5
8 11
26 8
37 39
17 27
7 5
21 22
38 19
30 48
9 29
6 45
44 33
7 9
18 1
48 31
10 27
12 23
25 22
14 42
11 25
27 43
47 13
43 0
44 49
45 16
48 7
18 38
26 11
45 21
21 24
6 32
26 33
39 21
7 14
37 41
43 24
19 32
26 28
37 12
3 32
8 42
16 7
4 13
12 16
40 21
27 26
36 43
9 0
2 35
9 41
7 33
42 1
37 5
48 6
32 25
39 43
29 23
19 23
35 21
3 13
22 6
22 44
34 28
37 4
3 17
46 33
11 27
38 41
29 19
39 20
18 20
30 39
17 21
35 20
40 9
0 47
8 21
33 6
31 23
5 49
15 3
30 41
35 16
6 44
5 20
15 39
3 12
23 36
16 43
0 22
28 38
33 9
2 30
34 11
49 48
6 21
45 8
46 18
32 41
6 36
7 0
16 6
11 0
41 47
9 5
48 40
49 33
13 16
47 49
20 25
34 47
1 2
35 7
19 18
46 38
49 19
48 5
48 0
2 17
2 36
24 48
46 42
13 43
37 47
21 31
32 18
20 16
8 49
27 39
20 42
42 21
31 29
24 32
36 13
0 20
29 24
6 42
35 33
19 4
35 12
34 0
31 33
25 6
16 49
25 39
12 40
43 47
6 26
44 45
46 30
43 21
0 36
11 6
34 20
17 32
35 45
15 32
29 0
3 8
41 11
43 10
38 8
20 48
19 45
14 19
17 39
1 41
18 37
22 47
29 14
33 10
24 35
17 9
23 49
18 10
20 36
28 10
49 6
29 39
1 6
49 0
6 39
20 1
8 20
28 21
34 49
22 8
10 12
9 12
37 49
21 1
41 22
30 8
23 5
42 48
10 44
34 31
16 30
15 40
15 12
9 45
2 25
44 15
4 20
0 27
45 27
21 27
2 4
2 5
4 29
14 32
21 33
17 48
7 12
40 30
12 20
22 38
38 9
9 16
35 48
14 18
29 18
21 23
1 8
3 29
8 43
12 19
8 32
12 13
29 10
28 16
29 32
5 35
20 19
49 2
39 33
10 46
8 44
0 10
44 9
22 1
40 35
40 38
7 20
34 12
7 8
4 46
35 36
1 11
29 48
5 8
36 1
31 22
6 8
47 15
26 10
17 47
41 6
31 25
27 32
31 6
8 34
6 14
40 36
18 5
43 7
8 40
34 17
37 16
8 16
45 33
23 39
3 39
36 3
42 47
38 39
0 37
13 25
10 1
34 21
7 45
2 33
34 19
43 38
8 48
28 23
21 25
12 1
37 22
12 0
37 26
47 29
19 47
12 33
32 37
42 44
22 40
30 49
44 5
41 20
42 32
12 32
7 32
44 41
43 30
29 33
26 5
7 40
42 26
13 5
47 30
4 14
39 35
14 28
17 26
36 37
17 33
44 24
15 27
26 14
46 15
8 14
23 24
18 30
42 41
32 2
3 40
42 23
9 14
3 2
32 10
2 42
45 49
1 4
27 29
12 21
23 47
9 34
47 46
2 22
6 24
26 18
18 12
17 8
4 35
3 25
40 10
13 7
3 47
35 37
49 29
3 4
7 10
31 17
41 2
32 13
27 23
25 36
16 3
16 26
11 9
41 49
45 15
33 11
48 10
44 3
38 24
47 40
0 45
31 30
36 5
12 42
21 26
49 32
26 36
26 22
11 44
23 41
44 2
38 11
7 4
18 36
24 22
30 22
36 38
48 32
49 22
32 43
10 45
44 23
2 16
13 15
34 2
5 17
46 26
39 12
1 31
26 47
40 0
9 43
11 48
31 40
35 26
41 14
5 38
32 30
15 5
28 33
10 41
29 38
11 46
24 42
24 0
9 42
11 24
16 18
14 45
38 15
37 45
33 24
38 31
25 12
43 4
5 19
46 0
0 44
10 47
21 15
40 28
35 0
0 16
17 10
44 21
6 10
23 32
45 39
48 2
4 24
48 38
28 39
22 46
3 10
27 28
38 6
1 43
4 25
39 18
14 31
45 24
30 6
42 30
21 36
25 5
40 42
20 45
46 40
2 29
20 17
14 30
15 7
22 42
10 4
4 30
2 24
6 17
11 19
22 33
31 47
15 24
14 43
13 11
19 36
14 5
20 21
20 14
28 31
25 14
10 21
2 39
2 11
15 2
