50
55 884 503 872 774 511 891 650 677 345 138 284 602 804 100 142 652 474 176 663 27 836 572 31 669 604 657 100 719 273 335 908 767 871 476 57 244 851 130 654 27 577 150 480 777 21 19 894 707 732 
10
376 680 984 78 943 7 41 334 825 978 
500
42 14
1 34
1 19
4 29
22 11
46 7
21 32
33 22
12 47
37 5
36 27
22 16
34 22
10 22
33 23
40 48
12 48
47 5
7 20
49 23
8 28
33 7
4 18
12 16
47 44
6 30
40 45
44 22
44 9
18 36
17 8
49 41
9 38
18 34
39 26
9 39
42 44
13 20
25 44
8 27
8 36
48 11
39 29
13 0
20 10
44 49
0 22
15 37
31 18
40 42
16 42
47 28
47 11
11 4
46 31
0 17
17 33
38 27
6 31
10 3
9 26
37 11
14 37
32 28
15 17
12 45
16 46
35 17
19 7
32 44
33 41
13 3
46 45
40 33
43 48
36 38
48 28
38 48
24 35
0 6
37 33
41 20
11 32
32 20
8 21
12 11
36 39
18 23
27 19
35 16
33 42
18 22
32 37
4 31
47 41
5 33
6 15
18 38
45 21
27 48
12 32
48 22
2 0
12 41
44 15
39 45
5 31
16 11
16 2
22 26
36 48
6 39
12 1
3 30
41 25
13 39
48 7
1 45
29 19
28 0
6 16
41 21
31 17
39 46
29 5
34 42
49 17
17 25
18 26
43 7
25 0
6 25
27 43
25 15
11 41
9 30
31 0
19 0
1 0
3 15
20 45
33 13
34 14
16 29
33 18
39 10
48 2
14 20
30 35
16 23
10 31
19 47
6 43
16 43
42 3
46 30
8 16
23 0
28 6
4 17
47 36
8 20
36 44
19 40
19 25
21 43
49 37
15 26
37 7
47 35
38 15
49 3
26 28
17 11
3 40
42 38
46 42
44 7
34 28
31 43
2 33
5 12
29 13
18 32
32 6
8 43
45 42
9 21
9 22
24 45
29 48
2 5
47 15
20 44
13 31
12 9
42 19
36 29
26 8
47 3
1 7
8 47
35 19
11 20
0 11
6 22
5 48
30 18
45 30
41 38
32 17
13 40
39 37
20 46
13 37
45 6
1 24
1 35
11 46
43 11
12 49
37 10
28 17
6 18
37 40
9 1
1 33
3 9
29 21
19 30
27 24
13 35
7 12
41 13
34 5
40 46
24 42
20 19
18 0
38 19
10 23
17 27
40 10
31 30
6 9
10 12
7 38
2 47
38 21
40 35
15 20
37 21
43 32
44 23
33 14
45 43
38 12
29 24
12 0
25 43
4 45
22 32
11 35
44 17
46 14
38 4
25 11
45 35
29 35
22 29
16 30
36 46
17 6
3 23
17 46
48 37
5 35
33 3
8 25
40 21
1 42
48 42
22 21
8 30
33 44
49 2
33 6
37 25
45 26
34 2
14 17
11 40
49 21
20 29
16 36
3 38
36 5
23 43
30 17
4 5
31 28
1 20
35 32
7 22
28 40
23 36
25 34
44 31
37 46
39 3
44 19
42 12
24 46
29 38
30 25
6 37
36 11
27 2
12 30
14 29
19 14
0 30
31 39
29 15
24 11
24 7
26 6
28 2
22 40
36 43
11 10
17 24
43 5
2 10
20 36
30 27
32 45
12 40
49 13
22 17
15 42
3 24
44 4
38 16
34 41
48 16
23 31
20 21
24 41
49 38
44 13
9 7
16 5
31 20
27 44
42 5
5 24
46 32
9 48
34 40
13 19
28 3
2 23
20 49
42 8
15 43
40 2
23 30
15 33
9 49
9 36
3 32
4 35
46 27
34 32
19 15
5 32
48 6
23 11
15 30
27 33
16 39
44 5
25 38
21 42
36 33
20 38
35 9
27 5
16 21
13 14
3 43
35 44
11 2
23 41
12 34
7 31
11 18
38 17
30 48
20 17
26 42
29 27
31 22
31 9
38 6
41 28
23 39
27 12
26 49
10 26
44 11
11 14
26 12
14 40
1 14
2 36
13 26
4 49
13 23
2 35
7 11
13 2
7 6
13 11
40 16
32 33
35 41
5 38
45 48
4 39
21 33
36 7
28 42
26 4
10 18
10 17
49 27
28 27
11 1
47 30
14 22
23 42
27 37
6 19
3 29
40 0
21 5
37 26
6 23
11 38
13 9
27 34
3 19
13 47
31 33
23 26
0 34
22 30
0 32
49 42
18 14
31 41
2 9
40 5
47 29
28 11
24 39
13 8
18 7
36 14
48 26
0 27
25 2
36 25
35 31
14 31
27 45
43 19
1 32
10 8
9 23
1 30
13 18
23 48
9 19
38 43
21 46
26 2
24 26
6 11
9 45
23 19
36 15
47 31
35 6
42 32
41 44
29 37
32 31
