50
253 516 411 907 611 946 195 959 804 228 668 109 519 596 542 503 970 427 756 65 352 664 323 444 703 496 696 814 229 187 886 37 18 241 107 749 858 682 955 843 624 758 294 815 558 530 550 823 379 189 
10
979 713 965 800 679 38 803 729 703 559 
50
44 12
37 13
32 33
20 2
16 19
37 25
34 7
17 21
35 23
30 42
42 29
47 12
35 33
31 41
27 5
13 35
28 41
33 39
25 22
23 6
49 45
30 10
8 49
32 38
39 34
20 26
32 5
6 45
24 1
45 19
46 17
20 14
34 38
29 9
12 3
5 12
48 25
15 38
37 48
47 38
26 43
28 1
20 17
6 0
2 25
48 18
15 22
26 18
12 23
10 46
