50
489 237 118 708 339 743 754 316 210 614 397 693 844 560 687 816 106 70 649 782 173 865 61 475 354 918 815 853 978 573 898 16 563 41 897 201 208 64 287 531 623 276 650 696 67 808 157 301 167 613 
10
980 376 568 639 355 834 891 822 686 615 
50
26 49
30 11
27 41
39 28
4 43
37 36
6 35
45 44
31 27
44 8
47 17
9 32
19 6
22 25
9 47
49 30
17 35
17 14
22 13
21 28
46 14
17 7
35 0
32 31
16 0
13 5
39 0
40 47
11 39
8 0
4 16
8 36
21 5
48 12
26 39
11 5
14 44
24 1
24 11
5 10
34 20
39 8
21 18
31 11
0 34
16 19
38 28
25 10
6 7
17 41
