50
398 613 699 873 919 288 571 312 958 867 753 127 681 332 203 807 910 521 163 495 938 103 28 118 739 222 450 743 535 664 409 185 528 189 284 310 162 361 649 367 932 595 278 219 483 81 374 48 159 233 
10
358 113 497 166 920 80 352 510 966 431 
50
4 22
44 18
16 27
1 11
15 17
21 34
32 4
31 14
24 31
15 45
25 26
4 18
29 21
22 14
26 5
1 37
7 46
11 48
2 23
26 41
9 37
30 3
36 29
18 1
3 35
38 35
34 17
28 48
10 24
9 35
22 42
34 19
40 25
7 15
2 45
31 3
35 18
39 45
1 49
8 27
7 33
6 48
41 16
2 34
2 27
39 33
30 10
31 27
38 15
13 6
