50
797 216 398 870 448 481 487 524 322 838 145 42 832 934 629 528 161 697 103 148 114 340 699 657 511 451 740 604 297 414 389 146 98 604 719 969 437 847 775 110 616 748 720 796 172 314 479 224 777 530 
10
889 954 525 624 7 341 405 589 410 972 
50
1 19
28 47
32 41
25 18
20 21
49 34
1 48
31 43
5 24
40 38
29 38
6 10
25 40
33 45
1 6
33 49
31 17
29 35
34 29
45 31
21 2
21 15
41 8
35 1
8 14
28 37
33 4
49 37
49 21
21 28
20 40
27 21
43 38
26 14
27 12
42 2
25 12
21 42
0 33
39 20
34 23
5 15
5 27
0 36
30 49
33 43
11 21
43 35
38 42
12 21
