50
934 34 98 0 749 727 909 599 858 889 941 729 533 930 547 701 608 657 621 37 476 833 775 238 424 703 16 32 505 279 285 756 863 728 331 346 624 38 650 812 906 340 722 687 398 210 609 693 422 157 
10
990 83 156 283 822 589 831 945 144 807 
50
14 36
7 0
10 43
35 6
25 22
12 37
36 17
43 38
6 49
34 7
37 25
2 32
3 39
14 16
25 1
22 26
39 15
8 30
16 6
7 48
35 39
27 47
49 31
17 43
48 26
39 41
14 11
11 31
9 44
11 10
43 24
9 18
30 5
15 8
13 35
25 32
22 13
34 29
8 2
1 32
25 18
1 4
30 35
0 19
42 38
3 34
20 35
47 4
24 8
3 18
