50
418 570 162 302 280 410 289 94 830 271 104 67 733 7 392 757 247 424 585 832 155 70 401 833 153 91 634 477 552 529 941 936 267 51 343 251 98 414 493 530 841 82 262 572 564 194 546 307 317 235 
10
904 449 733 449 990 567 754 877 413 281 
50
31 8
16 49
44 23
43 19
12 7
31 14
35 1
11 28
44 27
21 39
17 31
21 12
1 40
33 21
9 44
44 36
32 18
27 1
36 15
5 11
48 8
1 32
41 29
9 24
3 45
26 39
35 7
7 21
38 33
25 48
16 33
42 11
37 26
18 39
34 27
41 46
22 40
12 49
48 7
4 46
49 20
18 47
5 46
17 0
35 4
1 4
6 36
34 36
44 17
4 18
