50
952 968 678 697 483 668 437 226 706 223 334 586 880 605 703 381 620 33 244 211 95 54 51 702 180 368 223 712 887 189 967 815 411 817 628 893 742 24 325 561 941 269 77 339 921 565 527 631 84 613 
10
732 913 973 131 636 2 383 88 646 10 
50
15 1
0 1
46 44
46 26
13 48
27 31
15 5
47 38
20 39
11 13
8 4
49 47
43 40
6 42
6 27
23 3
9 6
40 3
33 32
45 1
23 39
46 38
33 28
21 24
25 44
11 23
47 39
29 43
18 15
47 14
0 6
38 37
34 36
7 8
0 10
4 11
42 0
24 28
8 37
6 7
40 8
9 40
31 2
42 31
16 14
19 38
33 17
39 35
3 36
10 16
