50
808 912 190 737 913 535 611 438 738 189 489 419 797 818 410 260 793 19 515 209 574 609 847 628 894 756 356 415 809 838 887 798 197 86 533 198 342 834 899 590 580 232 162 725 386 916 377 181 772 295 
10
837 533 698 271 361 142 771 320 751 919 
50
45 18
11 35
2 3
21 3
45 10
30 3
23 20
46 29
23 1
13 43
39 32
10 48
14 24
39 28
23 44
21 43
4 36
33 45
40 11
30 42
39 23
27 49
33 30
13 19
22 24
2 8
23 35
10 15
3 17
27 45
29 39
24 13
0 38
9 34
5 20
12 40
19 7
12 49
30 19
33 41
49 35
10 24
42 23
16 38
11 19
10 26
42 46
7 11
24 7
34 14
