50
722 901 726 73 683 857 64 413 213 905 983 81 183 133 694 433 340 315 655 73 577 976 653 892 786 352 314 909 840 371 430 968 484 561 350 791 824 504 217 516 127 538 322 187 379 187 167 492 33 545 
10
158 536 363 566 953 606 349 811 527 985 
50
16 15
5 18
41 47
35 23
48 14
5 36
46 40
29 14
29 46
4 18
32 20
40 3
0 14
0 27
22 47
37 10
46 37
44 14
20 37
33 44
6 13
35 20
22 1
21 10
16 13
28 24
16 2
17 12
5 31
7 43
36 45
0 21
44 22
44 47
9 27
6 4
47 6
47 27
0 39
16 41
0 26
28 8
45 3
11 40
13 48
34 6
48 27
46 10
21 33
6 30
