50
546 267 524 157 317 636 426 174 872 369 52 313 50 261 544 815 26 811 211 82 860 494 488 806 212 939 217 293 200 82 604 400 132 354 7 132 297 311 878 151 26 896 612 90 435 728 517 487 395 460 
10
179 559 180 654 865 461 264 543 535 967 
50
4 46
5 17
37 5
25 7
6 21
43 9
12 42
36 4
7 1
25 42
22 46
20 41
49 22
15 14
2 24
23 15
32 5
45 49
45 22
31 14
9 0
38 4
12 29
6 42
17 10
33 0
21 41
23 40
24 10
8 40
45 0
24 29
29 7
34 9
46 23
19 37
47 31
36 7
12 48
18 45
23 47
30 1
40 41
34 31
36 39
3 27
8 18
8 9
43 46
42 11
