50
624 966 370 341 602 807 718 906 583 118 168 930 98 43 392 415 332 156 412 978 145 535 409 941 486 506 712 551 159 275 906 724 818 261 173 600 823 580 931 787 740 903 444 783 617 758 497 104 478 514 
10
987 747 326 742 431 975 52 904 990 936 
50
11 6
5 23
34 12
16 26
17 28
39 40
6 43
8 37
4 24
44 9
30 10
39 12
41 29
1 40
14 26
49 21
4 18
11 1
6 16
13 8
8 2
23 47
48 5
42 2
24 28
30 32
42 11
1 26
14 19
15 44
38 30
29 48
41 22
5 45
28 49
23 37
8 21
36 30
35 33
27 44
21 27
36 45
22 14
17 40
6 42
20 46
29 28
14 45
22 35
39 30
