50
22 644 106 501 562 703 26 919 24 874 184 619 635 392 9 478 460 685 416 725 192 79 222 8 561 825 875 967 269 504 274 737 728 515 621 867 462 960 133 728 862 490 552 714 97 285 301 723 234 500 
10
982 910 650 7 697 369 116 842 529 38 
50
21 37
23 24
44 6
20 32
46 16
33 35
22 5
5 19
7 2
18 23
32 18
19 28
22 49
25 43
35 13
16 24
0 15
2 45
11 15
31 9
23 46
41 2
25 2
41 16
11 8
23 37
44 31
24 21
0 19
20 6
15 33
19 44
22 15
19 17
12 20
23 31
47 21
41 47
24 26
7 30
9 46
22 8
37 10
22 34
43 17
41 26
13 1
3 43
19 39
17 20
