50
558 8 570 970 261 522 963 235 710 80 665 20 888 122 650 58 636 9 555 60 624 368 592 485 153 815 239 581 644 810 184 841 138 735 656 977 716 109 67 212 883 827 160 6 958 393 925 879 518 693 
10
797 191 983 183 420 62 561 466 394 154 
50
46 2
30 39
40 43
24 48
44 47
32 20
17 18
40 24
12 15
14 36
42 2
32 13
19 42
31 34
10 22
7 1
28 12
20 26
27 11
21 32
0 38
4 37
31 19
47 35
37 47
24 29
20 8
18 0
5 44
4 22
1 25
25 37
39 47
33 35
15 44
45 5
12 36
38 8
27 40
49 42
49 29
27 8
19 38
4 43
22 37
5 15
27 42
20 17
8 16
32 10
