50
49 303 106 643 536 345 275 950 409 38 559 898 960 382 772 652 920 300 682 277 781 491 121 192 339 74 0 861 959 686 129 531 306 248 850 649 502 208 267 387 87 705 154 917 164 699 528 211 649 439 
10
801 117 142 579 204 998 89 87 957 691 
50
6 21
16 3
45 5
23 37
1 42
44 12
49 42
37 12
31 32
27 35
15 29
20 10
29 49
6 1
27 36
18 10
23 5
33 15
1 43
27 49
34 45
35 0
14 8
32 34
11 45
37 35
12 47
32 15
25 10
14 49
48 9
47 21
37 20
35 16
48 33
32 9
9 35
40 37
37 45
16 25
34 49
3 8
39 36
47 34
37 36
11 41
13 42
49 9
13 20
18 6
