50
630 228 471 124 201 821 130 894 513 267 280 800 748 103 354 129 743 881 571 824 33 266 455 927 33 304 660 164 206 269 151 663 444 884 396 320 612 395 176 182 374 889 301 482 106 452 794 944 615 921 
10
295 85 161 468 191 414 438 400 974 406 
50
5 12
38 10
3 2
45 46
49 44
3 34
32 26
30 4
28 23
47 34
15 14
36 45
34 22
12 24
23 30
39 45
34 24
24 33
0 15
12 2
19 31
37 7
7 9
3 22
13 48
47 8
11 35
26 8
25 15
5 27
31 28
29 39
33 40
37 26
32 27
48 31
42 22
26 13
37 2
23 9
21 8
27 22
35 32
49 3
8 23
22 48
0 4
38 16
36 26
17 4
