50
736 351 227 272 273 74 291 614 112 289 703 490 880 426 684 375 406 388 907 589 849 275 893 945 784 187 874 3 884 0 290 899 458 973 122 240 863 753 27 659 416 129 875 609 898 205 599 516 136 569 
10
919 405 72 105 262 461 258 977 51 81 
50
1 16
30 7
34 33
45 49
25 15
33 37
44 49
32 1
30 49
2 47
19 29
49 23
39 4
46 49
26 40
32 46
9 8
19 44
0 41
5 33
1 0
19 43
0 14
40 18
26 15
5 12
42 45
24 4
8 42
20 38
39 2
30 2
17 1
10 37
25 38
8 39
9 43
28 31
18 31
45 24
17 22
29 4
9 48
4 8
14 3
28 20
26 20
45 33
8 1
28 4
