50
406 86 928 563 257 384 430 30 173 561 300 2 938 615 677 530 383 154 551 639 112 746 559 17 263 213 169 12 493 917 804 776 294 349 635 131 168 116 247 423 835 224 868 503 496 534 180 22 851 677 
10
268 356 964 777 498 78 178 340 185 862 
50
43 17
14 4
36 34
16 45
34 49
17 19
27 2
40 35
10 22
46 14
38 11
30 0
17 35
22 39
23 31
14 16
3 18
44 9
27 12
26 49
5 25
11 16
33 31
0 18
12 4
26 8
21 0
7 42
36 16
8 31
9 47
21 17
46 45
2 43
32 15
20 25
38 42
9 26
5 46
49 45
31 38
8 3
37 23
43 36
32 37
7 23
27 26
24 21
24 27
15 14
