50
591 95 173 976 738 942 816 260 882 917 667 221 477 807 595 246 278 282 93 960 455 938 478 427 111 546 67 681 753 105 885 892 313 198 23 129 158 472 297 822 215 848 764 80 833 475 747 38 867 296 
10
402 980 425 315 769 679 787 625 971 422 
50
39 18
41 9
33 36
19 30
34 5
18 34
47 12
34 31
12 27
29 20
19 15
43 14
24 46
42 15
35 28
8 33
18 0
37 32
9 14
12 13
23 49
15 31
12 0
32 39
43 10
27 1
34 35
24 49
7 6
8 12
1 40
3 22
33 22
26 24
26 18
6 31
6 29
3 17
24 20
30 1
48 37
28 22
11 43
24 32
29 0
30 13
14 18
3 38
20 46
25 14
