50
64 234 304 424 661 321 68 542 68 640 728 394 528 307 503 304 640 253 803 172 324 248 541 618 875 24 421 2 210 101 576 801 346 271 671 93 175 492 603 82 595 440 821 181 899 740 31 649 425 608 
10
480 562 403 528 408 765 531 317 928 856 
50
18 46
0 36
48 16
15 20
18 39
18 25
3 33
1 22
40 39
25 2
20 41
30 43
0 8
49 1
14 21
0 35
19 37
20 27
49 19
3 47
41 26
16 15
3 35
23 43
21 15
32 27
28 9
7 13
34 40
14 20
28 15
17 10
30 16
42 8
15 11
28 14
7 6
45 14
25 0
12 0
45 41
1 47
30 29
28 46
26 8
4 10
43 42
18 20
37 3
1 4
