50
761 125 856 84 638 731 233 803 590 53 17 607 935 862 669 538 373 582 380 879 627 444 418 45 350 166 395 681 241 843 187 453 547 717 927 389 662 486 615 663 535 789 84 424 767 876 534 908 464 165 
10
775 354 841 629 975 463 208 200 864 85 
50
47 6
33 36
0 6
46 21
26 20
7 18
7 38
37 34
33 10
47 16
38 14
41 30
42 2
29 1
20 33
27 29
21 23
21 14
32 1
35 23
43 33
2 40
33 34
14 32
22 46
32 33
42 30
9 18
13 29
18 23
31 38
22 33
46 27
10 24
46 13
45 34
26 18
40 41
26 29
15 5
11 34
40 25
46 39
42 39
26 48
12 45
20 11
20 4
18 48
12 36
