50
554 592 897 293 208 4 46 828 169 182 484 34 415 667 365 647 927 964 789 805 804 434 392 300 908 90 986 419 945 69 218 541 332 698 826 947 731 886 786 492 10 498 416 136 601 752 307 22 471 607 
10
170 14 928 998 799 642 220 127 702 475 
50
7 13
28 5
20 6
27 25
30 35
21 14
42 36
39 32
49 11
12 21
39 48
25 2
11 0
8 14
26 12
33 21
6 12
5 49
7 39
32 37
36 21
3 34
27 26
24 21
47 15
47 44
4 45
3 30
21 46
45 35
22 5
39 23
28 45
12 33
42 41
45 36
40 12
18 48
14 7
19 1
25 29
34 1
4 14
30 25
49 41
24 30
4 25
13 27
33 26
26 42
