50
879 580 863 632 940 677 32 255 850 139 67 886 912 106 281 649 285 174 937 860 194 594 222 229 55 323 418 910 386 602 954 756 584 236 314 492 124 896 116 638 520 287 499 858 49 845 504 480 532 323 
10
969 362 298 212 241 762 943 371 149 506 
50
41 10
18 36
29 28
45 29
32 17
33 44
34 27
31 34
15 7
31 13
43 9
47 46
37 12
36 28
36 21
26 25
0 29
35 23
2 22
31 39
21 35
25 40
1 22
25 11
3 0
49 17
13 11
14 32
38 24
2 35
37 16
3 23
14 45
39 6
49 40
19 1
21 9
14 7
6 2
43 12
16 41
7 38
41 20
42 39
4 26
42 19
5 11
40 29
49 46
15 26
