50
744 814 674 374 940 112 305 869 643 795 246 496 502 481 243 138 524 639 273 705 715 486 648 698 378 592 92 409 932 171 17 736 9 403 378 24 738 919 823 753 292 114 325 797 766 364 1 343 257 238 
10
670 55 72 756 967 390 990 233 622 640 
50
40 24
3 23
40 0
42 44
26 11
4 12
23 44
31 11
36 39
13 47
33 8
35 9
11 5
43 38
10 11
49 28
12 34
9 6
25 39
23 12
49 22
18 4
35 20
24 13
15 38
0 6
19 25
20 4
13 1
13 40
0 35
36 17
14 29
14 23
44 16
6 4
16 9
14 48
25 13
9 5
17 8
44 4
37 7
44 26
13 29
17 44
11 27
18 46
11 19
24 0
