50
444 951 228 374 165 209 277 603 13 368 176 337 503 818 425 372 171 733 705 337 541 110 181 578 885 810 234 307 363 416 753 121 921 88 338 733 744 638 354 28 615 429 809 9 847 479 442 195 697 450 
10
40 365 597 676 692 83 686 951 232 968 
50
35 39
15 38
48 15
25 12
19 10
27 12
3 25
43 37
45 8
11 47
8 6
25 45
18 39
10 34
19 14
11 6
38 6
13 0
8 13
26 3
29 6
19 41
45 10
39 11
37 38
13 18
28 25
19 35
9 41
44 28
22 9
20 39
0 11
22 27
46 19
24 6
21 35
30 26
0 46
29 1
19 37
34 14
46 17
41 22
47 44
14 0
8 14
24 3
23 8
7 3
