50
153 729 795 741 987 451 953 756 718 194 691 752 60 875 46 921 380 77 609 926 412 943 953 750 357 525 473 390 348 483 858 228 434 268 109 163 746 437 752 729 203 21 873 351 613 215 118 538 634 731 
10
366 16 220 915 992 939 300 10 572 455 
50
32 18
23 24
29 12
47 45
18 41
17 1
10 30
25 45
34 29
5 8
14 36
43 16
48 25
10 47
28 46
12 35
42 36
12 23
19 32
4 35
17 22
4 28
28 5
25 27
10 4
39 12
13 47
34 45
1 27
23 35
33 7
13 35
14 31
11 7
33 43
42 10
5 4
15 6
42 34
24 14
1 11
24 2
48 8
22 30
16 41
7 46
15 32
33 14
22 5
29 22
