50
115 103 258 441 562 801 703 539 170 650 95 484 247 300 342 508 326 94 438 112 413 797 196 734 304 845 459 77 457 330 377 146 520 267 818 34 2 729 467 299 374 723 130 840 77 350 260 133 601 238 
10
943 719 773 936 381 97 512 492 626 204 
50
28 2
37 5
11 30
47 36
19 30
12 28
8 42
5 3
1 22
32 35
18 12
13 46
40 36
29 9
39 1
30 18
28 30
10 32
23 4
32 12
44 33
28 18
15 21
0 48
14 1
6 22
41 10
42 49
0 7
3 34
25 32
29 17
47 0
15 12
16 13
26 38
38 48
23 25
6 27
25 24
46 26
23 42
45 41
17 45
36 46
1 43
17 37
48 23
17 12
7 43
