50
587 867 237 897 457 933 510 751 349 100 209 955 944 708 743 48 66 175 909 317 965 696 100 429 386 128 118 774 405 257 982 792 201 965 768 140 644 268 122 559 788 845 196 732 253 555 189 27 247 60 
10
93 984 203 609 467 167 244 243 608 598 
50
39 24
4 1
36 10
35 21
48 18
49 24
32 22
29 42
29 33
30 10
21 24
3 20
9 26
3 42
13 31
9 20
0 2
26 49
45 28
5 9
3 15
8 2
37 40
42 16
27 15
32 5
19 37
22 44
33 13
48 9
11 40
38 37
45 8
17 35
33 8
7 18
33 28
17 49
1 47
12 40
44 31
31 5
29 39
28 21
3 48
1 12
13 0
2 45
26 36
37 21
