50
860 539 327 581 753 921 918 486 529 201 432 445 972 113 939 642 684 314 99 790 265 584 284 678 106 3 32 124 163 261 252 97 183 178 269 402 619 869 876 556 917 145 630 671 604 525 691 900 59 191 
10
518 995 395 733 842 246 75 746 601 502 
50
43 11
37 1
40 3
8 40
21 29
43 10
6 10
36 39
16 25
35 45
3 11
47 9
0 16
16 31
26 46
45 2
24 21
34 23
26 4
39 45
6 4
15 21
1 32
39 23
35 30
21 22
31 49
16 6
45 18
17 45
6 34
35 40
44 11
31 22
38 29
34 47
1 42
9 5
1 13
2 40
27 34
30 16
27 7
37 18
37 25
9 28
40 25
7 0
7 17
23 44
