50
226 585 83 716 798 101 798 528 687 893 220 561 735 692 206 681 24 726 341 96 774 574 459 671 102 493 538 280 461 912 564 987 185 656 219 559 0 858 743 399 815 480 848 739 586 577 776 367 219 668 
10
106 586 859 466 993 320 647 991 357 855 
50
6 2
28 26
38 11
23 0
38 27
23 33
1 8
49 3
10 41
40 44
9 17
40 37
1 26
36 19
42 11
33 17
22 17
33 3
46 27
39 36
47 44
42 25
34 12
44 12
25 29
32 8
2 7
2 42
42 26
23 38
45 1
37 28
43 38
21 48
16 22
41 13
47 35
28 16
21 24
13 36
35 19
40 34
7 11
1 22
33 27
22 31
20 1
33 43
24 43
13 26
