50
963 915 33 176 114 563 198 251 80 617 336 634 432 375 143 627 393 626 428 302 241 964 47 260 549 265 386 405 501 236 679 237 676 356 217 188 217 413 303 331 749 835 277 974 351 314 285 531 747 151 
10
661 658 835 471 724 452 228 713 666 996 
50
22 14
29 42
2 14
4 22
38 46
13 14
19 10
38 24
20 34
32 2
33 37
0 20
49 32
25 13
43 42
40 7
39 22
4 29
38 9
37 49
22 33
25 14
29 12
6 42
35 18
33 35
1 25
48 7
35 47
35 31
3 32
23 24
18 25
36 30
40 49
13 38
41 3
19 36
48 46
39 2
47 41
43 3
46 0
37 30
12 41
26 5
21 24
17 19
16 24
32 35
