50
882 9 129 344 755 710 33 519 658 475 393 332 239 423 431 266 769 184 123 941 802 107 495 495 424 441 711 246 706 551 529 531 351 601 998 258 585 134 321 810 285 630 625 656 423 611 394 123 348 243 
10
900 743 553 515 824 459 524 331 278 999 
50
41 23
42 22
21 42
27 26
42 25
44 27
4 40
23 34
44 36
24 28
23 37
35 30
34 36
32 27
42 40
11 14
43 6
15 7
21 44
33 35
3 20
37 6
41 15
49 18
14 5
17 48
21 37
1 24
30 37
44 45
25 49
34 31
27 2
43 14
10 11
48 36
14 12
34 43
1 14
38 31
15 44
22 6
37 8
5 18
14 23
49 31
5 40
40 36
9 17
13 37
