50
255 180 209 945 478 836 55 979 377 571 273 831 312 365 377 226 969 371 116 189 939 899 369 525 653 138 57 671 148 704 728 528 624 334 758 275 28 420 764 718 607 932 909 241 349 446 973 819 156 238 
10
441 41 980 415 399 77 282 884 490 604 
50
37 43
17 22
31 30
2 21
8 18
13 37
13 32
22 29
8 47
16 3
43 22
40 34
31 36
30 6
2 49
39 1
15 31
42 49
0 35
3 20
0 30
24 42
21 4
17 34
14 12
25 5
22 23
44 15
37 39
11 23
4 14
22 5
13 3
7 9
40 36
15 39
7 16
37 46
5 30
43 2
27 22
35 5
14 25
40 19
34 20
4 34
20 43
38 37
21 27
1 32
