50
352 501 677 810 219 240 858 207 57 265 373 630 975 241 252 159 623 480 331 654 110 118 718 589 388 299 360 359 139 436 220 601 388 132 766 736 916 873 139 368 380 783 600 242 679 656 957 886 895 418 
10
219 982 55 386 491 716 834 827 700 827 
50
10 6
48 2
46 19
38 41
42 3
3 27
28 33
48 25
1 26
16 37
34 38
5 10
38 12
28 21
36 10
17 9
48 11
20 43
35 32
5 21
46 18
38 4
33 22
18 34
37 33
25 10
26 2
4 46
40 21
26 46
24 41
12 6
34 13
34 19
1 37
35 37
47 27
45 49
44 13
35 49
39 46
28 47
11 37
30 20
35 9
30 29
20 4
26 30
4 22
42 9
