50
7 35 207 143 762 134 385 262 664 269 904 983 990 948 515 80 97 133 356 458 538 905 361 653 719 2 86 179 368 75 191 56 752 109 405 556 472 475 67 307 254 50 25 595 612 972 346 95 274 811 
10
224 560 575 515 997 646 261 856 557 120 
50
10 20
42 2
22 14
14 19
10 8
42 17
33 49
1 28
13 24
46 38
1 21
7 28
36 43
12 6
41 5
14 29
23 42
18 34
46 0
17 21
36 1
30 19
37 39
26 9
46 41
48 10
5 20
19 3
36 11
40 41
31 12
30 44
29 35
15 20
2 28
6 4
28 14
46 44
26 46
25 43
5 49
43 3
6 37
47 36
6 39
47 31
2 15
21 12
37 27
20 44
