50
557 94 646 251 173 712 81 270 332 129 666 231 193 342 56 637 345 59 309 578 907 103 32 73 962 349 531 54 939 557 955 116 465 301 18 754 896 632 245 956 460 925 408 89 464 227 764 837 499 308 
10
500 896 457 865 587 762 10 846 79 985 
50
34 8
25 1
18 46
29 10
32 24
0 13
24 18
12 49
0 6
14 26
48 47
4 43
22 40
15 24
4 9
36 42
49 25
35 33
46 34
8 30
23 19
29 39
25 6
25 40
0 7
10 3
25 24
32 0
2 11
28 34
2 16
10 20
49 9
39 23
11 8
29 6
16 7
19 43
30 10
44 17
4 23
2 1
2 36
45 27
27 33
5 17
15 0
45 39
40 6
14 45
