50
404 834 655 533 283 159 666 828 656 610 812 307 71 196 266 356 764 841 230 314 578 230 287 752 274 975 766 513 642 961 885 288 337 608 949 236 294 232 512 704 472 65 396 848 66 957 862 126 369 643 
10
924 978 920 65 93 675 158 731 872 989 
50
31 11
49 31
2 10
42 31
42 43
21 23
23 44
31 19
27 11
20 3
28 44
48 3
45 27
37 42
21 14
45 31
23 41
39 21
35 3
10 45
37 16
30 19
11 2
32 22
7 19
7 14
40 27
2 7
48 4
1 18
49 25
11 10
4 22
20 45
39 30
42 46
22 41
19 35
0 6
2 32
32 10
12 6
49 10
25 15
49 45
35 5
47 28
49 30
28 13
14 10
