50
212 547 843 964 976 412 387 707 540 616 726 613 104 463 462 711 421 281 833 699 26 182 740 770 752 107 978 655 888 670 176 294 16 689 194 776 641 13 870 557 431 17 943 532 159 319 15 123 107 52 
10
184 548 229 985 238 648 619 830 121 868 
50
30 40
26 1
25 41
46 47
34 13
0 16
19 16
42 10
44 46
24 12
45 40
6 10
22 13
40 20
28 33
49 43
6 46
28 3
7 47
17 34
10 7
2 30
12 26
1 28
35 30
40 10
26 19
42 9
37 41
39 42
0 1
17 3
48 3
18 14
23 46
47 35
1 39
15 22
44 34
11 36
46 17
15 32
47 23
12 8
16 23
39 32
39 41
30 34
39 14
10 24
