50
907 798 568 744 696 893 990 420 166 828 451 703 189 563 953 126 302 300 362 994 44 247 547 876 448 369 760 489 781 286 121 203 198 17 803 701 285 620 122 249 878 852 970 586 79 441 856 382 114 469 
10
58 889 186 248 291 859 65 905 273 999 
50
3 7
12 19
45 40
27 31
9 11
36 45
35 24
23 27
24 23
47 30
9 28
22 19
46 21
12 49
1 29
8 23
26 38
47 19
0 44
7 41
31 37
44 12
9 40
23 18
4 12
45 14
16 26
15 0
40 4
27 26
21 24
0 33
45 29
45 6
13 49
25 27
17 38
1 15
1 25
26 49
18 10
36 2
3 4
20 48
21 41
47 36
34 40
37 3
40 13
8 32
