50
727 301 434 812 39 78 703 850 179 663 371 346 742 840 851 631 179 125 726 539 854 485 840 167 363 110 723 909 662 55 792 435 439 28 828 232 182 196 35 319 902 155 28 789 36 97 710 233 921 308 
10
714 988 877 942 854 774 854 617 99 858 
50
37 9
11 29
47 30
6 17
5 30
4 45
20 10
49 18
49 32
24 7
49 27
11 20
37 17
18 33
25 48
3 11
16 24
0 46
28 39
41 30
13 45
24 33
38 44
49 5
7 8
9 8
30 35
25 29
3 47
23 26
5 8
1 43
13 43
1 7
29 4
3 6
28 38
6 26
38 25
17 25
18 43
2 38
9 28
25 19
32 41
10 41
47 10
35 27
14 35
21 45
