50
149 886 162 947 958 304 973 177 548 679 654 441 299 890 181 205 184 206 757 368 486 591 360 438 305 4 372 115 483 414 889 406 135 43 180 657 197 182 106 956 935 919 383 86 890 513 403 922 16 759 
10
698 369 982 881 896 110 422 493 220 686 
50
26 17
46 38
0 39
22 5
39 22
25 18
5 43
2 45
4 44
21 10
14 10
19 46
38 14
35 45
11 26
44 20
37 5
31 20
26 36
34 8
40 21
38 18
3 31
7 19
12 6
4 45
27 3
19 49
21 6
38 1
15 33
42 15
31 26
35 24
48 4
1 3
32 43
40 44
0 46
4 19
2 48
44 6
15 2
43 49
5 39
15 47
33 4
0 17
32 15
27 29
