50
567 273 488 697 629 564 31 494 358 834 523 385 665 374 22 596 461 538 291 622 804 85 416 231 874 612 271 276 886 250 828 509 467 604 849 869 291 738 190 192 273 806 628 776 593 683 901 799 770 253 
10
677 533 670 403 110 78 950 20 923 350 
50
4 15
40 46
47 14
13 23
49 25
5 37
22 9
26 23
42 44
6 5
1 38
30 9
6 17
30 24
6 36
33 18
25 40
5 28
39 47
23 16
13 25
21 3
19 6
13 35
1 20
8 34
21 10
46 26
35 30
20 18
29 1
34 11
1 34
31 16
22 32
20 8
12 3
48 37
30 26
2 45
45 11
49 24
29 11
15 0
36 4
8 45
28 46
20 36
49 39
18 32
