50
783 739 896 673 528 279 24 184 61 756 978 240 302 933 278 747 939 107 109 31 876 283 283 426 373 748 560 794 826 10 63 864 581 236 836 755 430 685 920 400 880 873 731 33 888 967 712 849 104 137 
10
595 537 165 990 957 611 636 367 761 977 
50
18 33
29 21
2 25
0 17
15 17
6 38
17 26
16 13
33 5
10 27
6 28
1 24
11 27
3 1
48 43
20 7
16 35
3 15
36 41
42 4
42 9
34 15
19 22
10 22
9 16
11 35
6 21
41 9
42 34
24 2
20 29
2 46
38 16
46 41
39 17
12 9
10 17
1 18
22 37
33 14
21 36
48 1
36 19
26 29
48 46
30 24
29 24
17 30
37 4
15 36
