50
87 320 133 512 787 853 873 18 310 85 747 510 932 627 980 5 400 167 857 819 889 299 548 195 675 712 2 652 269 813 929 713 348 784 888 461 567 379 527 799 537 596 918 674 78 199 332 677 391 512 
10
714 642 532 123 578 286 662 452 981 705 
50
11 21
8 9
47 49
10 12
9 11
39 20
12 28
23 42
9 7
26 4
18 36
28 21
32 17
36 46
37 14
5 46
41 7
30 43
29 32
22 7
36 5
38 3
48 0
8 45
17 38
21 2
25 33
30 23
14 28
1 9
2 42
4 38
26 34
12 17
2 49
17 21
34 5
27 37
21 43
35 7
13 5
38 36
46 28
47 13
31 4
0 5
45 17
12 25
21 4
49 36
