50
945 319 388 503 143 327 91 247 105 219 598 991 933 498 516 22 455 693 798 594 754 732 618 315 802 294 739 188 423 839 176 917 352 769 616 100 872 61 210 217 10 250 479 985 531 340 986 229 5 509 
10
674 908 418 482 733 197 993 567 429 424 
50
46 41
44 34
2 36
4 35
48 23
11 49
28 22
1 25
33 10
27 30
13 25
41 30
41 15
30 38
15 10
15 48
46 21
42 35
43 14
48 16
26 15
47 5
8 17
3 48
3 12
38 18
20 40
31 28
14 27
23 32
29 24
10 11
29 3
36 31
38 41
31 13
15 22
36 6
40 5
40 31
36 20
17 46
44 4
40 11
44 37
11 20
5 42
37 35
4 33
8 21
