50
668 451 617 943 397 835 565 355 682 795 891 861 746 456 487 288 227 750 972 696 73 733 203 467 54 114 44 551 448 188 316 898 901 323 243 319 713 843 140 898 468 687 129 75 574 925 816 845 885 502 
10
739 651 702 3 731 852 166 638 987 300 
50
31 29
2 20
20 33
40 12
6 40
46 17
34 28
8 26
29 27
12 7
15 39
48 39
35 9
28 33
30 40
29 43
31 20
15 31
0 39
37 35
13 12
36 2
33 34
43 2
46 21
39 37
1 34
17 38
19 42
31 38
15 21
8 0
28 4
5 9
9 38
36 8
44 38
7 16
39 46
13 45
38 0
43 32
2 9
39 40
0 31
46 30
38 13
2 21
6 49
28 45
