50
793 292 26 176 853 971 103 956 438 803 218 980 334 118 673 32 798 884 611 224 788 259 949 478 770 214 58 344 178 324 403 656 223 281 907 482 85 57 852 525 692 284 636 455 597 125 285 269 510 605 
10
337 400 818 551 984 35 363 926 548 310 
50
42 20
28 7
29 23
32 39
28 46
5 28
30 13
48 31
0 12
16 47
36 9
32 1
16 1
2 21
37 14
13 11
36 19
32 19
47 40
15 5
19 2
35 29
40 8
46 5
31 3
33 31
3 24
18 7
26 19
35 31
25 2
30 46
25 9
1 27
24 31
38 3
20 12
17 15
4 38
40 24
7 49
13 12
11 35
16 14
29 10
17 3
14 13
4 18
7 44
7 5
