50
276 669 830 629 414 936 108 958 619 257 318 394 623 109 569 708 429 558 496 800 250 640 221 898 300 276 586 127 142 541 293 84 107 92 309 166 847 226 623 689 589 665 233 837 361 191 359 484 761 920 
10
236 62 667 684 511 710 713 202 970 408 
50
44 28
18 2
2 28
21 35
5 25
19 45
38 26
36 49
34 29
32 27
40 20
27 48
33 25
45 31
11 38
6 10
27 11
11 44
18 34
9 5
0 19
38 2
24 40
43 7
39 30
13 17
21 13
23 0
10 15
8 41
24 6
30 48
1 37
10 12
18 5
28 27
11 36
31 2
36 29
46 25
32 1
1 23
45 7
0 10
26 29
12 29
7 15
43 47
45 10
18 16
