50
614 853 937 641 307 12 610 387 947 673 969 86 769 598 726 796 662 236 583 736 88 454 338 953 475 394 429 436 335 957 648 531 596 524 576 605 952 596 112 808 961 244 745 894 521 651 909 315 525 49 
10
943 805 958 626 801 990 807 727 518 935 
50
49 13
23 27
33 19
26 49
46 22
7 1
38 4
28 2
25 32
30 11
43 9
21 39
0 34
14 4
11 24
42 27
43 32
35 24
0 43
22 33
19 10
45 47
45 33
2 4
11 17
42 23
32 13
46 41
6 14
33 36
19 42
38 30
5 31
44 24
19 49
6 20
49 37
3 33
6 40
4 15
23 19
7 27
0 15
45 38
32 34
14 1
16 25
24 15
22 32
49 1
