50
342 97 241 928 464 272 178 657 537 117 327 187 854 343 888 946 284 492 208 670 195 764 342 985 803 594 198 529 251 28 357 432 447 64 929 135 344 851 531 83 900 130 612 232 536 710 961 11 548 816 
10
725 518 997 7 526 49 236 166 532 710 
50
36 6
2 16
48 16
8 1
11 8
5 9
40 45
37 48
34 26
0 48
34 40
8 23
22 21
20 10
25 48
26 31
41 13
39 17
38 10
16 6
31 5
42 8
18 14
42 23
15 4
44 8
9 16
35 24
37 19
26 48
23 21
32 37
36 19
20 39
39 32
3 40
35 38
40 38
33 35
42 6
9 7
48 46
37 41
33 21
22 7
36 44
28 42
0 35
7 5
28 1
