50
366 735 637 242 275 780 157 807 264 663 617 386 585 480 653 322 143 157 232 607 609 722 495 266 956 447 768 805 652 953 501 755 830 128 370 476 754 793 464 474 785 404 217 969 519 171 901 347 1 546 
10
45 557 105 592 918 996 495 726 279 391 
50
41 43
25 4
29 46
41 39
18 33
25 40
5 38
27 14
0 37
32 16
22 26
18 39
7 1
47 41
10 27
45 11
48 40
46 42
37 24
46 43
36 45
11 48
26 47
35 30
8 2
26 42
34 43
37 4
40 3
9 28
33 46
35 7
7 21
21 8
40 26
10 15
25 32
27 40
46 11
42 18
32 48
26 36
4 27
26 37
9 14
9 22
40 4
33 14
21 49
31 28
