50
687 683 107 744 647 300 967 840 365 388 322 251 847 369 962 648 408 851 458 454 459 549 955 966 483 831 477 903 59 795 191 202 64 503 52 418 842 852 848 971 134 454 849 915 348 458 778 321 545 477 
10
626 594 293 975 655 648 105 776 778 508 
50
31 46
3 20
27 21
9 24
40 27
6 27
49 33
24 3
23 13
32 43
9 13
10 40
49 42
13 5
4 21
47 21
42 29
48 2
27 37
39 30
26 43
8 0
42 5
8 28
47 16
7 1
23 36
0 7
38 41
40 0
41 31
20 22
2 43
12 29
34 40
42 31
31 44
49 1
15 39
3 16
4 47
36 38
11 46
4 6
15 7
21 1
10 23
19 29
42 26
10 14
