50
248 488 663 317 871 854 521 828 128 486 439 770 637 692 87 552 975 529 515 856 944 464 397 40 590 745 842 875 25 610 220 255 619 839 957 156 68 1 304 895 669 701 612 580 539 963 205 884 218 819 
10
209 357 346 574 204 620 806 990 794 108 
50
30 46
17 4
29 32
8 14
7 5
8 5
1 19
49 32
44 11
35 2
43 18
38 49
17 10
48 1
13 16
8 4
12 41
37 40
49 4
46 45
24 41
41 23
7 16
39 29
35 3
21 34
19 34
28 23
36 16
45 41
21 8
45 2
26 1
22 31
0 15
29 18
32 2
37 29
11 38
6 40
43 38
15 40
48 5
31 3
38 4
39 15
28 32
23 24
4 19
8 10
