50
528 120 63 491 789 503 730 695 551 956 496 683 17 94 247 713 457 57 198 714 646 398 163 981 168 391 43 390 837 838 63 178 962 196 29 577 976 431 954 788 937 891 216 637 225 635 876 588 773 589 
10
982 838 596 141 192 144 44 843 748 732 
50
0 34
38 19
40 42
2 49
44 27
44 45
21 6
23 40
48 17
23 3
32 9
7 42
8 22
34 5
19 29
31 25
48 22
9 1
42 16
3 28
9 17
1 42
9 40
31 28
25 7
32 15
37 10
19 42
25 38
13 26
35 13
10 42
41 40
10 25
8 34
46 18
36 44
37 26
35 32
27 48
0 23
46 17
35 8
11 29
48 32
31 35
24 16
5 9
37 22
49 48
